n2	dsig
5	1.45844507220241
10	0.939560899481302
15	0.747972532343959
20	0.640169643991407
25	0.568693388642186
30	0.516841231993781
35	0.477008311176576
40	0.445166937866914
45	0.418957489588976
50	0.396893490901696
55	0.377985652345708
60	0.361546593642764
65	0.347081827283863
70	0.334225300286886
75	0.322699451905998
80	0.312289476915654
85	0.302826184621576
90	0.29417425415294
95	0.286223986560141
100	0.27888538623929
105	0.272083832067735
110	0.265756857035164
115	0.259851715778905
120	0.254323521873523
125	0.249133803578933
130	0.244249371294224
135	0.239641420204689
140	0.23528481249374
145	0.231157498141327
150	0.227240043755883
155	0.223515246404534
160	0.219967814894065
165	0.216584105006719
170	0.213351898217844
175	0.210260215700192
180	0.207299161151755
185	0.204459787312606
190	0.201733982063454
195	0.199114370799048
200	0.196594232397627
205	0.194167426603825
210	0.191828331037026
215	0.18957178635272
220	0.187393048338406
225	0.185287745930922
230	0.183251844309186
235	0.181281612352747
240	0.179373593868652
245	0.177524582081532
250	0.175731596958346
255	0.17399186500289
260	0.172302801208318
265	0.170661992900473
270	0.169067185242269
275	0.167516268201019
280	0.166007264807342
285	0.164538320557062
290	0.163107693826874
295	0.161713747191134
300	0.160354939541328
305	0.159029818921967
310	0.157737016007192
315	0.156475238151451
320	0.155243263955487
325	0.154039938295687
330	0.152864167770832
335	0.151714916525428
340	0.150591202413366
345	0.149492093469613
350	0.148416704661113
355	0.147364194891181
360	0.146333764234316
365	0.145324651380791
370	0.144336131272465
375	0.143367512913132
380	0.142418137338377
385	0.141487375731397
390	0.140574627672525
395	0.139679319511412
400	0.13880090285181
405	0.137938853139895
410	0.137092668347836
415	0.136261867745141
420	0.135445990750926
425	0.134644595860882
430	0.133857259643277
435	0.133083575798783
440	0.132323154279414
445	0.1315756204622
450	0.130840614373655
455	0.13011778996137
460	0.129406814409388
465	0.128707367494288
470	0.128019140979147
475	0.127341838042766
480	0.126675172741778
485	0.126018869503407
490	0.125372662646833
495	0.124736295931298
500	0.124109522129176
505	0.123492102622415
510	0.122883807020842
515	0.122284412800951
520	0.121693704963887
525	0.121111475711424
530	0.120537524138842
535	0.119971655943662
540	0.119413683149278
545	0.118863423842608
550	0.118320701924909
555	0.117785346875009
560	0.117257193524204
565	0.116736081842171
570	0.116221856733247
575	0.115714367842499
580	0.115213469371025
585	0.114719019899977
590	0.114230882222817
595	0.113748923185363
600	0.113273013533197
605	0.112803027766031
610	0.112338843998671
615	0.111880343828225
620	0.111427412207218
625	0.110979937322317
630	0.110537810478371
635	0.110100925987488
640	0.109669181062904
645	0.109242475717386
650	0.108820712665957
655	0.108403797232719
660	0.107991637261567
665	0.10758414303062
670	0.107181227170164
675	0.106782804583966
680	0.106388792373766
685	0.105999109766822
690	0.10561367804635
695	0.105232420484726
700	0.104855262279321
705	0.104482130490846
710	0.104112953984103
715	0.103747663371007
720	0.103386190955804
725	0.103028470682372
730	0.102674438083511
735	0.102324030232136
740	0.101977185694294
745	0.101633844483919
750	0.101293948019252
755	0.100957439080851
760	0.10062426177113
765	0.100294361475351
770	0.0999676848240225
775	0.0996441796566257
780	0.0993237949866335
785	0.0990064809677525
790	0.0986921888613464
795	0.0983808710049896
800	0.098072480782104
805	0.0977669725926382
810	0.097464301824743
815	0.0971644248274075
820	0.0968672988840142
825	0.0965728821867793
830	0.0962811338120417
835	0.0959920136963687
840	0.095705482613446
845	0.0954215021517218
850	0.0951400346927773
855	0.0948610433903934
860	0.0945844921502902
865	0.0943103456105112
870	0.0940385691224303
875	0.0937691287323569
880	0.0935019911637173
885	0.0932371237997921
890	0.0929744946669876
895	0.0927140724186232
900	0.0924558263192152
905	0.0921997262292398
910	0.0919457425903578
915	0.0916938464110843
920	0.0914440092528876
925	0.0911962032167039
930	0.09095040092985
935	0.0907065755333231
940	0.0904647006694729
945	0.0902247504700332
950	0.089986699544501
955	0.0897505229688512
960	0.089516196274575
965	0.089283695438032
970	0.0890529968701047
975	0.0888240774061455
980	0.0885969142962066
985	0.0883714851955431
990	0.0881477681553814
995	0.087925741613942
1000	0.087705384387711
1005	0.0874866756629505
1010	0.087269594987441
1015	0.0870541222624472
1020	0.0868402377349026
1025	0.0866279219898025
1030	0.0864171559428017
1035	0.0862079208330092
1040	0.0860001982159732
1045	0.0857939699568523
1050	0.085589218223765
1055	0.0853859254813132
1060	0.0851840744842744
1065	0.084983648271457
1070	0.0847846301597137
1075	0.0845870037381087
1080	0.0843907528622334
1085	0.084195861648667
1090	0.0840023144695767
1095	0.0838100959474542
1100	0.0836191909499837
1105	0.0834295845850381
1110	0.0832412621957997
1115	0.0830542093560009
1120	0.0828684118652827
1125	0.0826838557446663
1130	0.0825005272321357
1135	0.0823184127783271
1140	0.0821374990423227
1145	0.081957772887546
1150	0.0817792213777547
1155	0.0816018317731303
1160	0.0814255915264596
1165	0.0812504882794071
1170	0.0810765098588752
1175	0.0809036442734492
1180	0.0807318797099264
1185	0.0805612045299244
1190	0.0803916072665697
1195	0.080223076621261
1200	0.0800556014605082
1205	0.0798891708128424
1210	0.0797237738657978
1215	0.0795593999629604
1220	0.0793960386010847
1225	0.0792336794272743
1230	0.0790723122362266
1235	0.0789119269675377
1240	0.0787525137030689
1245	0.0785940626643697
1250	0.0784365642101588
1255	0.0782800088338599
1260	0.0781243871611919
1265	0.0779696899478108
1270	0.0778159080770031
1275	0.0776630325574297
1280	0.0775110545209174
1285	0.0773599652202978
1290	0.0772097560272936
1295	0.0770604184304482
1300	0.0769119440331001
1305	0.0767643245514005
1310	0.076617551812371
1315	0.076471617752004
1320	0.0763265144134011
1325	0.0761822339449511
1330	0.0760387685985458
1335	0.0758961107278317
1340	0.0757542527864988
1345	0.0756131873266038
1350	0.0754729069969273
1355	0.0753334045413655
1360	0.0751946727973531
1365	0.0750567046943187
1370	0.0749194932521716
1375	0.0747830315798183
1380	0.0746473128737088
1385	0.074512330416412
1390	0.0743780775752191
1395	0.0742445478007748
1400	0.0741117346257354
1405	0.0739796316634529
1410	0.0738482326066849
1415	0.0737175312263306
1420	0.0735875213701893
1425	0.0734581969617451
1430	0.0733295519989733
1435	0.073201580553171
1440	0.0730742767678088
1445	0.0729476348574056
1450	0.0728216491064242
1455	0.0726963138681875
1460	0.0725716235638158
1465	0.0724475726811839
1470	0.0723241557738973
1475	0.0722013674602879
1480	0.0720792024224286
1485	0.0719576554051657
1490	0.0718367212151695
1495	0.0717163947200022
1500	0.071596670847203
1505	0.0714775445833903
1510	0.0713590109733794
1515	0.0712410651193173
1520	0.0711237021798321
1525	0.071006917369199
1530	0.07089070595652
1535	0.0707750632649195
1540	0.0706599846707531
1545	0.0705454656028319
1550	0.0704315015416592
1555	0.0703180880186817
1560	0.0702052206155536
1565	0.0700928949634134
1570	0.0699811067421737
1575	0.0698698516798234
1580	0.069759125551742
1585	0.0696489241800257
1590	0.0695392434328254
1595	0.0694300792236959
1600	0.0693214275109568
1605	0.0692132842970632
1610	0.0691056456279889
1615	0.0689985075926185
1620	0.0688918663221507
1625	0.0687857179895116
1630	0.0686800588087778
1635	0.0685748850346092
1640	0.0684701929616914
1645	0.0683659789241875
1650	0.0682622392951988
1655	0.0681589704862349
1660	0.0680561689466918
1665	0.0679538311633399
1670	0.0678519536598192
1675	0.0677505329961433
1680	0.0676495657682117
