n1	n2	d1	d2	sig1	sig2	sigm	sdir	d1.c2	d2.c1	c1.c2	d1.p2	d2.p1	p1.p2	big2
20	20	0	0	1	1	1	1	1	1	1	1	1	1	0.6
40	20	0	0	1	1	1	1	0.928571428571429	0.785714285714286	1	1	0.928571428571429	1	1
80	20	0	0	1	1	1	1	1	0.111111111111111	1	1	1	1	1
160	20	0	0	1	1	1	1	0.928571428571429	0	1	1	0.928571428571429	1	1
320	20	0	0	1	1	1	1	0.9375	0	1	0.9375	0.9375	1	1
20	40	0	0	1	1	1	1	1	1	1	1	1	1	0
40	40	0	0	1	1	1	1	1	1	1	1	1	1	0.625
80	40	0	0	1	1	1	1	1	0.823529411764706	1	1	1	1	1
160	40	0	0	1	1	1	1	1	0.4375	1	1	1	1	1
320	40	0	0	1	1	1	1	0.916666666666667	0	1	1	0.916666666666667	1	1
20	80	0	0	1	1	1	1	0.117647058823529	1	1	1	1	1	0
40	80	0	0	1	1	1	1	1	1	1	1	1	1	0
80	80	0	0	1	1	1	1	1	1	1	1	1	1	0.7
160	80	0	0	1	1	1	1	1	0.9	1	1	1	1	1
320	80	0	0	1	1	1	1	0.923076923076923	0.615384615384615	1	1	1	1	1
20	160	0	0	1	1	1	1	0	1	1	1	1	1	0
40	160	0	0	1	1	1	1	0.333333333333333	1	1	1	1	1	0
80	160	0	0	1	1	1	1	0.916666666666667	1	1	1	1	1	0.0833333333333333
160	160	0	0	1	1	1	1	1	1	1	1	1	1	0.5
320	160	0	0	1	1	1	1	1	0.785714285714286	1	1	1	1	0.857142857142857
20	320	0	0	1	1	1	1	0	0.833333333333333	1	0.833333333333333	0.916666666666667	1	0
40	320	0	0	1	1	1	1	0	0.714285714285714	1	0.714285714285714	0.785714285714286	1	0
80	320	0	0	1	1	1	1	0.2	0.733333333333333	1	0.8	0.8	1	0
160	320	0	0	1	1	1	1	1	1	1	1	1	1	0
320	320	0	0	1	1	1	1	1	1	1	1	1	1	0.6
20	20	0.2	0	1	1	1	1	1	1	1	1	1	1	0.481481481481481
40	20	0.2	0	1	1	1	1	1	0.909090909090909	1	1	1	1	0.954545454545455
80	20	0.2	0	1	1	1	1	0.929824561403509	0.333333333333333	1	0.929824561403509	0.929824561403509	1	1
160	20	0.2	0	1	1	1	1	0.888888888888889	0.0111111111111111	0.988888888888889	0.933333333333333	0.9	1	1
320	20	0.2	0	1	1	1	1	0.8	0	0.939393939393939	0.818181818181818	0.775757575757576	1	1
20	40	0.2	0	1	1	1	1	0.818181818181818	1	1	1	1	1	0
40	40	0.2	0	1	1	1	1	1	1	1	1	1	1	0.451612903225806
80	40	0.2	0	1	1	1	1	1	0.96551724137931	1	1	1	1	0.862068965517241
160	40	0.2	0	1	1	1	1	0.988636363636364	0.522727272727273	1	1	0.988636363636364	1	1
320	40	0.2	0	1	1	1	1	0.943181818181818	0.0340909090909091	0.988636363636364	0.977272727272727	0.960227272727273	1	1
20	80	0.2	0	1	1	1	1	0.08	0.84	1	0.92	0.96	1	0
40	80	0.2	0	1	1	1	1	0.911764705882353	1	1	1	1	1	0.0882352941176471
80	80	0.2	0	1	1	1	1	1	1	1	1	1	1	0.395061728395062
160	80	0.2	0	1	1	1	1	0.96551724137931	0.905172413793103	1	0.991379310344828	0.991379310344828	1	0.818965517241379
320	80	0.2	0	1	1	1	1	0.968911917098446	0.632124352331606	1	0.984455958549223	0.984455958549223	1	0.953367875647668
20	160	0.2	0	1	1	1	1	0	0.75	0.928571428571429	0.785714285714286	0.785714285714286	1	0
40	160	0.2	0	1	1	1	1	0.285714285714286	0.971428571428571	1	1	1	1	0
80	160	0.2	0	1	1	1	1	0.819672131147541	0.967213114754098	1	0.983606557377049	0.983606557377049	1	0.0327868852459016
160	160	0.2	0	1	1	1	1	0.973913043478261	0.973913043478261	1	1	1	1	0.278260869565217
320	160	0.2	0	1	1	1	1	0.994444444444444	0.972222222222222	1	1	1	1	0.633333333333333
20	320	0.2	0	1	1	1	1	0	0.545454545454545	0.909090909090909	0.545454545454545	0.681818181818182	1	0
40	320	0.2	0	1	1	1	1	0	0.911111111111111	0.955555555555556	0.911111111111111	0.911111111111111	1	0
80	320	0.2	0	1	1	1	1	0.227272727272727	0.818181818181818	0.954545454545455	0.840909090909091	0.840909090909091	1	0
160	320	0.2	0	1	1	1	1	0.792452830188679	0.915094339622642	1	0.943396226415094	0.943396226415094	1	0.0377358490566038
320	320	0.2	0	1	1	1	1	0.966850828729282	0.972375690607735	1	1	1	1	0.220994475138122
20	20	0.5	0	1	1	1	1	0.986842105263158	0.986842105263158	1	1	1	1	0.328947368421053
40	20	0.5	0	1	1	1	1	0.992248062015504	0.945736434108527	1	1	1	1	0.821705426356589
80	20	0.5	0	1	1	1	1	0.96875	0.677083333333333	1	0.994791666666667	0.984375	1	0.911458333333333
160	20	0.5	0	1	1	1	1	0.981981981981982	0.396396396396396	1	0.990990990990991	0.981981981981982	1	0.977477477477477
320	20	0.5	0	1	1	1	1	0.973094170403587	0.183856502242152	1	0.982062780269058	0.973094170403587	1	0.995515695067265
20	40	0.5	0	1	1	1	1	0.849315068493151	0.945205479452055	1	0.958904109589041	1	1	0.0273972602739726
40	40	0.5	0	1	1	1	1	0.942307692307692	0.961538461538462	1	0.980769230769231	0.993589743589744	1	0.256410256410256
80	40	0.5	0	1	1	1	1	0.995348837209302	0.953488372093023	1	1	1	1	0.493023255813954
160	40	0.5	0	1	1	1	1	0.995867768595041	0.863636363636364	1	0.995867768595041	0.995867768595041	1	0.557851239669422
320	40	0.5	0	1	1	1	1	1	0.805785123966942	1	1	1	1	0.607438016528926
20	80	0.5	0	1	1	1	1	0.135416666666667	0.864583333333333	0.958333333333333	0.885416666666667	0.916666666666667	1	0
40	80	0.5	0	1	1	1	1	0.701219512195122	0.871951219512195	0.963414634146341	0.902439024390244	0.914634146341463	1	0.0182926829268293
80	80	0.5	0	1	1	1	1	0.822314049586777	0.834710743801653	1	0.966942148760331	0.971074380165289	1	0.119834710743802
160	80	0.5	0	1	1	1	1	0.931407942238267	0.776173285198556	1	0.996389891696751	0.992779783393502	1	0.191335740072202
320	80	0.5	0	1	1	1	1	0.97841726618705	0.658273381294964	1	0.996402877697842	1	1	0.0899280575539568
20	160	0.5	0	1	1	1	1	0	0.707865168539326	0.955056179775281	0.719101123595506	0.831460674157303	1	0
40	160	0.5	0	1	1	1	1	0.134615384615385	0.641025641025641	0.961538461538462	0.724358974358974	0.756410256410256	1	0
80	160	0.5	0	1	1	1	1	0.380952380952381	0.658008658008658	0.956709956709957	0.779220779220779	0.800865800865801	1	0.00865800865800866
160	160	0.5	0	1	1	1	1	0.452107279693487	0.459770114942529	0.969348659003831	0.747126436781609	0.758620689655172	1	0.0421455938697318
320	160	0.5	0	1	1	1	1	0.444866920152091	0.186311787072243	0.946768060836502	0.642585551330799	0.661596958174905	1	0.0152091254752852
20	320	0.5	0	1	1	1	1	0	0.577777777777778	0.788888888888889	0.555555555555556	0.6	1	0
40	320	0.5	0	1	1	1	1	0	0.58	0.86	0.646666666666667	0.653333333333333	1	0
80	320	0.5	0	1	1	1	1	0.0414746543778802	0.447004608294931	0.783410138248848	0.557603686635945	0.566820276497696	0.995391705069124	0
160	320	0.5	0	1	1	1	1	0.0553359683794466	0.189723320158103	0.707509881422925	0.371541501976285	0.371541501976285	0.984189723320158	0
320	320	0.5	0	1	1	1	1	0.0355731225296443	0.0355731225296443	0.446640316205534	0.150197628458498	0.150197628458498	0.91699604743083	0
20	20	0.8	0	1	1	1	1	0.908496732026144	0.947712418300654	1	0.980392156862745	0.986928104575163	1	0.248366013071895
40	20	0.8	0	1	1	1	1	0.995327102803738	0.929906542056075	1	1	1	1	0.448598130841121
80	20	0.8	0	1	1	1	1	1	0.901345291479821	1	1	1	1	0.461883408071749
160	20	0.8	0	1	1	1	1	1	0.820627802690583	1	1	1	1	0.434977578475336
320	20	0.8	0	1	1	1	1	1	0.748878923766816	1	1	1	1	0.399103139013453
20	40	0.8	0	1	1	1	1	0.561497326203209	0.802139037433155	0.973262032085562	0.898395721925134	0.914438502673797	1	0.0160427807486631
40	40	0.8	0	1	1	1	1	0.783185840707965	0.814159292035398	0.995575221238938	0.929203539823009	0.942477876106195	1	0.0707964601769911
80	40	0.8	0	1	1	1	1	0.847107438016529	0.59504132231405	0.995867768595041	0.946280991735537	0.966942148760331	1	0.0537190082644628
160	40	0.8	0	1	1	1	1	0.90495867768595	0.351239669421488	1	0.966942148760331	0.975206611570248	1	0.0454545454545455
320	40	0.8	0	1	1	1	1	0.975206611570248	0.169421487603306	1	0.995867768595041	0.995867768595041	1	0.00826446280991736
20	80	0.8	0	1	1	1	1	0.0631578947368421	0.668421052631579	0.947368421052632	0.694736842105263	0.736842105263158	0.994736842105263	0
40	80	0.8	0	1	1	1	1	0.267924528301887	0.509433962264151	0.924528301886792	0.615094339622641	0.664150943396226	0.99622641509434	0
80	80	0.8	0	1	1	1	1	0.237410071942446	0.248201438848921	0.87410071942446	0.525179856115108	0.557553956834532	0.982014388489209	0.00719424460431655
160	80	0.8	0	1	1	1	1	0.219424460431655	0.0827338129496403	0.762589928057554	0.399280575539568	0.431654676258993	1	0.00359712230215827
320	80	0.8	0	1	1	1	1	0.151079136690647	0.0107913669064748	0.636690647482014	0.205035971223022	0.23021582733813	1	0
20	160	0.8	0	1	1	1	1	0	0.46031746031746	0.767195767195767	0.465608465608466	0.518518518518518	0.984126984126984	0
40	160	0.8	0	1	1	1	1	0.0513833992094862	0.371541501976285	0.715415019762846	0.41897233201581	0.442687747035573	0.972332015810277	0
80	160	0.8	0	1	1	1	1	0.0342205323193916	0.0988593155893536	0.520912547528517	0.171102661596958	0.186311787072243	0.935361216730038	0
160	160	0.8	0	1	1	1	1	0.00380228136882129	0.00380228136882129	0.239543726235741	0.0684410646387833	0.0684410646387833	0.802281368821293	0
320	160	0.8	0	1	1	1	1	0.00380228136882129	0	0.0342205323193916	0.00380228136882129	0.00380228136882129	0.543726235741445	0
20	320	0.8	0	1	1	1	1	0	0.412121212121212	0.606060606060606	0.387878787878788	0.424242424242424	0.981818181818182	0
40	320	0.8	0	1	1	1	1	0	0.197424892703863	0.48068669527897	0.218884120171674	0.244635193133047	0.909871244635193	0
80	320	0.8	0	1	1	1	1	0	0.0317460317460317	0.194444444444444	0.0476190476190476	0.0515873015873016	0.757936507936508	0
160	320	0.8	0	1	1	1	1	0	0	0.0316205533596838	0	0	0.264822134387352	0
320	320	0.8	0	1	1	1	1	0	0	0	0	0	0.0316205533596838	0
20	20	1	0	1	1	1	1	0.871794871794872	0.892307692307692	1	0.964102564102564	0.984615384615385	1	0.143589743589744
40	20	1	0	1	1	1	1	0.946188340807175	0.852017937219731	1	0.982062780269058	0.995515695067265	1	0.174887892376682
80	20	1	0	1	1	1	1	0.977578475336323	0.63677130044843	1	0.982062780269058	0.995515695067265	1	0.143497757847534
160	20	1	0	1	1	1	1	0.995515695067265	0.52914798206278	1	1	1	1	0.139013452914798
320	20	1	0	1	1	1	1	1	0.295964125560538	1	1	1	1	0.0852017937219731
20	40	1	0	1	1	1	1	0.44949494949495	0.681818181818182	0.94949494949495	0.762626262626263	0.813131313131313	1	0.0101010101010101
40	40	1	0	1	1	1	1	0.481327800829876	0.510373443983402	0.954356846473029	0.721991701244813	0.75103734439834	1	0
80	40	1	0	1	1	1	1	0.458677685950413	0.210743801652893	0.958677685950413	0.702479338842975	0.747933884297521	1	0.00413223140495868
160	40	1	0	1	1	1	1	0.417355371900826	0.0371900826446281	0.954545454545455	0.566115702479339	0.640495867768595	1	0
320	40	1	0	1	1	1	1	0.396694214876033	0.0206611570247934	0.909090909090909	0.508264462809917	0.599173553719008	1	0
20	80	1	0	1	1	1	1	0.040983606557377	0.463114754098361	0.811475409836066	0.483606557377049	0.540983606557377	0.987704918032787	0
40	80	1	0	1	1	1	1	0.0866425992779783	0.234657039711191	0.740072202166065	0.328519855595668	0.36101083032491	0.963898916967509	0
80	80	1	0	1	1	1	1	0.0467625899280576	0.0503597122302158	0.492805755395683	0.158273381294964	0.172661870503597	0.946043165467626	0
160	80	1	0	1	1	1	1	0.0143884892086331	0	0.29136690647482	0.0467625899280576	0.0467625899280576	0.906474820143885	0
320	80	1	0	1	1	1	1	0.00359712230215827	0	0.0827338129496403	0.00719424460431655	0.00719424460431655	0.827338129496403	0
20	160	1	0	1	1	1	1	0	0.320833333333333	0.645833333333333	0.329166666666667	0.379166666666667	0.970833333333333	0
40	160	1	0	1	1	1	1	0	0.110687022900763	0.396946564885496	0.133587786259542	0.16030534351145	0.912213740458015	0
80	160	1	0	1	1	1	1	0	0.00380228136882129	0.110266159695817	0.0114068441064639	0.0152091254752852	0.566539923954373	0
160	160	1	0	1	1	1	1	0	0	0.00760456273764259	0	0	0.209125475285171	0
320	160	1	0	1	1	1	1	0	0	0.00380228136882129	0	0	0.0304182509505703	0
20	320	1	0	1	1	1	1	0	0.184684684684685	0.378378378378378	0.171171171171171	0.202702702702703	0.941441441441441	0
40	320	1	0	1	1	1	1	0	0.0441767068273092	0.160642570281124	0.0522088353413655	0.0522088353413655	0.759036144578313	0
80	320	1	0	1	1	1	1	0	0	0.0237154150197628	0	0	0.241106719367589	0
160	320	1	0	1	1	1	1	0	0	0	0	0	0.0158102766798419	0
320	320	1	0	1	1	1	1	0	0	0	0	0	0	0
20	20	0	0.2	1	1	1	1	1	1	1	1	1	1	0.478260869565217
40	20	0	0.2	1	1	1	1	0.925925925925926	0.814814814814815	1	1	1	1	1
80	20	0	0.2	1	1	1	1	0.90625	0.1875	1	0.9375	0.90625	1	1
160	20	0	0.2	1	1	1	1	0.935483870967742	0	1	0.967741935483871	0.935483870967742	1	1
320	20	0	0.2	1	1	1	1	0.9	0	0.95	0.9	0.85	1	1
20	40	0	0.2	1	1	1	1	0.941176470588235	1	1	1	1	1	0.0588235294117647
40	40	0	0.2	1	1	1	1	0.961538461538462	0.961538461538462	1	1	1	1	0.461538461538462
80	40	0	0.2	1	1	1	1	0.891891891891892	0.621621621621622	1	0.972972972972973	0.972972972972973	1	0.972972972972973
160	40	0	0.2	1	1	1	1	0.878787878787879	0.242424242424242	1	0.939393939393939	0.909090909090909	1	1
320	40	0	0.2	1	1	1	1	0.72972972972973	0	0.972972972972973	0.864864864864865	0.783783783783784	1	1
20	80	0	0.2	1	1	1	1	0.385964912280702	0.964912280701754	1	0.964912280701754	0.982456140350877	1	0.0175438596491228
40	80	0	0.2	1	1	1	1	0.96551724137931	1	1	1	1	1	0.120689655172414
80	80	0	0.2	1	1	1	1	0.986301369863014	0.986301369863014	1	1	1	1	0.520547945205479
160	80	0	0.2	1	1	1	1	0.940298507462687	0.791044776119403	1	0.985074626865672	0.970149253731343	1	0.940298507462687
320	80	0	0.2	1	1	1	1	0.779661016949153	0.101694915254237	0.966101694915254	0.847457627118644	0.830508474576271	1	1
20	160	0	0.2	1	1	1	1	0.0103092783505155	0.835051546391753	0.989690721649485	0.845360824742268	0.88659793814433	1	0
40	160	0	0.2	1	1	1	1	0.53125	0.979166666666667	1	0.989583333333333	0.989583333333333	1	0
80	160	0	0.2	1	1	1	1	0.92	0.976	1	1	1	1	0.208
160	160	0	0.2	1	1	1	1	0.974789915966387	0.966386554621849	1	1	1	1	0.747899159663866
320	160	0	0.2	1	1	1	1	0.869158878504673	0.738317757009346	1	0.962616822429907	0.962616822429907	1	0.981308411214953
20	320	0	0.2	1	1	1	1	0	0.826923076923077	0.948717948717949	0.807692307692308	0.846153846153846	1	0
40	320	0	0.2	1	1	1	1	0.0397727272727273	0.920454545454545	0.994318181818182	0.9375	0.948863636363636	1	0
80	320	0	0.2	1	1	1	1	0.521531100478469	0.971291866028708	1	0.990430622009569	0.990430622009569	1	0.0191387559808612
160	320	0	0.2	1	1	1	1	0.969072164948454	0.994845360824742	1	0.994845360824742	0.994845360824742	1	0.350515463917526
320	320	0	0.2	1	1	1	1	0.923497267759563	0.923497267759563	1	0.994535519125683	0.994535519125683	1	0.792349726775956
20	20	0.2	0.2	1	1	1	1	1	1	1	1	1	1	0.519480519480519
40	20	0.2	0.2	1	1	1	1	0.992307692307692	0.9	1	1	0.992307692307692	1	0.938461538461538
80	20	0.2	0.2	1	1	1	1	0.934883720930233	0.237209302325581	0.986046511627907	0.948837209302326	0.93953488372093	1	1
160	20	0.2	0.2	1	1	1	1	0.84	0.0133333333333333	0.978666666666667	0.885333333333333	0.848	1	1
320	20	0.2	0.2	1	1	1	1	0.751524390243902	0.00152439024390244	0.926829268292683	0.783536585365854	0.730182926829268	1	1
20	40	0.2	0.2	1	1	1	1	0.888888888888889	0.976190476190476	1	0.984126984126984	1	1	0.119047619047619
40	40	0.2	0.2	1	1	1	1	0.995327102803738	0.995327102803738	1	0.995327102803738	1	1	0.467289719626168
80	40	0.2	0.2	1	1	1	1	0.976945244956772	0.878962536023055	1	0.988472622478386	0.985590778097983	1	0.904899135446686
160	40	0.2	0.2	1	1	1	1	0.927652733118971	0.389067524115756	0.993569131832797	0.95016077170418	0.945337620578778	1	0.990353697749196
320	40	0.2	0.2	1	1	1	1	0.856293359762141	0.0356788899900892	0.977205153617443	0.902874132804757	0.882061446977205	1	0.999008919722498
20	80	0.2	0.2	1	1	1	1	0.282051282051282	0.918803418803419	0.995726495726496	0.931623931623932	0.957264957264957	1	0.00854700854700855
40	80	0.2	0.2	1	1	1	1	0.854700854700855	0.988603988603989	1	1	1	1	0.0911680911680912
80	80	0.2	0.2	1	1	1	1	0.987868284228769	0.987868284228769	1	0.998266897746967	0.998266897746967	1	0.492201039861352
160	80	0.2	0.2	1	1	1	1	0.962172647914646	0.881668283220175	1	0.989330746847721	0.987390882638215	1	0.880698351115422
320	80	0.2	0.2	1	1	1	1	0.918070889018013	0.465427077280651	0.991865194654271	0.94712376525276	0.943056362579895	0.999418942475305	0.976176641487507
20	160	0.2	0.2	1	1	1	1	0.010989010989011	0.851648351648352	0.972527472527473	0.857142857142857	0.887362637362637	0.997252747252747	0
40	160	0.2	0.2	1	1	1	1	0.385350318471338	0.907643312101911	0.99203821656051	0.937898089171974	0.949044585987261	1	0.00159235668789809
80	160	0.2	0.2	1	1	1	1	0.877906976744186	0.964147286821705	0.999031007751938	0.987403100775194	0.99031007751938	1	0.124031007751938
160	160	0.2	0.2	1	1	1	1	0.981225842076201	0.982330204307013	1	0.999447818884594	0.999447818884594	1	0.503589177250138
320	160	0.2	0.2	1	1	1	1	0.95582862836267	0.856526071072733	0.998671537695118	0.985386914646297	0.983726336765194	1	0.778146795084689
20	320	0.2	0.2	1	1	1	1	0	0.754491017964072	0.919161676646707	0.729041916167665	0.785928143712575	0.998502994011976	0
40	320	0.2	0.2	1	1	1	1	0.0290697674418605	0.856589147286822	0.981589147286822	0.877906976744186	0.891472868217054	1	0
80	320	0.2	0.2	1	1	1	1	0.475333720255369	0.932675565873476	0.993035403366222	0.959953569355775	0.964016250725479	1	0.0301799187463726
160	320	0.2	0.2	1	1	1	1	0.845303867403315	0.953526161845954	0.999350016249594	0.984075398115047	0.98537536561586	1	0.2187195320117
320	320	0.2	0.2	1	1	1	1	0.943281830627811	0.943868570310972	0.999804420105613	0.994132603168394	0.994132603168394	1	0.502640328574223
20	20	0.5	0.2	1	1	1	1	0.99016393442623	0.99344262295082	1	1	1	1	0.367213114754098
40	20	0.5	0.2	1	1	1	1	0.979816513761468	0.900917431192661	1	0.988990825688073	0.98348623853211	1	0.776146788990826
80	20	0.5	0.2	1	1	1	1	0.970149253731343	0.614427860696517	0.996268656716418	0.982587064676617	0.975124378109453	1	0.915422885572139
160	20	0.5	0.2	1	1	1	1	0.951595159515952	0.337733773377338	0.994499449944995	0.966996699669967	0.949394939493949	1	0.976897689768977
320	20	0.5	0.2	1	1	1	1	0.961748633879781	0.175956284153005	0.99016393442623	0.970491803278689	0.953005464480874	1	0.995628415300546
20	40	0.5	0.2	1	1	1	1	0.80728051391863	0.957173447537473	1	0.978586723768737	0.989293361884368	1	0.0685224839400428
40	40	0.5	0.2	1	1	1	1	0.966981132075472	0.970518867924528	1	0.995283018867924	0.996462264150943	1	0.314858490566038
80	40	0.5	0.2	1	1	1	1	0.989827856025039	0.935837245696401	1	0.997652582159624	0.998435054773083	1	0.577464788732394
160	40	0.5	0.2	1	1	1	1	0.989532449406839	0.830425680390789	1	0.992323796231682	0.992323796231682	1	0.677599441730635
320	40	0.5	0.2	1	1	1	1	0.993050729673384	0.763029881862405	0.999305072967338	0.995830437804031	0.993050729673384	1	0.684503127171647
20	80	0.5	0.2	1	1	1	1	0.235367372353674	0.877957658779577	0.986301369863014	0.902864259028643	0.925280199252802	1	0
40	80	0.5	0.2	1	1	1	1	0.701815642458101	0.884776536312849	0.997206703910615	0.94413407821229	0.956005586592179	1	0.0614525139664804
80	80	0.5	0.2	1	1	1	1	0.878199052132701	0.888151658767772	0.998578199052133	0.972037914691943	0.975355450236967	1	0.19478672985782
160	80	0.5	0.2	1	1	1	1	0.936772046589018	0.806156405990017	0.999584026622296	0.985024958402662	0.987104825291181	1	0.248336106489185
320	80	0.5	0.2	1	1	1	1	0.988021478727798	0.678645187938868	0.999586947542338	0.995869475423379	0.996282527881041	1	0.187525815778604
20	160	0.5	0.2	1	1	1	1	0.00702247191011236	0.745084269662921	0.941713483146067	0.747893258426966	0.793539325842697	1	0
40	160	0.5	0.2	1	1	1	1	0.224514081713606	0.765172550575169	0.96390321301071	0.821102737009123	0.840936136453788	0.999206664022213	0.00277667592225307
80	160	0.5	0.2	1	1	1	1	0.471058949053081	0.717257935449453	0.97012536676447	0.828487596692451	0.840757535342758	0.999466524406508	0.038410242731395
160	160	0.5	0.2	1	1	1	1	0.562174940898345	0.573286052009456	0.973522458628842	0.816548463356974	0.827186761229314	0.999763593380615	0.0697399527186761
320	160	0.5	0.2	1	1	1	1	0.577140169332079	0.335606773283161	0.972483537158984	0.758466603951082	0.770225776105362	0.999764816556914	0.0359830667920978
20	320	0.5	0.2	1	1	1	1	0	0.636805837049047	0.852857721929469	0.61613295500608	0.673692744223754	0.998378597486826	0
40	320	0.5	0.2	1	1	1	1	0.0219287903796274	0.641358170242867	0.886819146427729	0.668710209856166	0.694647488799811	0.997406272105635	0
80	320	0.5	0.2	1	1	1	1	0.155611841063796	0.572265315814469	0.874465727402248	0.644451480132974	0.661706506252968	0.994459395282571	0.00791514959632737
160	320	0.5	0.2	1	1	1	1	0.196045435422802	0.370354788949656	0.823446921890338	0.521946431075585	0.53232365727107	0.988080213153835	0.0172486327303324
320	320	0.5	0.2	1	1	1	1	0.138517279821628	0.141583054626533	0.692586399108138	0.326644370122631	0.334866220735786	0.971432552954292	0.00571348940914158
20	20	0.8	0.2	1	1	1	1	0.92018779342723	0.938967136150235	1	0.981220657276995	0.989045383411581	1	0.280125195618153
40	20	0.8	0.2	1	1	1	1	0.981566820276498	0.923963133640553	1	0.994239631336406	0.995391705069124	1	0.466589861751152
80	20	0.8	0.2	1	1	1	1	0.991247264770241	0.862144420131291	0.99890590809628	0.9945295404814	0.9945295404814	1	0.470459518599562
160	20	0.8	0.2	1	1	1	1	0.994535519125683	0.821857923497268	0.998907103825137	0.995628415300546	0.99344262295082	1	0.477595628415301
320	20	0.8	0.2	1	1	1	1	0.995628415300546	0.708196721311475	1	0.995628415300546	0.99344262295082	1	0.452459016393443
20	40	0.8	0.2	1	1	1	1	0.583	0.844	0.989	0.897	0.932	1	0.039
40	40	0.8	0.2	1	1	1	1	0.7918188458729	0.816654492330168	0.997078159240321	0.934258582907232	0.944485025566107	1	0.132943754565376
80	40	0.8	0.2	1	1	1	1	0.861613351877608	0.652990264255911	0.998609179415855	0.945062586926287	0.958970792767733	1	0.102225312934631
160	40	0.8	0.2	1	1	1	1	0.922863099374566	0.456567060458652	1	0.968728283530229	0.975677553856845	1	0.0868658790826963
320	40	0.8	0.2	1	1	1	1	0.965253648366922	0.247394023627519	1	0.982626824183461	0.992355802640723	1	0.0604586518415566
20	80	0.8	0.2	1	1	1	1	0.128783382789318	0.689614243323442	0.937091988130564	0.729970326409496	0.77566765578635	0.997032640949555	0.00118694362017804
40	80	0.8	0.2	1	1	1	1	0.328527741371778	0.588466579292267	0.943643512450852	0.712538226299694	0.746614242027086	0.99825251201398	0.018348623853211
80	80	0.8	0.2	1	1	1	1	0.300082781456954	0.315811258278146	0.912251655629139	0.571192052980132	0.601407284768212	0.998758278145695	0.0120033112582781
160	80	0.8	0.2	1	1	1	1	0.274679884345312	0.113176373399422	0.855431639818257	0.453944650970673	0.487814952498967	0.997521685254027	0.00454357703428335
320	80	0.8	0.2	1	1	1	1	0.230483271375465	0.0351094589012805	0.756299049979347	0.326724494010739	0.353159851301115	1	0.00247831474597274
20	160	0.8	0.2	1	1	1	1	0.00477652678266803	0.534288638689867	0.819174343227567	0.535312180143296	0.601501194131696	0.989764585465711	0
40	160	0.8	0.2	1	1	1	1	0.0693857249440438	0.39791096742104	0.772444665506093	0.468042775428998	0.497388709276299	0.979358368565034	0.000497388709276299
80	160	0.8	0.2	1	1	1	1	0.0553201506591337	0.148305084745763	0.595574387947269	0.250470809792844	0.27424670433145	0.943973634651601	0.00376647834274953
160	160	0.8	0.2	1	1	1	1	0.0228127939793039	0.0235183443085607	0.355126999059266	0.0853715898400753	0.091486359360301	0.852069614299153	0
320	160	0.8	0.2	1	1	1	1	0.00729068673565381	0.00164628410159925	0.132408278457197	0.0204609595484478	0.0225776105362183	0.682972718720602	0
20	320	0.8	0.2	1	1	1	1	0	0.431013676588898	0.673572003218021	0.409090909090909	0.460579243765084	0.979283990345937	0
40	320	0.8	0.2	1	1	1	1	0.00412979351032448	0.289233038348083	0.56401179941003	0.309734513274336	0.335398230088496	0.952212389380531	0
80	320	0.8	0.2	1	1	1	1	0.00851004464285714	0.0738002232142857	0.301478794642857	0.100864955357143	0.108677455357143	0.800920758928571	0.000279017857142857
160	320	0.8	0.2	1	1	1	1	0.00111482720178372	0.00529542920847269	0.0801282051282051	0.0132385730211817	0.0146321070234114	0.456243032329989	0.000139353400222965
320	320	0.8	0.2	1	1	1	1	0	0	0.00905797101449275	0.000557413600891862	0.000557413600891862	0.124581939799331	0
20	20	1	0.2	1	1	1	1	0.876404494382023	0.910112359550562	1	0.972534332084894	0.98501872659176	1	0.18227215980025
40	20	1	0.2	1	1	1	1	0.939091915836102	0.831672203765227	1	0.978959025470653	0.993355481727575	1	0.233665559246955
80	20	1	0.2	1	1	1	1	0.983606557377049	0.702732240437158	1	0.994535519125683	0.998907103825137	1	0.2
160	20	1	0.2	1	1	1	1	0.997814207650273	0.537704918032787	1	1	1	1	0.136612021857924
320	20	1	0.2	1	1	1	1	1	0.344262295081967	1	1	1	1	0.133333333333333
20	40	1	0.2	1	1	1	1	0.439320388349515	0.725728155339806	0.970064724919094	0.800970873786408	0.851941747572815	0.997572815533981	0.0218446601941748
40	40	1	0.2	1	1	1	1	0.497194950911641	0.541374474053296	0.974754558204769	0.785413744740533	0.828892005610098	1	0.0350631136044881
80	40	1	0.2	1	1	1	1	0.506601806810285	0.285615010423905	0.980542043085476	0.707435719249479	0.765809589993051	1	0.0152883947185546
160	40	1	0.2	1	1	1	1	0.502432244614315	0.0924252953439889	0.949965253648367	0.64141765114663	0.69909659485754	1	0.00694927032661571
320	40	1	0.2	1	1	1	1	0.496872828353023	0.0430854760250174	0.932592077831828	0.571924947880473	0.635858234885337	1	0.00486448922863099
20	80	1	0.2	1	1	1	1	0.0746197718631179	0.499049429657795	0.854087452471483	0.538022813688213	0.599809885931559	0.991444866920152	0.000475285171102662
40	80	1	0.2	1	1	1	1	0.117720465890183	0.293677204658902	0.796173044925125	0.422628951747088	0.462562396006656	0.987104825291181	0.00249584026622296
80	80	1	0.2	1	1	1	1	0.0648492358529533	0.0693928128872367	0.596447748864106	0.198265179677819	0.223048327137546	0.962825278810409	0
160	80	1	0.2	1	1	1	1	0.030152829409335	0.00702189178025609	0.351920693928129	0.0751755472945064	0.0842627013630731	0.917389508467575	0
320	80	1	0.2	1	1	1	1	0.0173482032218092	0.00123915737298637	0.152829409334986	0.0305658818669971	0.0355225113589426	0.866584056175134	0
20	160	1	0.2	1	1	1	1	0.00161812297734628	0.372707659115426	0.671521035598705	0.374056094929881	0.423678532901834	0.970334412081985	0
40	160	1	0.2	1	1	1	1	0.0144686907020873	0.153937381404175	0.469402277039848	0.187618595825427	0.210863377609108	0.906783681214421	0
80	160	1	0.2	1	1	1	1	0.00376293508936971	0.0211665098777046	0.199905926622766	0.0423330197554092	0.048447789275635	0.69167450611477	0
160	160	1	0.2	1	1	1	1	0.000235183443085607	0.000235183443085607	0.0355126999059266	0.00329256820319849	0.00446848541862653	0.329962370649106	0
320	160	1	0.2	1	1	1	1	0	0	0.00282220131702728	0.000235183443085607	0.000235183443085607	0.0936030103480715	0
20	320	1	0.2	1	1	1	1	0	0.280626098067401	0.506788053026673	0.258425171697812	0.309056061332056	0.94553585689187	0
40	320	1	0.2	1	1	1	1	0.000421348314606742	0.0873595505617978	0.268820224719101	0.0974719101123595	0.110674157303371	0.811376404494382	0
80	320	1	0.2	1	1	1	1	0.000139353400222965	0.00459866220735786	0.0497491638795987	0.00752508361204013	0.00836120401337793	0.388935340022297	0
160	320	1	0.2	1	1	1	1	0	0	0.00125418060200669	0.000278706800445931	0.000278706800445931	0.0472408026755853	0
320	320	1	0.2	1	1	1	1	0	0	0	0	0	0.00111482720178372	0
20	20	0	0.5	1	1	1	1	0.986486486486487	0.959459459459459	1	1	1	1	0.567567567567568
40	20	0	0.5	1	1	1	1	0.932584269662921	0.808988764044944	0.98876404494382	0.966292134831461	0.943820224719101	1	0.97752808988764
80	20	0	0.5	1	1	1	1	0.835051546391753	0.154639175257732	0.989690721649485	0.917525773195876	0.896907216494845	1	1
160	20	0	0.5	1	1	1	1	0.686046511627907	0	0.895348837209302	0.755813953488372	0.697674418604651	1	1
320	20	0	0.5	1	1	1	1	0.604938271604938	0	0.839506172839506	0.654320987654321	0.580246913580247	0.987654320987654	1
20	40	0	0.5	1	1	1	1	0.956204379562044	0.992700729927007	1	1	1	1	0.211678832116788
40	40	0	0.5	1	1	1	1	0.964539007092199	0.957446808510638	1	0.99290780141844	0.99290780141844	1	0.75177304964539
80	40	0	0.5	1	1	1	1	0.86144578313253	0.578313253012048	0.987951807228916	0.939759036144578	0.933734939759036	1	0.969879518072289
160	40	0	0.5	1	1	1	1	0.664739884393064	0.092485549132948	0.953757225433526	0.734104046242775	0.710982658959538	1	1
320	40	0	0.5	1	1	1	1	0.585526315789474	0	0.822368421052632	0.651315789473684	0.625	1	1
20	80	0	0.5	1	1	1	1	0.668421052631579	0.989473684210526	1	0.989473684210526	1	1	0.0894736842105263
40	80	0	0.5	1	1	1	1	0.917874396135266	0.985507246376812	1	1	1	1	0.507246376811594
80	80	0	0.5	1	1	1	1	0.872881355932203	0.864406779661017	0.995762711864407	0.974576271186441	0.970338983050847	1	0.86864406779661
160	80	0	0.5	1	1	1	1	0.605809128630705	0.340248962655602	0.946058091286307	0.738589211618257	0.730290456431535	1	0.991701244813278
320	80	0	0.5	1	1	1	1	0.484304932735426	0.0807174887892377	0.811659192825112	0.569506726457399	0.547085201793722	1	1
20	160	0	0.5	1	1	1	1	0.36322869955157	0.982062780269058	1	0.982062780269058	0.991031390134529	1	0.0448430493273543
40	160	0	0.5	1	1	1	1	0.899159663865546	1	1	1	1	1	0.445378151260504
80	160	0	0.5	1	1	1	1	0.773381294964029	0.935251798561151	0.996402877697842	0.97841726618705	0.974820143884892	1	0.884892086330935
160	160	0	0.5	1	1	1	1	0.477099236641221	0.473282442748092	0.969465648854962	0.759541984732824	0.755725190839695	1	0.969465648854962
320	160	0	0.5	1	1	1	1	0.183266932270916	0.0956175298804781	0.685258964143426	0.346613545816733	0.334661354581673	0.972111553784861	1
20	320	0	0.5	1	1	1	1	0.147982062780269	0.986547085201794	1	0.982062780269058	0.986547085201794	1	0.00448430493273543
40	320	0	0.5	1	1	1	1	0.880165289256198	1	1	1	1	1	0.417355371900826
80	320	0	0.5	1	1	1	1	0.60431654676259	0.967625899280576	1	1	0.996402877697842	1	0.856115107913669
160	320	0	0.5	1	1	1	1	0.193916349809886	0.4106463878327	0.942965779467681	0.650190114068441	0.634980988593156	1	0.988593155893536
320	320	0	0.5	1	1	1	1	0.0395256916996047	0.0395256916996047	0.517786561264822	0.158102766798419	0.150197628458498	0.944664031620553	1
20	20	0.2	0.5	1	1	1	1	0.987220447284345	0.977635782747604	1	1	1	1	0.536741214057508
40	20	0.2	0.5	1	1	1	1	0.944558521560575	0.80082135523614	0.997946611909651	0.983572895277207	0.967145790554415	1	0.946611909650924
80	20	0.2	0.5	1	1	1	1	0.843672456575682	0.246898263027295	0.986352357320099	0.903225806451613	0.870967741935484	1	0.993796526054591
160	20	0.2	0.5	1	1	1	1	0.752393980848153	0.00478796169630643	0.937756497948016	0.803693570451436	0.755129958960328	0.999316005471956	1
320	20	0.2	0.5	1	1	1	1	0.643029814665592	0.00040290088638195	0.858178887993554	0.67969379532635	0.6116035455278	0.998388396454472	1
20	40	0.2	0.5	1	1	1	1	0.908765652951699	0.991055456171735	1	0.996422182468694	0.996422182468694	1	0.220035778175313
40	40	0.2	0.5	1	1	1	1	0.96889400921659	0.959677419354839	1	0.996543778801843	0.996543778801843	1	0.665898617511521
80	40	0.2	0.5	1	1	1	1	0.883672039243168	0.690259285213735	0.996496145760336	0.960056061667835	0.943237561317449	1	0.949544498948844
160	40	0.2	0.5	1	1	1	1	0.761013645224172	0.219493177387914	0.963352826510721	0.84327485380117	0.815204678362573	1	0.99766081871345
320	40	0.2	0.5	1	1	1	1	0.644829199812822	0.0196537201684605	0.885821244735611	0.695367337388863	0.669396350023397	0.99578848853533	1
20	80	0.2	0.5	1	1	1	1	0.610148514851485	0.962871287128713	0.997524752475248	0.967821782178218	0.986386138613861	1	0.0767326732673267
40	80	0.2	0.5	1	1	1	1	0.925548589341693	0.988244514106583	1	0.997648902821317	0.997648902821317	1	0.435736677115987
80	80	0.2	0.5	1	1	1	1	0.879962192816635	0.870982986767486	0.998582230623819	0.975425330812854	0.966446124763705	1	0.800094517958412
160	80	0.2	0.5	1	1	1	1	0.716429911551863	0.489145001340123	0.976413830072367	0.847493969445189	0.835432859823104	1	0.962476547842402
320	80	0.2	0.5	1	1	1	1	0.570546318289786	0.152177355502771	0.880285035629454	0.663974663499604	0.650197941409343	0.995249406175772	0.994140934283452
20	160	0.2	0.5	1	1	1	1	0.353982300884956	0.964601769911504	0.994469026548673	0.961283185840708	0.973451327433628	1	0.0221238938053097
40	160	0.2	0.5	1	1	1	1	0.830294530154278	0.988779803646564	1	0.992987377279102	0.995091164095372	1	0.340813464235624
80	160	0.2	0.5	1	1	1	1	0.816216216216216	0.941787941787942	1	0.988357588357588	0.987110187110187	1	0.77006237006237
160	160	0.2	0.5	1	1	1	1	0.574704491725768	0.562647754137116	0.977304964539007	0.82080378250591	0.810401891252955	0.999290780141844	0.937352245862884
320	160	0.2	0.5	1	1	1	1	0.376104333193101	0.197728228859907	0.821623895666807	0.530500631047539	0.521385499929884	0.987519282008134	0.982470901696817
20	320	0.2	0.5	1	1	1	1	0.143169398907104	0.972677595628415	0.992349726775956	0.959562841530055	0.979234972677596	1	0.00327868852459016
40	320	0.2	0.5	1	1	1	1	0.751216122307158	0.989576094510076	0.998610145934677	0.991660875608061	0.992355802640723	1	0.3273106323836
80	320	0.2	0.5	1	1	1	1	0.686493184634449	0.985130111524164	1	0.995869475423379	0.994630318050392	1	0.809995869475423
160	320	0.2	0.5	1	1	1	1	0.333725305738476	0.567262464722484	0.97107243650047	0.771166509877705	0.760348071495767	1	0.962605832549388
320	320	0.2	0.5	1	1	1	1	0.144230769230769	0.141304347826087	0.694676700111483	0.333890746934225	0.325808249721293	0.973940914158305	0.994983277591973
20	20	0.5	0.5	1	1	1	1	0.986440677966102	0.983898305084746	1	0.998305084745763	0.999152542372881	1	0.498305084745763
40	20	0.5	0.5	1	1	1	1	0.963271302644466	0.843290891283056	0.99951028403526	0.98873653281097	0.97796278158668	1	0.823702252693438
80	20	0.5	0.5	1	1	1	1	0.932175622542595	0.515072083879423	0.99475753604194	0.961664482306684	0.944626474442988	1	0.937418086500655
160	20	0.5	0.5	1	1	1	1	0.917201166180758	0.262973760932945	0.984548104956268	0.93469387755102	0.914577259475219	1	0.980466472303207
320	20	0.5	0.5	1	1	1	1	0.925571966406024	0.122502172024327	0.9748045178106	0.934839270199826	0.910802200984651	1	0.99681436432088
20	40	0.5	0.5	1	1	1	1	0.853215513009327	0.965635738831615	0.999509081983309	0.980363279332351	0.991163475699558	1	0.15807560137457
40	40	0.5	0.5	1	1	1	1	0.952075787127334	0.953747561994985	1	0.994148787963221	0.994148787963221	1	0.505990526609083
80	40	0.5	0.5	1	1	1	1	0.948069241011984	0.838120601103291	0.996956439033669	0.97983640859806	0.973939509225794	1	0.713715046604527
160	40	0.5	0.5	1	1	1	1	0.935135135135135	0.663344594594595	0.994087837837838	0.962668918918919	0.951858108108108	1	0.784966216216216
320	40	0.5	0.5	1	1	1	1	0.949445750755794	0.549714477662076	0.988579106483037	0.961370507222036	0.952133019818609	1	0.815586160564327
20	80	0.5	0.5	1	1	1	1	0.524926686217009	0.926360377973281	0.99446073639622	0.935483870967742	0.958944281524927	1	0.0560443141088302
40	80	0.5	0.5	1	1	1	1	0.83323738246018	0.949529840721551	0.998272884283247	0.976396085204375	0.98176933410094	1	0.291498752638649
80	80	0.5	0.5	1	1	1	1	0.904755767495811	0.904111354555999	0.999613352236113	0.981827555097306	0.981569789921382	1	0.500193323881944
160	80	0.5	0.5	1	1	1	1	0.921714285714286	0.786171428571429	0.995657142857143	0.969371428571429	0.966857142857143	1	0.576571428571429
320	80	0.5	0.5	1	1	1	1	0.945921381504204	0.677800499886389	0.996932515337423	0.968416269029766	0.964212678936605	1	0.572597137014315
20	160	0.5	0.5	1	1	1	1	0.275029103608847	0.915890570430733	0.986030267753201	0.912689173457509	0.936263096623981	1	0.0125145518044237
40	160	0.5	0.5	1	1	1	1	0.656703816278284	0.938534278959811	0.991894630192503	0.9532252617359	0.96048632218845	1	0.214285714285714
80	160	0.5	0.5	1	1	1	1	0.785313965458081	0.922452247512296	0.997254946814594	0.966487475694842	0.970261923824774	1	0.431087727324717
160	160	0.5	0.5	1	1	1	1	0.842057304849651	0.841753568897438	0.995241470082009	0.95373088994634	0.953022172724512	1	0.503189227498228
320	160	0.5	0.5	1	1	1	1	0.897866773998793	0.747836586838398	0.996176293016704	0.95461863554035	0.955121754880258	1	0.502414972831556
20	320	0.5	0.5	1	1	1	1	0.124239791485665	0.920938314509123	0.976252534028381	0.904141326382855	0.930495221546481	1	0.00289603243556328
40	320	0.5	0.5	1	1	1	1	0.545515619751428	0.947598253275109	0.988747060799463	0.950789385287202	0.957843466577091	1	0.185085656701377
80	320	0.5	0.5	1	1	1	1	0.684276300840718	0.950124971597364	0.994660304476255	0.966825721426948	0.969665985003408	1	0.426266757555101
160	320	0.5	0.5	1	1	1	1	0.747735962970417	0.892634332863755	0.994968806600926	0.954518011672369	0.953411149124572	0.999899376132019	0.496377540752667
320	320	0.5	0.5	1	1	1	1	0.8413	0.8426	0.9943	0.9566	0.9566	0.9999	0.5015
20	20	0.8	0.5	1	1	1	1	0.943224202237878	0.956485702445089	0.999585578118525	0.989225031081641	0.99378367177787	1	0.35142975549109
40	20	0.8	0.5	1	1	1	1	0.980097979179424	0.899265156154317	1	0.995101041028781	0.992651561543172	1	0.542559706062462
80	20	0.8	0.5	1	1	1	1	0.98463768115942	0.819710144927536	0.999130434782609	0.993623188405797	0.987826086956522	1	0.56463768115942
160	20	0.8	0.5	1	1	1	1	0.989284679988416	0.738488271068636	0.999131190269331	0.993339125398204	0.987547060527078	1	0.58123370981755
320	20	0.8	0.5	1	1	1	1	0.992470315667536	0.638575152041703	0.999710396756444	0.994787141615986	0.991891109180423	1	0.561830292499276
20	40	0.8	0.5	1	1	1	1	0.68973862536302	0.885285575992256	0.993707647628267	0.930300096805421	0.953533397870281	0.999757986447241	0.106243949661181
40	40	0.8	0.5	1	1	1	1	0.839543590657871	0.856124086289891	0.997504011410234	0.957211624175432	0.96683900873596	1	0.244072027099305
80	40	0.8	0.5	1	1	1	1	0.89946200403497	0.748486886348352	0.996973772696705	0.966879623402825	0.971923335574983	1	0.240248823133827
160	40	0.8	0.5	1	1	1	1	0.952804837084313	0.590527376553577	0.999328182734296	0.977662075915351	0.982532751091703	1	0.209774941215989
320	40	0.8	0.5	1	1	1	1	0.98018139066174	0.422405105811219	0.999832045683574	0.989082969432314	0.992106147127981	1	0.188948605979174
20	80	0.8	0.5	1	1	1	1	0.356560052219321	0.803524804177546	0.964262402088773	0.827349869451697	0.869614882506527	0.998694516971279	0.0386749347258486
40	80	0.8	0.5	1	1	1	1	0.551027767760548	0.76247145089554	0.972352446207477	0.84541411227311	0.869335256641423	0.999158552710662	0.122971510998918
80	80	0.8	0.5	1	1	1	1	0.581257818719436	0.599681564881155	0.9669054930058	0.799272148299784	0.820311611509155	0.999203912202889	0.110769930626635
160	80	0.8	0.5	1	1	1	1	0.598613951374688	0.409906839354692	0.953078845716883	0.748920699840945	0.770279481935924	0.999772778913883	0.0772551692797092
320	80	0.8	0.5	1	1	1	1	0.604067257441491	0.252783458304931	0.923880936150875	0.694387639172915	0.716428084526244	0.999886389456942	0.0620313565098841
20	160	0.8	0.5	1	1	1	1	0.169589795622554	0.778228728801276	0.929265110885636	0.77141614726772	0.817074938396869	0.99695608059139	0.0115958834613712
40	160	0.8	0.5	1	1	1	1	0.345220353417075	0.723866297636789	0.931339152650628	0.766446668086012	0.793698105173515	0.997232275920801	0.0761124121779859
80	160	0.8	0.5	1	1	1	1	0.330647597945412	0.539027092355726	0.89475274448585	0.659985899889213	0.681941786685467	0.99184207875919	0.0628462080773492
160	160	0.8	0.5	1	1	1	1	0.308311531495271	0.319983900181123	0.827631314147716	0.527872811430871	0.548903199839002	0.982994566311129	0.0341114912457235
320	160	0.8	0.5	1	1	1	1	0.288186757898974	0.156168243107265	0.723083115314953	0.422016502314349	0.438116321191387	0.966894747434091	0.0174079291607969
20	320	0.8	0.5	1	1	1	1	0.0724366359447005	0.790754608294931	0.905529953917051	0.765552995391705	0.809475806451613	0.996543778801843	0.00201612903225806
40	320	0.8	0.5	1	1	1	1	0.235953867315628	0.732938313405989	0.900962861072902	0.743519204317003	0.76997143159454	0.996085070362925	0.0578774732832504
80	320	0.8	0.5	1	1	1	1	0.203583224902412	0.542788509658693	0.83765388849965	0.603643278951056	0.627364628165349	0.986587929136223	0.0460414372935642
160	320	0.8	0.5	1	1	1	1	0.1487	0.3	0.7253	0.4213	0.4393	0.9638	0.017
320	320	0.8	0.5	1	1	1	1	0.1091	0.1128	0.5652	0.2439	0.2576	0.9081	0.0039
20	20	1	0.5	1	1	1	1	0.88104705102717	0.905235255135852	0.999005964214712	0.966534128561962	0.98442677269715	1	0.247514910536779
40	20	1	0.5	1	1	1	1	0.952422650321074	0.841506129597198	1	0.984530064214828	0.990951546993579	1	0.290426152948044
80	20	1	0.5	1	1	1	1	0.98580944106574	0.754416449464234	1	0.997393570807993	0.997683174051549	1	0.267303793802491
160	20	1	0.5	1	1	1	1	0.997103967564437	0.578627280625543	1	0.999710396756444	0.999131190269331	1	0.234289024037069
320	20	1	0.5	1	1	1	1	1	0.405154937735303	1	1	1	1	0.220677671589922
20	40	1	0.5	1	1	1	1	0.539756239117818	0.787773263687367	0.979493132133875	0.847939640162507	0.891661830141227	0.99961307796479	0.0746759527955117
40	40	1	0.5	1	1	1	1	0.617766497461929	0.653468697123519	0.981895093062606	0.839763113367174	0.877664974619289	1	0.0925549915397631
80	40	1	0.5	1	1	1	1	0.646960026872691	0.424588511924756	0.98102116224387	0.806852536110178	0.849009069533087	0.999832045683574	0.0675176352032247
160	40	1	0.5	1	1	1	1	0.670977494121599	0.246556936513268	0.974638898219684	0.777796439368492	0.819113201209271	1	0.0473631172321129
320	40	1	0.5	1	1	1	1	0.684917702384951	0.141417534430635	0.963889821968425	0.744541484716157	0.787537789721196	1	0.0377897211958347
20	80	1	0.5	1	1	1	1	0.248105565717272	0.677162268095114	0.918865952443167	0.703031094852365	0.758557616932323	0.99647243271492	0.0209041024301019
40	80	1	0.5	1	1	1	1	0.28018770745107	0.49387661668765	0.889092365800618	0.613025065812064	0.654915875014307	0.993819388806226	0.036969211399794
80	80	1	0.5	1	1	1	1	0.236309929561463	0.251079300159055	0.805157918654851	0.458304930697569	0.492842535787321	0.986934787548284	0.0195410134060441
160	80	1	0.5	1	1	1	1	0.206203135650988	0.104180867984549	0.672460804362645	0.326062258577596	0.354692115428312	0.975460122699387	0.00772551692797092
320	80	1	0.5	1	1	1	1	0.18768461713247	0.0428311747330152	0.523290161326971	0.251760963417405	0.274483072029084	0.961145194274029	0.00340831629175187
20	160	1	0.5	1	1	1	1	0.0989938707066034	0.639643807100729	0.847692841447901	0.631317219845033	0.690528506996646	0.990285648201688	0.00589799930611773
40	160	1	0.5	1	1	1	1	0.127001824447598	0.442124467869451	0.767889722278532	0.489965538212041	0.530204743563754	0.979931076424083	0.0165213865801743
80	160	1	0.5	1	1	1	1	0.0842221775005031	0.195009056148118	0.595492050714429	0.286073656671362	0.308009659891326	0.928053934393238	0.00482994566311129
160	160	1	0.5	1	1	1	1	0.0463876031394647	0.0493056953109278	0.387804387200644	0.131917890923727	0.14429462668545	0.810022137250956	0.00120748641577782
320	160	1	0.5	1	1	1	1	0.0241497283155565	0.00855302877842624	0.215536325216341	0.0555443751257798	0.0618836788086134	0.654658885087543	0
20	320	1	0.5	1	1	1	1	0.038267065042519	0.643300390714778	0.807055849230062	0.612847621236497	0.669271431854746	0.98758905998621	0.000919328889910365
40	320	1	0.5	1	1	1	1	0.0662771958098308	0.431607574536664	0.693291700241741	0.441881547139404	0.480560032232071	0.971796937953263	0.0107775987107172
80	320	1	0.5	1	1	1	1	0.0307	0.1699	0.4655	0.2114	0.2283	0.8859	0.0033
160	320	1	0.5	1	1	1	1	0.0077	0.0274	0.212	0.0531	0.0583	0.6569	2e-04
320	320	1	0.5	1	1	1	1	0.002	0.0021	0.0627	0.0093	0.0108	0.3455	0
20	20	0	0.8	1	1	1	1	0.947712418300654	0.908496732026144	1	1	0.986928104575163	1	0.764705882352941
40	20	0	0.8	1	1	1	1	0.872222222222222	0.566666666666667	0.977777777777778	0.927777777777778	0.911111111111111	1	0.988888888888889
80	20	0	0.8	1	1	1	1	0.640625	0.0677083333333333	0.927083333333333	0.697916666666667	0.661458333333333	1	1
160	20	0	0.8	1	1	1	1	0.431818181818182	0	0.795454545454545	0.545454545454545	0.431818181818182	0.988636363636364	1
320	20	0	0.8	1	1	1	1	0.348837209302326	0	0.616279069767442	0.377906976744186	0.331395348837209	0.970930232558139	1
20	40	0	0.8	1	1	1	1	0.941747572815534	0.990291262135922	1	1	1	1	0.597087378640777
40	40	0	0.8	1	1	1	1	0.796536796536797	0.766233766233766	0.995670995670996	0.943722943722944	0.926406926406926	1	0.9004329004329
80	40	0	0.8	1	1	1	1	0.552123552123552	0.316602316602317	0.930501930501931	0.733590733590734	0.694980694980695	0.992277992277992	0.984555984555985
160	40	0	0.8	1	1	1	1	0.285714285714286	0.0357142857142857	0.718253968253968	0.392857142857143	0.353174603174603	0.98015873015873	1
320	40	0	0.8	1	1	1	1	0.194214876033058	0	0.495867768595041	0.231404958677686	0.214876033057851	0.954545454545455	1
20	80	0	0.8	1	1	1	1	0.869955156950673	0.995515695067265	1	1	1	1	0.569506726457399
40	80	0	0.8	1	1	1	1	0.603305785123967	0.830578512396694	0.987603305785124	0.958677685950413	0.933884297520661	1	0.929752066115702
80	80	0	0.8	1	1	1	1	0.262589928057554	0.248201438848921	0.920863309352518	0.553956834532374	0.525179856115108	1	0.985611510791367
160	80	0	0.8	1	1	1	1	0.106463878326996	0.0342205323193916	0.494296577946768	0.174904942965779	0.167300380228137	0.923954372623574	1
320	80	0	0.8	1	1	1	1	0.0316205533596838	0	0.1699604743083	0.0434782608695652	0.0434782608695652	0.699604743083004	1
20	160	0	0.8	1	1	1	1	0.816143497757848	1	1	1	1	1	0.556053811659193
40	160	0	0.8	1	1	1	1	0.388429752066116	0.921487603305785	1	0.958677685950413	0.950413223140496	1	0.971074380165289
80	160	0	0.8	1	1	1	1	0.0467625899280576	0.179856115107914	0.816546762589928	0.388489208633094	0.370503597122302	1	1
160	160	0	0.8	1	1	1	1	0.00760456273764259	0.00760456273764259	0.239543726235741	0.0494296577946768	0.0494296577946768	0.817490494296578	1
320	160	0	0.8	1	1	1	1	0	0	0.0158102766798419	0	0	0.213438735177866	1
20	320	0	0.8	1	1	1	1	0.717488789237668	1	1	1	1	1	0.591928251121076
40	320	0	0.8	1	1	1	1	0.144628099173554	0.991735537190083	1	0.995867768595041	0.995867768595041	1	0.983471074380165
80	320	0	0.8	1	1	1	1	0.00719424460431655	0.151079136690647	0.68705035971223	0.266187050359712	0.233812949640288	1	1
160	320	0	0.8	1	1	1	1	0	0	0.0608365019011407	0.00380228136882129	0	0.574144486692015	1
320	320	0	0.8	1	1	1	1	0	0	0	0	0	0.0158102766798419	1
20	20	0.2	0.8	1	1	1	1	0.958532695374801	0.947368421052632	1	0.988835725677831	0.9792663476874	1	0.743221690590112
40	20	0.2	0.8	1	1	1	1	0.825569871159564	0.587710604558969	0.98810703666997	0.916749256689792	0.88404360753221	1	0.963330029732408
80	20	0.2	0.8	1	1	1	1	0.678968951376684	0.125951962507323	0.937902753368483	0.77211482132396	0.726420620972466	0.998242530755712	0.998828353837141
160	20	0.2	0.8	1	1	1	1	0.535472972972973	0.00135135135135135	0.812837837837838	0.594594594594595	0.535810810810811	0.991554054054054	1
320	20	0.2	0.8	1	1	1	1	0.423937134797502	0	0.666935321378199	0.459198065686077	0.399758210759621	0.977433004231312	1
20	40	0.2	0.8	1	1	1	1	0.91588785046729	0.989485981308411	1	0.995327102803738	0.996495327102804	1	0.52803738317757
40	40	0.2	0.8	1	1	1	1	0.806901615271659	0.781204111600587	0.995594713656388	0.945668135095448	0.923641703377386	1	0.86784140969163
80	40	0.2	0.8	1	1	1	1	0.587592835299257	0.322411533420708	0.930100480559196	0.73481869812145	0.700305810397553	0.99912625600699	0.981651376146789
160	40	0.2	0.8	1	1	1	1	0.408163265306122	0.0691886510701842	0.765803882528621	0.505226480836237	0.471876555500249	0.983325037332006	0.999004479840717
320	40	0.2	0.8	1	1	1	1	0.288280329799764	0.00706713780918728	0.564782096584217	0.335394581861013	0.311542991755006	0.948027090694935	1
20	80	0.2	0.8	1	1	1	1	0.866228070175439	0.994517543859649	0.99890350877193	0.994517543859649	0.995614035087719	1	0.493421052631579
40	80	0.2	0.8	1	1	1	1	0.662960389159138	0.882557331480195	0.998610145934677	0.972202918693537	0.963863794301598	1	0.899235580264072
80	80	0.2	0.8	1	1	1	1	0.333884297520661	0.316115702479339	0.910743801652893	0.616528925619835	0.590495867768595	0.997520661157025	0.985123966942149
160	80	0.2	0.8	1	1	1	1	0.144572639510243	0.0541558747351071	0.586531669413704	0.249587944431363	0.232870261360961	0.948434188839181	0.998587238050389
320	80	0.2	0.8	1	1	1	1	0.0732319709861905	0.00781141023852699	0.299902357372018	0.110057190682103	0.103361696191938	0.808341470218998	0.99944204212582
20	160	0.2	0.8	1	1	1	1	0.80327868852459	0.995628415300546	0.998907103825137	0.994535519125683	0.99672131147541	1	0.511475409836066
40	160	0.2	0.8	1	1	1	1	0.458651841556637	0.91591382904795	0.998610145934677	0.976372480889507	0.965253648366922	1	0.934676858929812
80	160	0.2	0.8	1	1	1	1	0.118133002891367	0.257331681123503	0.853366377529946	0.478727798430401	0.445270549359769	0.999173895084676	0.996282527881041
160	160	0.2	0.8	1	1	1	1	0.0230479774223895	0.0214016933207902	0.341956726246472	0.0905456255879586	0.0813734713076199	0.859125117591721	1
320	160	0.2	0.8	1	1	1	1	0.00585284280936455	0.00139353400222965	0.0836120401337793	0.0150501672240803	0.0142140468227425	0.455685618729097	1
20	320	0.2	0.8	1	1	1	1	0.699453551912568	0.99672131147541	1	0.99344262295082	0.99672131147541	1	0.553005464480874
40	320	0.2	0.8	1	1	1	1	0.246004169562196	0.968728283530229	1	0.9909659485754	0.985406532314107	1	0.947880472550382
80	320	0.2	0.8	1	1	1	1	0.0313919867823214	0.22180916976456	0.751755472945064	0.339529120198265	0.312267657992565	0.999586947542338	0.996695580338703
160	320	0.2	0.8	1	1	1	1	0.00164628410159925	0.00776105362182502	0.136406396989652	0.0228127939793039	0.020931326434619	0.684383819379116	1
320	320	0.2	0.8	1	1	1	1	0.000139353400222965	0.000139353400222965	0.00877926421404682	0.000696767001114827	0.000696767001114827	0.122909698996656	1
20	20	0.5	0.8	1	1	1	1	0.953196824070205	0.94066025908901	1	0.992478061011283	0.985374007521939	1	0.651065608023402
40	20	0.5	0.8	1	1	1	1	0.880820265379976	0.67913148371532	0.993003618817853	0.951266586248492	0.922316043425814	0.999758745476478	0.882026537997587
80	20	0.5	0.8	1	1	1	1	0.811218632114154	0.352468427095293	0.966868951943579	0.871412169919633	0.831392488108906	0.999179924553059	0.960800393636215
160	20	0.5	0.8	1	1	1	1	0.779002320185615	0.16792343387471	0.930974477958237	0.814965197215777	0.771316705336427	0.997534802784223	0.988544083526682
320	20	0.5	0.8	1	1	1	1	0.790610599078341	0.0689804147465438	0.907978110599078	0.807891705069124	0.764400921658986	0.996831797235023	0.997695852534562
20	40	0.5	0.8	1	1	1	1	0.900920245398773	0.974846625766871	1	0.991104294478528	0.993865030674847	1	0.447239263803681
40	40	0.5	0.8	1	1	1	1	0.861634103019538	0.842451154529307	0.997158081705151	0.968206039076377	0.955417406749556	1	0.749023090586146
80	40	0.5	0.8	1	1	1	1	0.762699651735319	0.555061847003723	0.973219646931668	0.87042152035547	0.847604179176174	0.999639726191906	0.882550738561307
160	40	0.5	0.8	1	1	1	1	0.724126916524702	0.348807495741056	0.929727427597956	0.786839863713799	0.761925042589438	0.996912265758092	0.924829642248722
320	40	0.5	0.8	1	1	1	1	0.732832504496879	0.23754100095228	0.897047931435827	0.769442387048989	0.743095968680563	0.996296688181145	0.939900539625437
20	80	0.5	0.8	1	1	1	1	0.824876775877066	0.985503044360684	0.999710060887214	0.988402435488547	0.992461583067556	1	0.434038851841113
40	80	0.5	0.8	1	1	1	1	0.748571428571429	0.898655462184874	0.997983193277311	0.97327731092437	0.965042016806723	1	0.764033613445378
80	80	0.5	0.8	1	1	1	1	0.597065847833504	0.580802911406801	0.967474127146594	0.820539065165472	0.798248606846355	0.999431365859206	0.891618332764699
160	80	0.5	0.8	1	1	1	1	0.542854265283513	0.336186927182999	0.893242018330144	0.682948937455937	0.662100916507201	0.993352804914896	0.939772383925874
320	80	0.5	0.8	1	1	1	1	0.54809328395556	0.202782504253828	0.842858572715444	0.626463817435692	0.606045440896807	0.986788109298369	0.955660094084676
20	160	0.5	0.8	1	1	1	1	0.746886765131769	0.990153489719085	0.999420793512887	0.98899507674486	0.993049522154648	1	0.439617723718506
40	160	0.5	0.8	1	1	1	1	0.601444407121263	0.954652334564998	0.999496137050722	0.985723883103796	0.979845482028888	1	0.7927443735304
80	160	0.5	0.8	1	1	1	1	0.408316291751875	0.604180867984549	0.949556918882072	0.771301976823449	0.750170415814588	0.999659168370825	0.924448988866167
160	160	0.5	0.8	1	1	1	1	0.321392634332864	0.311229623666734	0.832461259810827	0.553330650030187	0.532300261622057	0.982692694707185	0.969108472529684
320	160	0.5	0.8	1	1	1	1	0.3	0.1528	0.7255	0.431	0.4153	0.9643	0.9838
20	320	0.5	0.8	1	1	1	1	0.642919200695048	0.993628728641761	1	0.992180712423979	0.994787141615986	1	0.441934549666956
40	320	0.5	0.8	1	1	1	1	0.424924420557608	0.98018139066174	0.999832045683574	0.991266375545852	0.988075243533759	1	0.808364124958011
80	320	0.5	0.8	1	1	1	1	0.250624857986821	0.599295614633038	0.923199272892524	0.71813224267212	0.695069302431266	0.999772778913883	0.940468075437401
160	320	0.5	0.8	1	1	1	1	0.160092573958543	0.289092372710807	0.728919299657879	0.438216945059368	0.423827731938016	0.964278526866573	0.983698933386999
320	320	0.5	0.8	1	1	1	1	0.1068	0.1022	0.5582	0.2574	0.2471	0.9069	0.9949
20	20	0.8	0.8	1	1	1	1	0.939166666666667	0.936458333333333	0.999583333333333	0.990416666666667	0.988541666666667	1	0.500625
40	20	0.8	0.8	1	1	1	1	0.938174084763785	0.806167400881057	0.997417590764089	0.975391159046028	0.962023393589549	0.999848093574358	0.668540179249582
80	20	0.8	0.8	1	1	1	1	0.944508503891611	0.682761602767368	0.99264917843759	0.96425482848083	0.948400115307005	0.999855866243874	0.702363793600461
160	20	0.8	0.8	1	1	1	1	0.956077188940092	0.582661290322581	0.990351382488479	0.966013824884793	0.948588709677419	0.99956797235023	0.719326036866359
320	20	0.8	0.8	1	1	1	1	0.960541474654378	0.471918202764977	0.985455069124424	0.964573732718894	0.950892857142857	0.99985599078341	0.725518433179724
20	40	0.8	0.8	1	1	1	1	0.810860280658938	0.940207443563148	0.996186699206833	0.965070164734594	0.975747406955461	0.999847467968273	0.325808419768151
40	40	0.8	0.8	1	1	1	1	0.875448028673835	0.878136200716846	0.999327956989247	0.969982078853047	0.971214157706093	1	0.496079749103943
80	40	0.8	0.8	1	1	1	1	0.919296759161195	0.771023088328744	0.997352255877992	0.967803431476382	0.962931582291887	1	0.517898750264774
160	40	0.8	0.8	1	1	1	1	0.948682679081579	0.655486191937361	0.994497936726272	0.969844460903608	0.965188868902762	1	0.530314252460057
320	40	0.8	0.8	1	1	1	1	0.962861072902338	0.51063379536557	0.993439847635171	0.972066447994921	0.966881811448524	1	0.529361972278066
20	80	0.8	0.8	1	1	1	1	0.683102652825836	0.944204152249135	0.993512110726644	0.948961937716263	0.966407151095732	0.999567474048443	0.293396770472895
40	80	0.8	0.8	1	1	1	1	0.767104427028172	0.918025841982631	0.995657699639907	0.96388477017581	0.966532514297818	1	0.484113535267952
80	80	0.8	0.8	1	1	1	1	0.837206972550591	0.837106792226007	0.994289721498698	0.950210378681627	0.953416149068323	1	0.500801442596674
160	80	0.8	0.8	1	1	1	1	0.891101991792613	0.744570113101792	0.993293964568111	0.949854869382444	0.949454509058152	1	0.511160044039636
320	80	0.8	0.8	1	1	1	1	0.921529376438795	0.618256430787709	0.991692523270944	0.951456310679612	0.949254328896006	0.999699729756781	0.506756080472425
20	160	0.8	0.8	1	1	1	1	0.577044930875576	0.955357142857143	0.98991935483871	0.950604838709677	0.965149769585253	0.99956797235023	0.280097926267281
40	160	0.8	0.8	1	1	1	1	0.654322293937149	0.947624589990477	0.996402497090255	0.962966881811449	0.968363136176066	1	0.474447148449899
80	160	0.8	0.8	1	1	1	1	0.745671103993594	0.893804423981583	0.994294865378841	0.950255229706736	0.951256130517466	0.999799819837854	0.493644279851867
160	160	0.8	0.8	1	1	1	1	0.8387	0.8379	0.9948	0.9488	0.9499	0.9997	0.4983
320	160	0.8	0.8	1	1	1	1	0.8892	0.7407	0.9926	0.9489	0.9481	1	0.4976
20	320	0.8	0.8	1	1	1	1	0.46831797235023	0.960541474654378	0.985743087557604	0.950172811059908	0.965149769585253	0.99956797235023	0.272897465437788
40	320	0.8	0.8	1	1	1	1	0.516982329912179	0.963284308538779	0.99259337636229	0.966035340175643	0.972278065813141	1	0.473389059358798
80	320	0.8	0.8	1	1	1	1	0.624962466219598	0.920828745871284	0.991392253027725	0.948653788409569	0.948853968571715	1	0.485737163447102
160	320	0.8	0.8	1	1	1	1	0.7463	0.8906	0.9924	0.9491	0.9505	0.9999	0.4957
320	320	0.8	0.8	1	1	1	1	0.8337	0.8327	0.9943	0.9474	0.9465	0.9999	0.4925
20	20	1	0.8	1	1	1	1	0.90427123151072	0.921389396709324	0.998504237992355	0.97423965431278	0.983214226358651	1	0.390892471331228
40	20	1	0.8	1	1	1	1	0.951350566366541	0.843305257043276	0.999273889050247	0.984025559105431	0.981266337496369	1	0.443508568109207
80	20	1	0.8	1	1	1	1	0.977678571428571	0.735743087557604	0.997983870967742	0.98963133640553	0.985455069124424	1	0.433755760368664
160	20	1	0.8	1	1	1	1	0.986895161290323	0.590293778801843	0.997983870967742	0.990783410138249	0.985743087557604	1	0.423531105990783
320	20	1	0.8	1	1	1	1	0.98905529953917	0.444988479262673	0.996255760368664	0.990783410138249	0.984735023041475	0.99985599078341	0.418778801843318
20	40	1	0.8	1	1	1	1	0.704045680962216	0.878022111529583	0.990766614020168	0.915806098894424	0.941805369942899	0.999878508079213	0.231442109099745
40	40	1	0.8	1	1	1	1	0.788150042625746	0.810102301790281	0.99381926683717	0.924126172208014	0.943307757885763	0.999893435635124	0.276747655583973
80	40	1	0.8	1	1	1	1	0.831234789969315	0.67654216485028	0.991746905089409	0.92106655380383	0.93545656544281	1	0.25203682150037
160	40	1	0.8	1	1	1	1	0.872500264522273	0.520685641731034	0.99291080308962	0.918632948894297	0.933975240715268	1	0.235424822770077
320	40	1	0.8	1	1	1	1	0.886043804888372	0.390540683525553	0.990265580361867	0.91355412125701	0.931964871442175	1	0.224314887313512
20	80	1	0.8	1	1	1	1	0.557740970784449	0.885323211410168	0.978605935127674	0.891534391534392	0.921440073613987	0.999654934437543	0.198527720266851
40	80	1	0.8	1	1	1	1	0.639883052727089	0.825788890009074	0.979836677084383	0.888295191047485	0.907349531202742	0.999395100312532	0.228349632019357
80	80	1	0.8	1	1	1	1	0.687718947052347	0.703433089780803	0.970873786407767	0.859373436092483	0.87849064157742	0.998798919027124	0.194174757281553
160	80	1	0.8	1	1	1	1	0.72225002502252	0.550695626063457	0.959663697327595	0.828645781203083	0.848263437093384	0.999199279351416	0.16234611150035
320	80	1	0.8	1	1	1	1	0.746271644480032	0.403963567210489	0.939645681113002	0.804624161745571	0.822039835852267	0.998498648783905	0.143829446501852
20	160	1	0.8	1	1	1	1	0.436221558262468	0.896115835440129	0.967708572741898	0.884164559871294	0.915421742128246	0.999655251666284	0.173982992415537
40	160	1	0.8	1	1	1	1	0.489423851732474	0.851732473811442	0.971091861402095	0.874899274778405	0.896051571313457	0.999496373892023	0.20870265914585
80	160	1	0.8	1	1	1	1	0.5282	0.7318	0.963	0.8218	0.8394	0.9978	0.1667
160	160	1	0.8	1	1	1	1	0.5619	0.5757	0.9423	0.7623	0.7812	0.9969	0.1115
320	160	1	0.8	1	1	1	1	0.5751	0.399	0.9118	0.7102	0.7268	0.994	0.0846
20	320	1	0.8	1	1	1	1	0.342450011491611	0.902551137669501	0.958860032176511	0.880946908756608	0.913583084348426	0.998735922776373	0.167662606297403
40	320	1	0.8	1	1	1	1	0.364121676067687	0.866136180499597	0.960112812248187	0.867546333601934	0.89041095890411	0.998589846897663	0.198126510878324
80	320	1	0.8	1	1	1	1	0.392	0.7533	0.944	0.8004	0.8225	0.9981	0.1387
160	320	1	0.8	1	1	1	1	0.3826	0.5906	0.9112	0.7063	0.7259	0.9951	0.0808
320	320	1	0.8	1	1	1	1	0.3743	0.3871	0.8634	0.5977	0.6164	0.9868	0.0432
20	20	0	1	1	1	1	1	0.871657754010695	0.844919786096257	1	0.994652406417112	0.941176470588235	1	0.844919786096257
40	20	0	1	1	1	1	1	0.720379146919431	0.417061611374408	0.985781990521327	0.848341232227488	0.819905213270142	1	0.985781990521327
80	20	0	1	1	1	1	1	0.493877551020408	0.0285714285714286	0.83265306122449	0.571428571428571	0.538775510204082	0.995918367346939	1
160	20	0	1	1	1	1	1	0.29004329004329	0	0.606060606060606	0.337662337662338	0.294372294372294	0.943722943722944	1
320	20	0	1	1	1	1	1	0.255605381165919	0	0.408071748878924	0.26457399103139	0.242152466367713	0.914798206278027	1
20	40	0	1	1	1	1	1	0.838565022421525	0.94170403587444	1	0.986547085201794	0.982062780269058	1	0.834080717488789
40	40	0	1	1	1	1	1	0.525423728813559	0.495762711864407	0.978813559322034	0.792372881355932	0.745762711864407	1	1
80	40	0	1	1	1	1	1	0.25	0.0797101449275362	0.778985507246377	0.41304347826087	0.358695652173913	0.985507246376812	1
160	40	0	1	1	1	1	1	0.0916030534351145	0	0.442748091603053	0.179389312977099	0.145038167938931	0.866412213740458	1
320	40	0	1	1	1	1	1	0.0562248995983936	0	0.184738955823293	0.0803212851405622	0.0682730923694779	0.682730923694779	1
20	80	0	1	1	1	1	1	0.695067264573991	0.986547085201794	1	1	1	1	0.84304932735426
40	80	0	1	1	1	1	1	0.210743801652893	0.5	0.966942148760331	0.756198347107438	0.727272727272727	1	1
80	80	0	1	1	1	1	1	0.0539568345323741	0.0539568345323741	0.546762589928058	0.172661870503597	0.151079136690647	0.942446043165468	1
160	80	0	1	1	1	1	1	0.00380228136882129	0	0.0874524714828897	0.0190114068441065	0.0152091254752852	0.585551330798479	1
320	80	0	1	1	1	1	1	0.00395256916996047	0	0.0276679841897233	0.00395256916996047	0.00395256916996047	0.276679841897233	1
20	160	0	1	1	1	1	1	0.475336322869955	0.995515695067265	1	0.995515695067265	0.995515695067265	1	0.887892376681614
40	160	0	1	1	1	1	1	0.0330578512396694	0.388429752066116	0.950413223140496	0.578512396694215	0.524793388429752	1	1
80	160	0	1	1	1	1	1	0.00359712230215827	0.0143884892086331	0.266187050359712	0.0359712230215827	0.0359712230215827	0.89568345323741	1
160	160	0	1	1	1	1	1	0	0	0.0228136882129278	0	0	0.20532319391635	1
320	160	0	1	1	1	1	1	0	0	0	0	0	0.0197628458498024	1
20	320	0	1	1	1	1	1	0.269058295964126	1	1	1	1	1	0.914798206278027
40	320	0	1	1	1	1	1	0.012396694214876	0.409090909090909	0.884297520661157	0.533057851239669	0.508264462809917	1	1
80	320	0	1	1	1	1	1	0	0.00359712230215827	0.107913669064748	0.0251798561151079	0.0179856115107914	0.81294964028777	1
160	320	0	1	1	1	1	1	0	0	0	0	0	0.0228136882129278	1
320	320	0	1	1	1	1	1	0	0	0	0	0	0	1
20	20	0.2	1	1	1	1	1	0.88348271446863	0.841229193341869	0.998719590268886	0.975672215108835	0.961587708066581	1	0.810499359795134
40	20	0.2	1	1	1	1	1	0.718253968253968	0.433333333333333	0.967460317460317	0.857936507936508	0.792063492063492	0.999206349206349	0.975396825396825
80	20	0.2	1	1	1	1	1	0.520793950850662	0.0822306238185255	0.846880907372401	0.617202268431002	0.560964083175803	0.993383742911153	0.99952741020794
160	20	0.2	1	1	1	1	1	0.366782935336732	0.00187818620874698	0.665146230211967	0.419103836866112	0.368392809229944	0.964851086664878	1
320	20	0.2	1	1	1	1	1	0.282816991376557	0	0.499361226445225	0.308527626956244	0.267646119450655	0.943787927179815	1
20	40	0.2	1	1	1	1	1	0.856670341786108	0.948180815876516	1	0.992282249173098	0.982359426681367	1	0.780595369349504
40	40	0.2	1	1	1	1	1	0.54239663629993	0.501751927119832	0.967764540995095	0.807988787666433	0.76103714085494	1	0.957953749124036
80	40	0.2	1	1	1	1	1	0.291718684977112	0.120682480233042	0.786516853932584	0.4548481065335	0.409904286308781	0.984602580108198	0.997086974615064
160	40	0.2	1	1	1	1	1	0.151658767772512	0.0135071090047393	0.475355450236967	0.221090047393365	0.194075829383886	0.906872037914692	0.999763033175355
320	40	0.2	1	1	1	1	1	0.0893258426966292	0.000702247191011236	0.259410112359551	0.109691011235955	0.0984550561797753	0.806039325842697	1
20	80	0.2	1	1	1	1	1	0.723497267759563	0.985792349726776	1	0.99672131147541	0.99344262295082	1	0.804371584699454
40	80	0.2	1	1	1	1	1	0.27866574009729	0.503822098679639	0.963863794301598	0.740097289784573	0.691452397498263	1	0.983321751216122
80	80	0.2	1	1	1	1	1	0.0726972325485337	0.0660883932259397	0.58942585708385	0.223048327137546	0.200743494423792	0.958694754233788	0.998760842627014
160	80	0.2	1	1	1	1	1	0.0183443085606773	0.00423330197554092	0.202492944496707	0.0435089369708373	0.0390404515522107	0.680150517403575	0.999764816556914
320	80	0.2	1	1	1	1	1	0.00557413600891862	0.000139353400222965	0.0551839464882943	0.0103121516164994	0.00919732441471572	0.388238573021182	1
20	160	0.2	1	1	1	1	1	0.53879781420765	0.997814207650273	1	0.998907103825137	1	1	0.86120218579235
40	160	0.2	1	1	1	1	1	0.103544127866574	0.489923558026407	0.954829742876998	0.685198054204309	0.624739402362752	1	0.989576094510076
80	160	0.2	1	1	1	1	1	0.00702189178025609	0.0330441966129698	0.344485749690211	0.0850888062783973	0.0735233374638579	0.920693928128872	0.999586947542338
160	160	0.2	1	1	1	1	1	0.000470366886171214	0.000470366886171214	0.0338664158043274	0.00211665098777046	0.00211665098777046	0.320319849482596	1
320	160	0.2	1	1	1	1	1	0	0	0.000836120401337793	0	0	0.0515607580824972	1
20	320	0.2	1	1	1	1	1	0.322404371584699	0.998907103825137	1	0.998907103825137	0.998907103825137	1	0.862295081967213
40	320	0.2	1	1	1	1	1	0.0382209867963864	0.496177901320361	0.938846421125782	0.655316191799861	0.583738707435719	1	0.994440583738707
80	320	0.2	1	1	1	1	1	0.00123915737298637	0.0148698884758364	0.154068566707972	0.0346964064436183	0.0285006195786865	0.872366790582404	1
160	320	0.2	1	1	1	1	1	0	0	0.00399811853245532	0.000235183443085607	0.000235183443085607	0.0905456255879586	1
320	320	0.2	1	1	1	1	1	0	0	0	0	0	0.00111482720178372	1
20	20	0.5	1	1	1	1	1	0.909332447691797	0.878113583527067	0.998671537695118	0.98073729657921	0.961474593158419	1	0.749916971105945
40	20	0.5	1	1	1	1	1	0.777541964113448	0.531931313910862	0.978005016399768	0.890218020451476	0.841983407293074	0.999421184642099	0.925911634188694
80	20	0.5	1	1	1	1	1	0.677031617454926	0.235693754899399	0.91795139796185	0.75738176117063	0.702769793571989	0.996211131434544	0.979226548210086
160	20	0.5	1	1	1	1	1	0.636363636363636	0.104788341429563	0.846865602590793	0.685056673606292	0.627689104788341	0.991094147582697	0.993985658107795
320	20	0.5	1	1	1	1	1	0.640427487933808	0.0401057228223397	0.810043668122271	0.666398529073776	0.608825557343139	0.988278556653643	0.998735922776373
20	40	0.5	1	1	1	1	1	0.850350058343057	0.946907817969662	0.999708284714119	0.991540256709452	0.984539089848308	1	0.705659276546091
40	40	0.5	1	1	1	1	1	0.654536222071767	0.618483412322275	0.982566012186865	0.875930941096818	0.839201083276913	1	0.900473933649289
80	40	0.5	1	1	1	1	1	0.497940032043946	0.281300068665599	0.890707255664912	0.653353170061799	0.608834973678187	0.993705653467613	0.962691691462577
160	40	0.5	1	1	1	1	1	0.438374214473951	0.1330833164403	0.770322319075613	0.52797486316643	0.488141090614231	0.978512061625786	0.983478613419826
320	40	0.5	1	1	1	1	1	0.430499597099114	0.0702054794520548	0.690773569701853	0.478847703464948	0.441680096696213	0.972300564061241	0.988315874294923
20	80	0.5	1	1	1	1	1	0.732116999710397	0.983782218360846	1	0.996524761077324	0.993918331885317	1	0.73819866782508
40	80	0.5	1	1	1	1	1	0.443231441048035	0.649815250251931	0.98018139066174	0.845817937520994	0.806516627477326	1	0.93600940544172
80	80	0.5	1	1	1	1	1	0.257895932742559	0.242104067257441	0.798114064985231	0.496591683708248	0.46319018404908	0.987843671892752	0.981481481481482
160	80	0.5	1	1	1	1	1	0.190179110485007	0.0869390219360032	0.603743207888911	0.3076071644194	0.281746830348159	0.927047695713423	0.994566311129
320	80	0.5	1	1	1	1	1	0.1706	0.0315	0.4664	0.2333	0.2148	0.8846	0.9966
20	160	0.5	1	1	1	1	1	0.572835215754416	0.997393570807993	1	0.997683174051549	0.999131190269331	1	0.774688676513177
40	160	0.5	1	1	1	1	1	0.248068525361102	0.678703392677192	0.972287537789721	0.817601612361438	0.772253946926436	1	0.953140745717165
80	160	0.5	1	1	1	1	1	0.103158373097023	0.210179504658032	0.669620540786185	0.360259032038173	0.335151102022268	0.97307430129516	0.992615314701204
160	160	0.5	1	1	1	1	1	0.0479975850271684	0.0446769973837794	0.392030589655866	0.143389011873616	0.128899174884283	0.811128999798752	0.99929563292413
320	160	0.5	1	1	1	1	1	0.0255	0.0065	0.2157	0.0562	0.0508	0.661	1
20	320	0.5	1	1	1	1	1	0.397914856646394	0.999420793512887	1	0.998841587025775	0.999710396756444	1	0.781639154358529
40	320	0.5	1	1	1	1	1	0.136042996305005	0.689284514612026	0.963385959019147	0.803325495465233	0.757306012764528	1	0.961370507222036
80	320	0.5	1	1	1	1	1	0.0415814587593729	0.188025448761645	0.526130424903431	0.272438082254033	0.25142013178823	0.963417405135197	0.996250852079073
160	320	0.5	1	1	1	1	1	0.0100623867981485	0.0265647011471121	0.212517609176897	0.0605755685248541	0.0556449989937613	0.66190380358221	0.999698128396056
320	320	0.5	1	1	1	1	1	0.0013	0.0013	0.062	0.0075	0.007	0.3511	1
20	20	0.8	1	1	1	1	1	0.917864815732937	0.90199966947612	0.999008428358949	0.984134853743183	0.976037018674599	1	0.619071227896215
40	20	0.8	1	1	1	1	1	0.879322942036045	0.705918168533853	0.989649293716512	0.946785192401364	0.918046760837798	0.9997564539698	0.767291768144179
80	20	0.8	1	1	1	1	1	0.883482861743731	0.555555555555556	0.977915804002761	0.920979986197378	0.891419369680239	0.999194847020934	0.806993328732459
160	20	0.8	1	1	1	1	1	0.895196506550218	0.439554125488393	0.969317398299242	0.914617329349575	0.882900482647667	0.999425419443806	0.821880027579867
320	20	0.8	1	1	1	1	1	0.901057228223397	0.341990347046656	0.95805561939784	0.911054929901172	0.882210985980234	0.999310503332567	0.836589289818433
20	40	0.8	1	1	1	1	1	0.839430894308943	0.94541231126597	0.99883855981417	0.980400696864111	0.982433217189315	1	0.55705574912892
40	40	0.8	1	1	1	1	1	0.802174376465572	0.783415050095928	0.993285013856321	0.944468130462588	0.926668087827755	0.999893412918354	0.720422084843317
80	40	0.8	1	1	1	1	1	0.820143159592701	0.63040629095675	0.980744026615586	0.905736465369493	0.883960076620627	0.999294283697953	0.758947474543805
160	40	0.8	1	1	1	1	1	0.852840451248993	0.495870265914585	0.970588235294118	0.895648670427075	0.87298549556809	0.999395648670427	0.789383561643836
320	40	0.8	1	1	1	1	1	0.863819500402901	0.369258662369057	0.95960918614021	0.890108783239323	0.865733279613215	0.999093473005641	0.80267929089444
20	80	0.8	1	1	1	1	1	0.73963133640553	0.977246543778802	0.998559907834101	0.983438940092166	0.987471198156682	1	0.566676267281106
40	80	0.8	1	1	1	1	1	0.680562903396466	0.836207808697492	0.993968892180722	0.937678552534123	0.921807216167601	1	0.746587662681198
80	80	0.8	1	1	1	1	1	0.699029126213592	0.679111200080072	0.974777299569613	0.872785506956261	0.85216695025523	0.99899909918927	0.800320288259433
160	80	0.8	1	1	1	1	1	0.7343	0.531	0.9599	0.8428	0.8236	0.9979	0.8411
320	80	0.8	1	1	1	1	1	0.754	0.3882	0.9397	0.8147	0.7939	0.9978	0.8613
20	160	0.8	1	1	1	1	1	0.589861751152074	0.986175115207373	0.997983870967742	0.985023041474654	0.990783410138249	1	0.572292626728111
40	160	0.8	1	1	1	1	1	0.520156597185483	0.871230557612951	0.992064331816739	0.933657813987938	0.92064331816739	1	0.764469368320813
80	160	0.8	1	1	1	1	1	0.550495445901311	0.721649484536082	0.960964868381543	0.850765689120208	0.831548393554199	0.998598738864979	0.83495145631068
160	160	0.8	1	1	1	1	1	0.5762	0.5606	0.9384	0.7814	0.7602	0.9965	0.8846
320	160	0.8	1	1	1	1	1	0.5902	0.3817	0.9103	0.7269	0.7057	0.9944	0.9179
20	320	0.8	1	1	1	1	1	0.43778801843318	0.990207373271889	0.997407834101382	0.985887096774194	0.990927419354839	1	0.575892857142857
40	320	0.8	1	1	1	1	1	0.383134059887843	0.891016823616549	0.989524917998095	0.931224209078404	0.917574859803195	1	0.775156068140938
80	320	0.8	1	1	1	1	1	0.406265639075168	0.748173356020418	0.942248023220899	0.825542988689821	0.808227404664198	0.99829846862176	0.858973075768191
160	320	0.8	1	1	1	1	1	0.403	0.5767	0.9088	0.7309	0.7131	0.9938	0.9184
320	320	0.8	1	1	1	1	1	0.3835	0.3727	0.8556	0.6103	0.5947	0.9864	0.9586
20	20	1	1	1	1	1	1	0.897557755775578	0.893465346534653	0.998547854785479	0.975181518151815	0.975709570957096	1	0.498085808580858
40	20	1	1	1	1	1	1	0.929976851851852	0.793518518518519	0.996990740740741	0.971064814814815	0.960532407407407	1	0.566203703703704
80	20	1	1	1	1	1	1	0.952194897724661	0.679958630199954	0.99425419443806	0.972075384968973	0.956561709951735	1	0.573316478970352
160	20	1	1	1	1	1	1	0.965065502183406	0.556423810618249	0.991840956102045	0.972994713858883	0.958285451620317	0.999885083888761	0.576074465640083
320	20	1	1	1	1	1	1	0.963916341071018	0.414847161572052	0.987933808319926	0.968283153298092	0.955067800505631	0.999885083888761	0.582165019535739
20	40	1	1	1	1	1	1	0.789029047563939	0.925471588936466	0.996296724916098	0.959148246730702	0.972225436870733	0.999884272653628	0.435597731744011
40	40	1	1	1	1	1	1	0.848315746753247	0.84963474025974	0.997463474025974	0.957386363636364	0.959314123376623	1	0.500608766233766
80	40	1	1	1	1	1	1	0.896051571313457	0.748086220789686	0.994460112812248	0.955781627719581	0.953162771958098	0.999899274778405	0.502921031426269
160	40	1	1	1	1	1	1	0.930197421434327	0.629431909750201	0.994560838033844	0.959004834810637	0.956385979049154	1	0.504431909750201
320	40	1	1	1	1	1	1	0.946112006446414	0.48751007252216	0.992949234488316	0.960012087026591	0.957796132151491	0.999899274778405	0.513497179693795
20	80	1	1	1	1	1	1	0.675017237416686	0.951965065502183	0.994139278326821	0.957595954952884	0.970811307745346	1	0.422316708802574
40	80	1	1	1	1	1	1	0.749597099113618	0.90290088638195	0.994762288477035	0.955781627719581	0.959307010475423	0.999899274778405	0.498589846897663
80	80	1	1	1	1	1	1	0.8343	0.8356	0.9963	0.9482	0.95	1	0.4974
160	80	1	1	1	1	1	1	0.8936	0.7431	0.9936	0.9503	0.9504	0.9999	0.5104
320	80	1	1	1	1	1	1	0.9213	0.6163	0.9918	0.9528	0.9508	0.9999	0.5088
20	160	1	1	1	1	1	1	0.555734313950816	0.964261089404735	0.992070788324523	0.957710871064123	0.972649965525167	1	0.425649276028499
40	160	1	1	1	1	1	1	0.629431909750201	0.931305398871877	0.994258662369057	0.955278001611604	0.957997582594682	0.999899274778405	0.491841257050766
80	160	1	1	1	1	1	1	0.7444	0.8898	0.9948	0.9488	0.9497	0.9999	0.4981
160	160	1	1	1	1	1	1	0.8391	0.8386	0.9954	0.9552	0.954	1	0.5
320	160	1	1	1	1	1	1	0.8876	0.7394	0.9947	0.9473	0.9457	1	0.5036
20	320	1	1	1	1	1	1	0.421971960468858	0.967019076074466	0.988623304987359	0.955067800505631	0.970121811077913	1	0.420133302689037
40	320	1	1	1	1	1	1	0.498388396454472	0.946313456889605	0.993553585817889	0.959105560032232	0.961623690572119	1	0.483682514101531
80	320	1	1	1	1	1	1	0.6144	0.9178	0.9921	0.9482	0.9488	0.9999	0.4911
160	320	1	1	1	1	1	1	0.7431	0.8896	0.9942	0.9505	0.951	0.9999	0.4923
320	320	1	1	1	1	1	1	0.834	0.8348	0.9931	0.9476	0.9493	0.9999	0.4998
