n1	n2	d1	d2	sig1	sig2	sigm	sdir	d1.c2	d2.c1	c1.c2	d1.p2	d2.p1	p1.p2	big2
20	20	0	0	1	0.0563380281690141	0.279678068410463	0.515090543259557	0.309859154929577	0.35010060362173	0.907444668008048	0.625754527162978	0.665995975855131	0.997987927565392	0.0120724346076459
40	20	0	0	1	0.050880626223092	0.465753424657534	0.536203522504892	0.663405088062622	0.418786692759295	0.960861056751468	0.796477495107632	0.798434442270059	1	0.0704500978473581
80	20	0	0	1	0.0457142857142857	0.563809523809524	0.493333333333333	0.773333333333333	0.401904761904762	0.954285714285714	0.845714285714286	0.841904761904762	0.996190476190476	0.125714285714286
160	20	0	0	1	0.0524271844660194	0.716504854368932	0.489320388349515	0.852427184466019	0.368932038834951	0.961165048543689	0.879611650485437	0.875728155339806	1	0.238834951456311
320	20	0	0	1	0.0652591170825336	0.779270633397313	0.46257197696737	0.894433781190019	0.289827255278311	0.950095969289827	0.9021113243762	0.898272552783109	0.998080614203455	0.268714011516315
20	40	0	0	1	0.0583501006036217	0.203219315895372	0.462776659959759	0.10261569416499	0.283702213279678	0.871227364185111	0.466800804828974	0.515090543259557	0.997987927565392	0
40	40	0	0	1	0.0352250489236791	0.309197651663405	0.500978473581213	0.336594911937378	0.348336594911937	0.917808219178082	0.661448140900196	0.671232876712329	0.998043052837573	0.00978473581213307
80	40	0	0	1	0.0628571428571429	0.462857142857143	0.495238095238095	0.607619047619048	0.398095238095238	0.931428571428571	0.739047619047619	0.739047619047619	1	0.0685714285714286
160	40	0	0	1	0.054368932038835	0.590291262135922	0.49126213592233	0.794174757281553	0.405825242718447	0.963106796116505	0.850485436893204	0.850485436893204	0.998058252427184	0.130097087378641
320	40	0	0	1	0.0518234165067179	0.710172744721689	0.510556621880998	0.850287907869482	0.389635316698656	0.953934740882918	0.873320537428023	0.867562380038388	0.998080614203455	0.178502879078695
20	80	0	0	1	0.0643863179074447	0.152917505030181	0.527162977867203	0.00402414486921529	0.265593561368209	0.830985915492958	0.366197183098592	0.422535211267606	0.997987927565392	0
40	80	0	0	1	0.0626223091976517	0.227005870841487	0.522504892367906	0.103718199608611	0.346379647749511	0.900195694716243	0.547945205479452	0.581213307240705	1	0
80	80	0	0	1	0.0628571428571429	0.291428571428571	0.466666666666667	0.329523809523809	0.335238095238095	0.897142857142857	0.611428571428571	0.622857142857143	0.998095238095238	0.0133333333333333
160	80	0	0	1	0.0524271844660194	0.448543689320388	0.481553398058252	0.592233009708738	0.363106796116505	0.932038834951456	0.757281553398058	0.757281553398058	0.998058252427184	0.0504854368932039
320	80	0	0	1	0.0595009596928983	0.562380038387716	0.485604606525912	0.760076775431862	0.403071017274472	0.942418426103647	0.821497120921305	0.82341650671785	0.994241842610365	0.109404990403071
20	160	0	0	1	0.0583501006036217	0.10261569416499	0.505030181086519	0	0.219315895372233	0.744466800804829	0.243460764587525	0.291750503018109	0.997987927565392	0
40	160	0	0	1	0.0567514677103718	0.156555772994129	0.524461839530333	0.00782778864970646	0.277886497064579	0.849315068493151	0.420743639921722	0.455968688845401	0.998043052837573	0
80	160	0	0	1	0.0514285714285714	0.220952380952381	0.459047619047619	0.0933333333333333	0.283809523809524	0.88	0.493333333333333	0.506666666666667	0.994285714285714	0.0019047619047619
160	160	0	0	1	0.0446601941747573	0.357281553398058	0.512621359223301	0.363106796116505	0.366990291262136	0.937864077669903	0.654368932038835	0.65631067961165	0.994174757281553	0.00970873786407767
320	160	0	0	1	0.0499040307101727	0.514395393474088	0.55278310940499	0.641074856046065	0.431861804222649	0.950095969289827	0.785028790786948	0.785028790786948	1	0.0652591170825336
20	320	0	0	1	0.0563380281690141	0.0865191146881288	0.537223340040241	0	0.181086519114688	0.641851106639839	0.17102615694165	0.235412474849095	0.995975855130785	0
40	320	0	0	1	0.060665362035225	0.11545988258317	0.477495107632094	0	0.219178082191781	0.759295499021526	0.270058708414873	0.307240704500978	0.99412915851272	0
80	320	0	0	1	0.0514285714285714	0.184761904761905	0.48952380952381	0.00571428571428571	0.266666666666667	0.841904761904762	0.403809523809524	0.419047619047619	0.994285714285714	0
160	320	0	0	1	0.0504854368932039	0.236893203883495	0.506796116504854	0.110679611650485	0.312621359223301	0.871844660194175	0.530097087378641	0.537864077669903	0.994174757281553	0
320	320	0	0	1	0.0479846449136276	0.370441458733205	0.516314779270633	0.36468330134357	0.36468330134357	0.927063339731286	0.648752399232246	0.652591170825336	0.998080614203455	0.0115163147792706
20	20	0.2	0	1	0.0636550308008214	0.31006160164271	0.481519507186858	0.288501026694045	0.309034907597536	0.899383983572895	0.58829568788501	0.621149897330595	0.994866529774127	0.013347022587269
40	20	0.2	0	1	0.0486634681288554	0.519533927347498	0.50514050719671	0.585332419465387	0.369431117203564	0.934201507882111	0.735435229609322	0.748457847840987	0.999314599040439	0.0486634681288554
80	20	0.2	0	1	0.0522203947368421	0.686266447368421	0.495065789473684	0.749177631578947	0.368009868421053	0.941200657894737	0.817023026315789	0.815789473684211	0.997532894736842	0.104029605263158
160	20	0.2	0	1	0.0482012696919821	0.826005172819187	0.500352692217258	0.833294145309194	0.348930166940983	0.946625911121561	0.858923113096638	0.853515165765342	0.998589231130966	0.174935339760169
320	20	0.2	0	1	0.0493242301797408	0.935906367563049	0.493938971715201	0.876271422599972	0.284101992475965	0.948028424132646	0.887000139333984	0.88240211787655	0.999303330082207	0.226557057266267
20	40	0.2	0	1	0.0462012320328542	0.209445585215606	0.496919917864476	0.0759753593429158	0.268993839835729	0.86652977412731	0.447638603696099	0.496919917864476	0.992813141683778	0
40	40	0.2	0	1	0.0472926662097327	0.354352296093215	0.479095270733379	0.283070596298835	0.2960932145305	0.903358464701851	0.588074023303633	0.610006854009596	0.998629198080877	0.00959561343385881
80	40	0.2	0	1	0.0501644736842105	0.538240131578947	0.505756578947368	0.558388157894737	0.350740131578947	0.928042763157895	0.712171052631579	0.719161184210526	0.997944078947368	0.0361842105263158
160	40	0.2	0	1	0.0467905008229485	0.738067246649424	0.504114742534681	0.72113802022102	0.358805549024218	0.930637197272513	0.783917234893017	0.785798260051728	0.998354102986127	0.0945215142252528
320	40	0.2	0	1	0.0518322418837955	0.892712832659886	0.50884770795597	0.805907760902884	0.323254841855929	0.937021039431517	0.83795457712136	0.836421903302215	0.998885328131531	0.14922669639125
20	80	0.2	0	1	0.0451745379876797	0.141683778234086	0.501026694045175	0.00205338809034908	0.226899383983573	0.784394250513347	0.320328542094456	0.36652977412731	0.992813141683778	0
40	80	0.2	0	1	0.0486634681288554	0.257025359835504	0.494174091843729	0.0884167237834133	0.277587388622344	0.84167237834133	0.453050034270048	0.468814256339959	0.991775188485264	0.00205620287868403
80	80	0.2	0	1	0.0587993421052632	0.394325657894737	0.498355263157895	0.306332236842105	0.312088815789474	0.888569078947368	0.573601973684211	0.587171052631579	0.993009868421053	0.0131578947368421
160	80	0.2	0	1	0.0519633200094051	0.594639078297672	0.4867152598166	0.513754996473078	0.305431460145779	0.907594639078298	0.66141547143193	0.666118034328709	0.995062308958382	0.0385610157535857
320	80	0.2	0	1	0.0514142399331197	0.828758534206493	0.4979796572384	0.670475128883935	0.304444754075519	0.909572244670475	0.741256792531699	0.741814128465933	0.996516650411035	0.0856903998885328
20	160	0.2	0	1	0.0472279260780287	0.117043121149897	0.497946611909651	0	0.168377823408624	0.68788501026694	0.201232032854209	0.24435318275154	0.990759753593429	0
40	160	0.2	0	1	0.0514050719671008	0.164496230294722	0.480466072652502	0.00685400959561343	0.212474297464016	0.761480466072653	0.324194653872515	0.353666895133653	0.991775188485264	0
80	160	0.2	0	1	0.0481085526315789	0.271792763157895	0.509457236842105	0.0814144736842105	0.250411184210526	0.831825657894737	0.439144736842105	0.449424342105263	0.991776315789474	0.000822368421052632
160	160	0.2	0	1	0.0519633200094051	0.452151422525276	0.494709616741124	0.24994121796379	0.252527627557019	0.855161062779215	0.519162943804373	0.523630378556313	0.989889489771926	0.00752410063484599
320	160	0.2	0	1	0.0504389020482096	0.703357949003762	0.493660303748084	0.442524731782082	0.251497840323255	0.858436672704473	0.598021457433468	0.60080813710464	0.988574613348196	0.0253587850076634
20	320	0.2	0	1	0.0472279260780287	0.0677618069815195	0.502053388090349	0	0.131416837782341	0.550308008213552	0.126283367556468	0.175564681724846	0.991786447638604	0
40	320	0.2	0	1	0.0534612748457848	0.109664153529815	0.494174091843729	0	0.181631254283756	0.646333104866347	0.226182316655243	0.245373543522961	0.991775188485264	0
80	320	0.2	0	1	0.0402960526315789	0.181332236842105	0.498766447368421	0.00411184210526316	0.200657894736842	0.731496710526316	0.305509868421053	0.320723684210526	0.988898026315789	0
160	320	0.2	0	1	0.0519633200094051	0.319304020691277	0.503644486245004	0.0634845991065131	0.218434046555373	0.772395955795909	0.375499647307783	0.381612979073595	0.981895132847402	0.000940512579355749
320	320	0.2	0	1	0.0518322418837955	0.56026194788909	0.502717012679393	0.202312944127073	0.203706283962658	0.774975616552877	0.437369374390414	0.440574056012261	0.975895220844364	0.0055733593423436
20	20	0.5	0	1	0.0468885672937771	0.371056439942113	0.487409551374819	0.252677279305355	0.277279305354559	0.882199710564399	0.518379160636758	0.557742402315485	0.993053545586107	0.00723589001447178
40	20	0.5	0	1	0.04954652334565	0.64863957003695	0.488579106483037	0.45582801477998	0.280819617064159	0.881256298286866	0.615552569701041	0.633523681558616	0.992274101444407	0.0315754114880752
80	20	0.5	0	1	0.0487389229720518	0.891274710293115	0.489206998409452	0.582254033174279	0.246989320608953	0.874801181549648	0.6657577823222	0.675187457396046	0.992728925244263	0.0581685980458987
160	20	0.5	0	1	0.0498088146508352	0.992755081505333	0.491547595089555	0.63614409337895	0.188468504729322	0.845240491044476	0.674481787079895	0.68222982491447	0.990943851881666	0.0714429462668545
320	20	0.5	0	1	0.0497	1	0.4912	0.637	0.1262	0.7982	0.6592	0.6657	0.9904	0.0656
20	40	0.5	0	1	0.0512301013024602	0.250361794500724	0.501302460202605	0.058465991316932	0.231837916063676	0.796526772793054	0.380028943560058	0.423733719247467	0.988133140376266	0.000578871201157742
40	40	0.5	0	1	0.0547531071548539	0.485723883103796	0.501679543164259	0.220356063150823	0.231944910984212	0.81625797783003	0.46036278132348	0.482868659724555	0.983204568357407	0.00671817265703729
80	40	0.5	0	1	0.0519200181776869	0.798454896614406	0.503976369007044	0.351170188593501	0.190184049079755	0.798341286071347	0.502044989775051	0.514996591683708	0.980004544421722	0.0167007498295842
160	40	0.5	0	1	0.0511169249345945	0.980478969611592	0.505836184342926	0.402696719661904	0.127591064600523	0.741698530891527	0.48510766753874	0.494767558864963	0.975850271684444	0.0219360032199638
320	40	0.5	0	1	0.0511	1	0.5058	0.4048	0.0718	0.6616	0.451	0.4612	0.9651	0.0193
20	80	0.5	0	1	0.0523878437047757	0.17424023154848	0.502749638205499	0.00376266280752533	0.183791606367583	0.70767004341534	0.246599131693198	0.291751085383502	0.983502170767004	0
40	80	0.5	0	1	0.0512260665099093	0.335908632851864	0.504870675176352	0.0560967416862613	0.176687940880081	0.710278804165267	0.310379576755123	0.332213637890494	0.972791400738999	0.000503862949277796
80	80	0.5	0	1	0.0523744603499205	0.653147012042718	0.501249715973642	0.137923199272893	0.142808452624404	0.664167234719382	0.327084753465122	0.338104976141786	0.948420813451488	0.00329470574869348
160	80	0.5	0	1	0.0525256590863353	0.95461863554035	0.498691889716241	0.16331253773395	0.0757697725900584	0.570134835983095	0.270577581002214	0.279533105252566	0.914369088347756	0.00623867981485208
320	80	0.5	0	1	0.0525	0.9999	0.4988	0.1432	0.0291	0.4252	0.1969	0.2054	0.8741	0.0026
20	160	0.5	0	1	0.0529667149059334	0.109985528219971	0.487988422575977	0	0.129088277858177	0.568740955137482	0.148191027496382	0.19218523878437	0.978871201157742	0
40	160	0.5	0	1	0.0503862949277796	0.210278804165267	0.499496137050722	0.00352704064494458	0.12882096069869	0.579106483036614	0.193819281155526	0.214981525025193	0.958011420893517	0
80	160	0.5	0	1	0.0513519654623949	0.468757100658941	0.498409452397182	0.0236309929561463	0.0938423085662349	0.504317200636219	0.1813224267212	0.188593501476937	0.899227448307203	0.000227221086116792
160	160	0.5	0	1	0.0516200442745019	0.87804387200644	0.495471925940833	0.0348158583215939	0.0360233447373717	0.361340309921513	0.113503723083115	0.117327430066412	0.777017508553029	0.00110686254779634
320	160	0.5	0	1	0.0515	0.9992	0.4959	0.0229	0.0064	0.1856	0.0493	0.0506	0.6128	4e-04
20	320	0.5	0	1	0.0552821997105644	0.0903039073806078	0.506222865412446	0	0.102170767004342	0.454413892908828	0.0929088277858177	0.134876989869754	0.973950795947902	0
40	320	0.5	0	1	0.0527376553577427	0.140913671481357	0.503023177695667	0	0.0979173664763184	0.437185085656701	0.125293920053745	0.140073899899227	0.942391669465905	0
80	320	0.5	0	1	0.0504430811179277	0.307770961145194	0.507611906384912	0.00102249488752556	0.0576005453306067	0.352079072937969	0.0985003408316292	0.103840036355374	0.845376050897523	0
160	320	0.5	0	1	0.0522237874823908	0.711108875025156	0.503521835379352	0.00382370698329644	0.0187160394445562	0.182431072650433	0.0429663916280942	0.044375125779835	0.61994365063393	0
320	320	0.5	0	1	0.0521	0.9929	0.5037	9e-04	9e-04	0.0466	0.0063	0.0063	0.305	0
20	20	0.8	0	1	0.0496831797235023	0.468173963133641	0.492655529953917	0.184619815668203	0.207085253456221	0.777505760368664	0.408698156682028	0.457229262672811	0.977822580645161	0.00547235023041475
40	20	0.8	0	1	0.0506824674637604	0.833456777060628	0.4890487779071	0.28811765950693	0.155644905301026	0.743730822135224	0.423341445349698	0.454660882446302	0.972278065813141	0.0139667760025394
80	20	0.8	0	1	0.0497447702932639	0.994394955459914	0.491142027825043	0.301571414272846	0.0864778300470423	0.651286157541788	0.368431588429587	0.393754378941047	0.955860274246822	0.0129116204584126
160	20	0.8	0	1	0.0497	1	0.4912	0.2962	0.0449	0.5457	0.335	0.3574	0.9409	0.0103
320	20	0.8	0	1	0.0497	1	0.4912	0.2886	0.0234	0.469	0.309	0.3311	0.9339	0.0089
20	40	0.8	0	1	0.0529953917050691	0.315380184331797	0.512528801843318	0.040610599078341	0.161146313364055	0.670794930875576	0.263824884792627	0.300691244239631	0.962269585253456	0.000432027649769585
40	40	0.8	0	1	0.051105703100201	0.691461221034811	0.505025923182732	0.104539202200825	0.112686488202307	0.59697386519945	0.253623955137023	0.275949634959264	0.923182731986033	0.00169294254576235
80	40	0.8	0	1	0.0511460314282855	0.980282254028626	0.505655089580623	0.0941847662896607	0.0399359423481133	0.440996897207487	0.169552597337604	0.18156340706636	0.853167851065959	0.00160144129716745
160	40	0.8	0	1	0.0511	1	0.5058	0.0789	0.0121	0.3011	0.1135	0.1251	0.7829	0.0011
320	40	0.8	0	1	0.0511	1	0.5058	0.0645	0.0041	0.1988	0.0801	0.0897	0.7338	2e-04
20	80	0.8	0	1	0.0537154377880184	0.200604838709677	0.498847926267281	0.00172811059907834	0.11491935483871	0.525633640552995	0.160138248847926	0.191100230414747	0.935771889400922	0
40	80	0.8	0	1	0.0530102634641837	0.490001058089091	0.500052904454555	0.0169294254576235	0.0725849116495609	0.421754311713046	0.137974817479632	0.153846153846154	0.853983705427997	0
80	80	0.8	0	1	0.052447202482234	0.932138925032529	0.498848964067661	0.0164147732959664	0.0171154038634771	0.22310079071164	0.0564508057251526	0.061255129616655	0.660594535081573	0.000200180162145931
160	80	0.8	0	1	0.0525	0.9999	0.4988	0.009	0.0029	0.0873	0.0193	0.0208	0.4449	1e-04
320	80	0.8	0	1	0.0525	1	0.4988	0.0043	3e-04	0.0343	0.0061	0.007	0.3017	0
20	160	0.8	0	1	0.0532834101382488	0.126440092165899	0.495391705069124	0	0.0832373271889401	0.392281105990783	0.0956221198156682	0.121543778801843	0.918634792626728	0
40	160	0.8	0	1	0.0519521743730822	0.303671569146122	0.494974076817268	0.00137551581843191	0.0422177547349487	0.270764998412866	0.0672944661940535	0.075547561104645	0.779070997778013	0
80	160	0.8	0	1	0.0515463917525773	0.78130317285557	0.495846261635472	0.00140126113502152	0.00590531478330497	0.0910819737763988	0.0162145931338204	0.017415674106696	0.436592933640276	0
160	160	0.8	0	1	0.0515	0.9973	0.4959	1e-04	1e-04	0.0141	0.002	0.002	0.1427	0
320	160	0.8	0	1	0.0515	1	0.4959	1e-04	0	0.0011	1e-04	1e-04	0.0324	0
20	320	0.8	0	1	0.0491071428571429	0.0930299539170507	0.507200460829493	0	0.057315668202765	0.280529953917051	0.0525633640552995	0.0745967741935484	0.911146313364055	0
40	320	0.8	0	1	0.0513173209184213	0.194794201671781	0.503227171727859	0	0.029520685641731	0.167495503121363	0.0379853983705428	0.0435932705533806	0.725849116495609	0
80	320	0.8	0	1	0.0520468421579421	0.550695626063457	0.503753378040236	0	0.00330297267540787	0.0322290061054949	0.00520468421579422	0.00540486437794015	0.295866279651686	0
160	320	0.8	0	1	0.0521	0.9722	0.5037	0	0	0.0017	1e-04	1e-04	0.0323	0
320	320	0.8	0	1	0.0521	1	0.5037	0	0	0	0	0	0.001	0
20	20	1	0	1	0.0501034245001149	0.549184095610205	0.48850838887612	0.132383360147093	0.154217421282464	0.680992875201103	0.312801654792002	0.359112847621237	0.959434612732705	0.00321765111468628
40	20	1	0	1	0.0499597099113618	0.946011281224819	0.490834004834811	0.158138597904915	0.0799758259468171	0.576248992747784	0.255036261079774	0.288074133763094	0.925161160354553	0.00493553585817889
80	20	1	0	1	0.0497	1	0.4912	0.1442	0.0301	0.4361	0.192	0.2191	0.8803	0.0036
160	20	1	0	1	0.0497	1	0.4912	0.1339	0.0133	0.3259	0.1567	0.1812	0.8464	0.0031
320	20	1	0	1	0.0497	1	0.4912	0.1271	0.0066	0.2589	0.1407	0.1626	0.8264	0.0019
20	40	1	0	1	0.0499885083888761	0.366122730406803	0.505401057228223	0.0249367961388187	0.10687198345208	0.540220638933579	0.184210526315789	0.220179269133533	0.913927832682142	0.000229832222477591
40	40	1	0	1	0.0509669621273167	0.833501208702659	0.50624496373892	0.0347502014504432	0.0390813859790492	0.369963738920226	0.111804995970991	0.125906526994359	0.806103948428686	0
80	40	1	0	1	0.0511	0.9993	0.5058	0.0225	0.0078	0.2018	0.0518	0.0597	0.6446	1e-04
160	40	1	0	1	0.0511	1	0.5058	0.0133	9e-04	0.0938	0.0224	0.0279	0.5117	0
320	40	1	0	1	0.0511	1	0.5058	0.0102	5e-04	0.0506	0.014	0.0175	0.4321	0
20	80	1	0	1	0.0529763272810848	0.232934957481039	0.496667432774075	0.00114916111238796	0.0671110089634567	0.391519190990577	0.0949207078832452	0.121121581245691	0.870949207078832	0
40	80	1	0	1	0.0525785656728445	0.636784850926672	0.498589846897663	0.00433118452860596	0.020245769540693	0.19842868654311	0.0415995165189363	0.0470386784850927	0.64574939564867	0
80	80	1	0	1	0.0525	0.9892	0.4988	0.0019	0.0021	0.0569	0.0072	0.0084	0.3298	0
160	80	1	0	1	0.0525	1	0.4988	4e-04	0	0.0117	0.0013	0.0014	0.1291	0
320	80	1	0	1	0.0525	1	0.4988	1e-04	0	0.0023	2e-04	2e-04	0.0567	0
20	160	1	0	1	0.0525166628361296	0.141576649046196	0.492070788324523	0	0.0456216961618019	0.263732475293036	0.0521719145024132	0.0690645828545162	0.82728108480809	0
40	160	1	0	1	0.0515713134568896	0.403505237711523	0.495668815471394	0	0.0088638195004029	0.0902497985495568	0.0132957292506044	0.0154109589041096	0.50201450443191	0
80	160	1	0	1	0.0515	0.9174	0.4959	0	2e-04	0.0095	7e-04	8e-04	0.1313	0
160	160	1	0	1	0.0515	0.9999	0.4959	0	0	2e-04	0	0	0.0114	0
320	160	1	0	1	0.0515	1	0.4959	0	0	1e-04	0	0	8e-04	0
20	320	1	0	1	0.0520569983911744	0.104228912893588	0.504251896115835	0	0.0333256722592507	0.173178579636865	0.0306826017007584	0.0455067800505631	0.809813835899793	0
40	320	1	0	1	0.052074939564867	0.252115229653505	0.503323932312651	0	0.00423045930701048	0.0431103948428687	0.00614423851732474	0.00705076551168413	0.424858984689766	0
80	320	1	0	1	0.0521	0.7152	0.5037	0	0	0.0018	0	0	0.0513	0
160	320	1	0	1	0.0521	0.9976	0.5037	0	0	0	0	0	6e-04	0
320	320	1	0	1	0.0521	1	0.5037	0	0	0	0	0	0	0
20	20	0	0.2	1	0.112676056338028	0.309859154929577	0.442655935613682	0.301810865191147	0.321931589537223	0.881287726358149	0.549295774647887	0.587525150905433	0.993963782696177	0.0221327967806841
40	20	0	0.2	1	0.0998043052837573	0.432485322896282	0.469667318982387	0.565557729941292	0.377690802348337	0.921722113502935	0.712328767123288	0.716242661448141	0.99412915851272	0.0900195694716243
80	20	0	0.2	1	0.112380952380952	0.592380952380952	0.500952380952381	0.739047619047619	0.407619047619048	0.923809523809524	0.805714285714286	0.801904761904762	0.998095238095238	0.184761904761905
160	20	0	0.2	1	0.0990291262135922	0.70873786407767	0.520388349514563	0.848543689320388	0.345631067961165	0.953398058252427	0.879611650485437	0.87378640776699	0.996116504854369	0.250485436893204
320	20	0	0.2	1	0.0786948176583493	0.767754318618042	0.499040307101727	0.894433781190019	0.27447216890595	0.944337811900192	0.898272552783109	0.896353166986564	1	0.301343570057582
20	40	0	0.2	1	0.128772635814889	0.249496981891348	0.466800804828974	0.134808853118712	0.319919517102616	0.818913480885312	0.438631790744467	0.474849094567404	0.989939637826962	0.00402414486921529
40	40	0	0.2	1	0.10958904109589	0.346379647749511	0.475538160469667	0.352250489236791	0.373776908023483	0.874755381604697	0.590998043052838	0.600782778864971	1	0.0234833659491194
80	40	0	0.2	1	0.142857142857143	0.487619047619048	0.539047619047619	0.622857142857143	0.438095238095238	0.893333333333333	0.735238095238095	0.737142857142857	0.992380952380952	0.121904761904762
160	40	0	0.2	1	0.137864077669903	0.592233009708738	0.512621359223301	0.714563106796116	0.41747572815534	0.904854368932039	0.757281553398058	0.755339805825243	0.998058252427184	0.194174757281553
320	40	0	0.2	1	0.153550863723608	0.666026871401152	0.491362763915547	0.765834932821497	0.322456813819578	0.90595009596929	0.798464491362764	0.786948176583493	0.994241842610365	0.262955854126679
20	80	0	0.2	1	0.241448692152918	0.293762575452716	0.472837022132797	0.0442655935613682	0.311871227364185	0.706237424547284	0.360160965794769	0.41851106639839	0.987927565392354	0.00201207243460765
40	80	0	0.2	1	0.232876712328767	0.322896281800391	0.467710371819961	0.23091976516634	0.365949119373777	0.765166340508806	0.4853228962818	0.500978473581213	0.976516634050881	0.0136986301369863
80	80	0	0.2	1	0.245714285714286	0.438095238095238	0.518095238095238	0.447619047619048	0.44952380952381	0.822857142857143	0.59047619047619	0.592380952380952	0.988571428571429	0.0723809523809524
160	80	0	0.2	1	0.248543689320388	0.495145631067961	0.504854368932039	0.561165048543689	0.41747572815534	0.833009708737864	0.625242718446602	0.623300970873786	0.98252427184466	0.168932038834951
320	80	0	0.2	1	0.234165067178503	0.560460652591171	0.487523992322457	0.606525911708253	0.339731285988484	0.813819577735125	0.662188099808061	0.660268714011516	0.984644913627639	0.247600767754319
20	160	0	0.2	1	0.424547283702213	0.368209255533199	0.450704225352113	0.00201207243460765	0.289738430583501	0.563380281690141	0.305835010060362	0.348088531187123	0.991951710261569	0
40	160	0	0.2	1	0.418786692759295	0.407045009784736	0.467710371819961	0.0998043052837573	0.397260273972603	0.610567514677104	0.436399217221135	0.442270058708415	0.970645792563601	0
80	160	0	0.2	1	0.420952380952381	0.455238095238095	0.527619047619048	0.335238095238095	0.44952380952381	0.727619047619048	0.523809523809524	0.52952380952381	0.96952380952381	0.0495238095238095
160	160	0	0.2	1	0.429126213592233	0.49126213592233	0.524271844660194	0.479611650485437	0.483495145631068	0.735922330097087	0.557281553398058	0.557281553398058	0.957281553398058	0.172815533980583
320	160	0	0.2	1	0.429942418426104	0.497120921305182	0.493282149712092	0.495201535508637	0.424184261036468	0.731285988483685	0.575815738963532	0.577735124760077	0.938579654510557	0.272552783109405
20	320	0	0.2	1	0.710261569416499	0.629778672032193	0.446680080482897	0	0.317907444668008	0.450704225352113	0.30784708249497	0.338028169014085	0.987927565392354	0
40	320	0	0.2	1	0.737769080234834	0.634050880626223	0.475538160469667	0.0136986301369863	0.412915851272016	0.510763209393346	0.424657534246575	0.434442270058708	0.976516634050881	0
80	320	0	0.2	1	0.727619047619048	0.561904761904762	0.535238095238095	0.207619047619048	0.491428571428571	0.577142857142857	0.504761904761905	0.506666666666667	0.961904761904762	0.00761904761904762
160	320	0	0.2	1	0.730097087378641	0.524271844660194	0.510679611650485	0.43495145631068	0.499029126213592	0.58252427184466	0.504854368932039	0.504854368932039	0.90873786407767	0.132038834951456
320	320	0	0.2	1	0.723608445297505	0.483685220729367	0.491362763915547	0.456813819577735	0.456813819577735	0.581573896353167	0.493282149712092	0.493282149712092	0.854126679462572	0.27831094049904
20	20	0.2	0.2	1	0.0903490759753593	0.515400410677618	0.715605749486653	0.480492813141684	0.524640657084189	0.955852156057495	0.756673511293634	0.787474332648871	1	0.0410677618069815
40	20	0.2	0.2	1	0.0980123372172721	0.705962988348184	0.731322823851953	0.773817683344757	0.589444825222755	0.976696367374914	0.882111034955449	0.886223440712817	1	0.143248800548321
80	20	0.2	0.2	1	0.0966282894736842	0.832236842105263	0.737664473684211	0.890625	0.559210526315789	0.981085526315789	0.930509868421053	0.930921052631579	0.999588815789474	0.254523026315789
160	20	0.2	0.2	1	0.0938161297907359	0.918880790030567	0.740653656242652	0.936985657183165	0.476604749588526	0.988008464613214	0.951093345873501	0.947096167411239	1	0.380672466494239
320	20	0.2	0.2	1	0.097533788491013	0.972969207189634	0.741953462449491	0.944545074543681	0.35864567367981	0.980632576285356	0.951929775672286	0.945938414379267	1	0.458826807858437
20	40	0.2	0.2	1	0.140657084188912	0.504106776180698	0.779260780287474	0.24435318275154	0.554414784394251	0.93429158110883	0.683778234086242	0.735112936344969	0.998973305954825	0.0154004106776181
40	40	0.2	0.2	1	0.14804660726525	0.666895133653187	0.800548320767649	0.598355037697053	0.619602467443454	0.980808773132282	0.840301576422207	0.847840986977382	1	0.0685400959561343
80	40	0.2	0.2	1	0.145148026315789	0.796463815789474	0.801398026315789	0.827302631578947	0.645970394736842	0.991365131578947	0.904194078947368	0.90625	0.999588815789474	0.192434210526316
160	40	0.2	0.2	1	0.14813073124853	0.906418998354103	0.81424876557724	0.918645661885728	0.595579590877028	0.991300258640959	0.948977192569951	0.949447448859629	1	0.332000940512579
320	40	0.2	0.2	1	0.142956667131113	0.968092517765083	0.813849797965724	0.938832381217779	0.486832938553713	0.988992615298871	0.955134457294134	0.952069109655845	1	0.435976034554828
20	80	0.2	0.2	1	0.260780287474333	0.563655030800821	0.84394250513347	0.0677618069815195	0.578028747433265	0.91170431211499	0.641683778234086	0.697125256673511	0.997946611909651	0.00205338809034908
40	80	0.2	0.2	1	0.247429746401645	0.706648389307745	0.879369431117204	0.398903358464702	0.681288553803975	0.966415352981494	0.821110349554489	0.835503769705278	0.997943797121316	0.021932830705963
80	80	0.2	0.2	1	0.240953947368421	0.822368421052632	0.899259868421053	0.729851973684211	0.740131578947368	0.983963815789474	0.901315789473684	0.905427631578947	0.999588815789474	0.116776315789474
160	80	0.2	0.2	1	0.244533270632495	0.912532330119915	0.894427462967317	0.873030801786974	0.719962379496826	0.99106513049612	0.943334117093816	0.944274629673172	0.999764871855161	0.288031977427698
320	80	0.2	0.2	1	0.241047791556361	0.966977845896614	0.898146858018671	0.929357670335795	0.633133621290233	0.991779294970043	0.954159119409224	0.953323115507872	0.999860666016441	0.408666573777344
20	160	0.2	0.2	1	0.395277207392197	0.649897330595482	0.915811088295688	0.00410677618069815	0.590349075975359	0.87782340862423	0.605749486652977	0.661190965092402	0.998973305954825	0
40	160	0.2	0.2	1	0.436600411240576	0.766278272789582	0.95407813570939	0.165867032213845	0.707333790267306	0.962988348183688	0.793694311172036	0.816997943797121	1	0.000685400959561343
80	160	0.2	0.2	1	0.426398026315789	0.871299342105263	0.962171052631579	0.548108552631579	0.794819078947368	0.986019736842105	0.891447368421053	0.899671052631579	0.999588815789474	0.0526315789473684
160	160	0.2	0.2	1	0.425817070303315	0.931812837996708	0.966376675288032	0.812367740418528	0.815424406301434	0.994356924523865	0.944274629673172	0.947096167411239	0.999764871855161	0.214436868093111
320	160	0.2	0.2	1	0.419813292462031	0.975198550926571	0.963076494356974	0.906506897032186	0.766476243555803	0.994705308624774	0.959593144768009	0.959593144768009	0.999581998049324	0.376619757558869
20	320	0.2	0.2	1	0.734086242299795	0.84394250513347	0.936344969199179	0	0.63347022587269	0.842915811088296	0.608829568788501	0.668377823408624	0.995893223819302	0
40	320	0.2	0.2	1	0.716929403701165	0.901302261823167	0.982179575051405	0.0205620287868403	0.756682659355723	0.946538725154215	0.788896504455106	0.80603152844414	0.999314599040439	0
80	320	0.2	0.2	1	0.711348684210526	0.9375	0.988898026315789	0.336759868421053	0.834703947368421	0.974095394736842	0.886513157894737	0.893092105263158	0.998355263157895	0.0213815789473684
160	320	0.2	0.2	1	0.723724429814249	0.976487185516106	0.994121796379027	0.705149306371973	0.878673877263108	0.993886668234188	0.943804373383494	0.9468610392664	0.999764871855161	0.158241241476605
320	320	0.2	0.2	1	0.712553991918629	0.99108262505225	0.995262644559008	0.866796711717988	0.867911383586457	0.996516650411035	0.963355162324091	0.964051832241884	1	0.358088337745576
20	20	0.5	0.2	1	0.0929088277858177	0.599421128798842	0.73342981186686	0.462518089725036	0.498697539797395	0.953979739507959	0.728509406657019	0.771345875542692	0.998842257597685	0.0324167872648336
40	20	0.5	0.2	1	0.0975814578434666	0.812730937185086	0.733120591199194	0.683238159220692	0.498488411152167	0.959858918374202	0.807356399059456	0.824991602284179	0.998656365468592	0.105139402082634
80	20	0.5	0.2	1	0.0974778459441036	0.95182912974324	0.736991592819814	0.789479663712793	0.446375823676437	0.960236309929561	0.844467166553056	0.851511020222677	0.999204726198591	0.172574414905703
160	20	0.5	0.2	1	0.0974039042060777	0.996981283960555	0.738277319380157	0.825920708392031	0.343127389816865	0.946367478365868	0.852586033407124	0.855906621050513	0.998390018112296	0.19853089152747
320	20	0.5	0.2	1	0.0974	1	0.7381	0.8362	0.2448	0.9315	0.8515	0.8547	0.9985	0.1902
20	40	0.5	0.2	1	0.138060781476122	0.558610709117221	0.812156295224313	0.215918958031838	0.492908827785818	0.932272069464544	0.646020260492041	0.692040520984081	0.998263386396527	0.00926193921852388
40	40	0.5	0.2	1	0.144776620759154	0.768726906281491	0.812227074235808	0.492610010077259	0.513100436681223	0.944910984212294	0.734632180047027	0.763184413839436	0.998320456835741	0.0448438024857239
80	40	0.5	0.2	1	0.147125653260623	0.936491706430357	0.816859804589866	0.649057032492615	0.467507384685299	0.945921381504204	0.775051124744376	0.785844126334924	0.997955010224949	0.104067257441491
160	40	0.5	0.2	1	0.146206480177098	0.996176293016704	0.815355202253975	0.704668947474341	0.354196015294828	0.924833970617831	0.770879452606158	0.780841215536325	0.997484403300463	0.124572348561079
320	40	0.5	0.2	1	0.1459	1	0.8154	0.7176	0.2483	0.8963	0.7565	0.7658	0.9969	0.1121
20	80	0.5	0.2	1	0.233574529667149	0.594500723589001	0.903328509406657	0.0547033285094067	0.520115774240232	0.894066570188133	0.593632416787265	0.646888567293777	0.996526772793054	0
40	80	0.5	0.2	1	0.241350352704064	0.761504870675176	0.897547866980181	0.273093718508566	0.521330198186093	0.914343298622775	0.670641585488747	0.692475646624118	0.996137050722204	0.014779979845482
80	80	0.5	0.2	1	0.240854351283799	0.923426493978641	0.898318563962736	0.455010224948875	0.465121563281072	0.912747102931152	0.69620540786185	0.708361735969098	0.993069756873438	0.0466939331970007
160	80	0.5	0.2	1	0.243006641175287	0.993560072449185	0.899174884282552	0.526061581807205	0.335681223586235	0.886898772388811	0.663513785469913	0.673374924532099	0.9918494666935	0.0638961561682431
320	80	0.5	0.2	1	0.2432	1	0.8993	0.5307	0.207	0.8315	0.611	0.622	0.9868	0.046
20	160	0.5	0.2	1	0.413024602026049	0.690014471780029	0.962952243125904	0.00289435600578871	0.526193921852388	0.854992764109985	0.542402315484805	0.604920405209841	0.998263386396527	0
40	160	0.5	0.2	1	0.423412831709775	0.814746388982197	0.966241182398388	0.0950621430970776	0.534598589183742	0.877897211958347	0.616728249916023	0.641585488747061	0.993785690292241	0.00117568021498153
80	160	0.5	0.2	1	0.426039536468984	0.935696432628948	0.965235173824131	0.251874573960464	0.467848216314474	0.868552601681436	0.609634174051352	0.624857986821177	0.990456714383095	0.016359918200409
160	160	0.5	0.2	1	0.425739585429664	0.993660696317166	0.964681022338499	0.304990943851882	0.312034614610586	0.810223384986919	0.530187160394446	0.541054538136446	0.981183336687462	0.0296840410545381
320	160	0.5	0.2	1	0.4253	1	0.9645	0.2803	0.1502	0.7145	0.4138	0.4225	0.9621	0.0153
20	320	0.5	0.2	1	0.714905933429812	0.865412445730825	0.994211287988423	0	0.548191027496382	0.807525325615051	0.527062228654124	0.591027496382055	0.998263386396527	0
40	320	0.5	0.2	1	0.712294255962378	0.917870339267719	0.9954652334565	0.0156197514276117	0.551561975142761	0.832717500839772	0.581625797783003	0.608330534094726	0.992274101444407	0
80	320	0.5	0.2	1	0.717791411042945	0.971256532606226	0.995455578277664	0.111679163826403	0.47239263803681	0.803908202681209	0.548398091342877	0.56441717791411	0.985685071574642	0.00568052715291979
160	320	0.5	0.2	1	0.717649426443952	0.996780036224592	0.99527067820487	0.146810223384987	0.285168041859529	0.71885691285973	0.415475950895552	0.424028979673979	0.960957939223184	0.0123767357617227
320	320	0.5	0.2	1	0.7177	0.9999	0.9953	0.0999	0.1021	0.5501	0.2401	0.2463	0.8982	0.0041
20	20	0.8	0.2	1	0.097926267281106	0.682459677419355	0.734447004608295	0.349510368663594	0.386376728110599	0.902937788018433	0.609302995391705	0.663450460829493	0.995103686635945	0.0257776497695853
40	20	0.8	0.2	1	0.0976616231086657	0.92773251507777	0.737488096497725	0.499523859909004	0.329912178605439	0.885620569251931	0.638768384297958	0.671357528303883	0.993757274362501	0.0535393080097344
80	20	0.8	0.2	1	0.0973876488839956	0.99829846862176	0.738064257832049	0.523070763687319	0.218997097387649	0.82584325893304	0.599839855870283	0.628265438895006	0.988389550595536	0.0519467520768692
160	20	0.8	0.2	1	0.0974	1	0.7381	0.5237	0.1344	0.7772	0.5664	0.5918	0.9861	0.0465
320	20	0.8	0.2	1	0.0974	1	0.7381	0.5293	0.084	0.7133	0.5526	0.5773	0.9844	0.0414
20	40	0.8	0.2	1	0.146601382488479	0.63580069124424	0.814948156682028	0.151497695852535	0.378024193548387	0.843173963133641	0.507776497695853	0.558035714285714	0.988191244239631	0.00561635944700461
40	40	0.8	0.2	1	0.146968574753994	0.888159983070575	0.816527351603005	0.280499418051	0.295947518781081	0.811765950693048	0.500264522272775	0.530102634641837	0.983176383451487	0.0192572214580468
80	40	0.8	0.2	1	0.145931338204384	0.995796216594935	0.815433890501451	0.280652587328596	0.157541787608848	0.721849664698228	0.404964468021219	0.431488339505555	0.965669102191973	0.0154138724852367
160	40	0.8	0.2	1	0.1459	1	0.8154	0.2656	0.0753	0.6007	0.3373	0.358	0.9445	0.0125
320	40	0.8	0.2	1	0.1459	1	0.8154	0.2573	0.036	0.4988	0.291	0.3123	0.9276	0.0087
20	80	0.8	0.2	1	0.243663594470046	0.648329493087558	0.901209677419355	0.03125	0.372983870967742	0.77073732718894	0.428859447004608	0.480558755760369	0.97926267281106	0.000288018433179724
40	80	0.8	0.2	1	0.243254682044228	0.869960850703629	0.900010580890911	0.111205163474765	0.267802348957782	0.720664479949212	0.387578034070469	0.416252248439319	0.961379748174796	0.00444397418262618
80	80	0.8	0.2	1	0.242918626764088	0.991292162946652	0.899409468521669	0.0983885496947253	0.103893504153738	0.562105895305775	0.233510159143229	0.25042538284456	0.907116404764288	0.002902612351116
160	80	0.8	0.2	1	0.2432	1	0.8993	0.0724	0.0279	0.3815	0.1329	0.1457	0.817	0.0011
320	80	0.8	0.2	1	0.2432	1	0.8993	0.0565	0.0085	0.2401	0.0821	0.0896	0.727	6e-04
20	160	0.8	0.2	1	0.422091013824885	0.731134792626728	0.964285714285714	0.00201612903225806	0.356566820276498	0.689516129032258	0.366935483870968	0.425835253456221	0.974222350230415	0
40	160	0.8	0.2	1	0.425563432441012	0.88509152470638	0.96391916199344	0.029520685641731	0.241879166225796	0.600994603745635	0.30208443550947	0.324515924240821	0.940852819807428	0.000211617818220294
80	160	0.8	0.2	1	0.425282754479031	0.989090181163047	0.964468021219097	0.0251226103493144	0.0720648583725353	0.374737263537183	0.128415574016615	0.141127014312882	0.811430287258533	0.00160144129716745
160	160	0.8	0.2	1	0.4253	1	0.9645	0.01	0.0103	0.1726	0.0374	0.04	0.573	0
320	160	0.8	0.2	1	0.4253	1	0.9645	0.0031	7e-04	0.0564	0.0087	0.0096	0.3526	0
20	320	0.8	0.2	1	0.716013824884793	0.876584101382488	0.995967741935484	0	0.363191244239631	0.613767281105991	0.34418202764977	0.394729262672811	0.973214285714286	0
40	320	0.8	0.2	1	0.717490212675907	0.948259443445138	0.995238599090043	0.00296264945508412	0.234684160406306	0.495185694635488	0.255211088773675	0.277642577505026	0.924875674531796	0
80	320	0.8	0.2	1	0.717545791212091	0.994294865378841	0.995295766189571	0.00610549494545091	0.0550495445901311	0.240816735061555	0.0773696326694025	0.0834751276148534	0.725552997697928	0.000200180162145931
160	320	0.8	0.2	1	0.7177	1	0.9953	8e-04	0.0038	0.0587	0.0095	0.0105	0.3574	1e-04
320	320	0.8	0.2	1	0.7177	1	0.9953	0	0	0.0065	4e-04	4e-04	0.0901	0
20	20	1	0.2	1	0.0979085267754539	0.753390025281544	0.738680763042979	0.278556653642841	0.309239255343599	0.836244541484716	0.505860721673179	0.56297402895886	0.986210066651344	0.0167777522408642
40	20	1	0.2	1	0.096696212731668	0.981668009669621	0.738315874294923	0.326148267526189	0.194802578565673	0.769540692989525	0.454774375503626	0.500805801772764	0.974818694601128	0.0228646253021757
80	20	1	0.2	1	0.0974	0.9999	0.7381	0.3133	0.0974	0.6668	0.3855	0.4232	0.9597	0.0183
160	20	1	0.2	1	0.0974	1	0.7381	0.304	0.054	0.5621	0.3428	0.3761	0.9507	0.0125
320	20	1	0.2	1	0.0974	1	0.7381	0.2978	0.0319	0.4863	0.3181	0.3529	0.9456	0.0122
20	40	1	0.2	1	0.144219719604689	0.683635945759596	0.814410480349345	0.103194667892439	0.272351183635946	0.740979085267755	0.379223167088026	0.432544242702827	0.972190301080211	0.00310273500344748
40	40	1	0.2	1	0.145648670427075	0.957896857373086	0.814967767929089	0.127618855761483	0.140310233682514	0.624899274778405	0.284548751007252	0.316176470588235	0.929492344883159	0.00503626107977438
80	40	1	0.2	1	0.1459	1	0.8154	0.1034	0.0486	0.4527	0.1792	0.2011	0.8662	0.0022
160	40	1	0.2	1	0.1459	1	0.8154	0.0828	0.0134	0.3049	0.119	0.1357	0.7937	0.001
320	40	1	0.2	1	0.1459	1	0.8154	0.076	0.0062	0.215	0.0909	0.1032	0.7416	7e-04
20	80	1	0.2	1	0.243047575270053	0.687658009652953	0.896345667662606	0.0180418294644909	0.253160193059067	0.647092622385658	0.29958630199954	0.347276488163641	0.949896575499885	0.000114916111238796
40	80	1	0.2	1	0.243251410153102	0.93281627719581	0.899879129734085	0.0349516518936342	0.104653505237712	0.469480257856567	0.172139403706688	0.193291700241741	0.867143432715552	0.000604351329572925
80	80	1	0.2	1	0.2432	0.9996	0.8993	0.0169	0.0181	0.2418	0.0593	0.067	0.6713	0
160	80	1	0.2	1	0.2432	1	0.8993	0.0073	0.0017	0.098	0.0184	0.0207	0.4646	0
320	80	1	0.2	1	0.2432	1	0.8993	0.0042	3e-04	0.0372	0.0074	0.0086	0.3221	0
20	160	1	0.2	1	0.426223856584693	0.75476901861641	0.964031257182257	0.000689496667432774	0.238680763042979	0.537807400597564	0.245460813606068	0.287979774764422	0.939554125488393	0
40	160	1	0.2	1	0.424758259468171	0.928082191780822	0.964645447219984	0.00614423851732474	0.08058017727639	0.314665592264303	0.103444802578566	0.118049959709911	0.795124899274778	0
80	160	1	0.2	1	0.4253	0.9983	0.9645	0.0016	0.009	0.0999	0.0187	0.0213	0.4635	0
160	160	1	0.2	1	0.4253	1	0.9645	1e-04	1e-04	0.0152	0.0014	0.0019	0.1581	0
320	160	1	0.2	1	0.4253	1	0.9645	0	0	0.0012	1e-04	1e-04	0.04	0
20	320	1	0.2	1	0.719604688577339	0.885888301539876	0.995058607216732	0	0.233164789703516	0.452769478280855	0.214893128016548	0.26051482417835	0.929671339921857	0
40	320	1	0.2	1	0.717264302981467	0.96696212731668	0.995265914585012	0.000302175664786463	0.0673851732473811	0.2209911361805	0.0752417405318292	0.0852135374697824	0.751510878323932	0
80	320	1	0.2	1	0.7177	0.9983	0.9953	1e-04	0.0033	0.0372	0.0054	0.006	0.3166	0
160	320	1	0.2	1	0.7177	1	0.9953	0	0	9e-04	2e-04	2e-04	0.0345	0
320	320	1	0.2	1	0.7177	1	0.9953	0	0	0	0	0	8e-04	0
20	20	0	0.5	1	0.372233400402414	0.392354124748491	0.456740442655936	0.38430583501006	0.398390342052314	0.706237424547284	0.484909456740443	0.498993963782696	0.969818913480885	0.0845070422535211
40	20	0	0.5	1	0.37573385518591	0.469667318982387	0.495107632093933	0.512720156555773	0.434442270058708	0.74559686888454	0.575342465753425	0.571428571428571	0.970645792563601	0.234833659491194
80	20	0	0.5	1	0.331428571428571	0.577142857142857	0.52	0.598095238095238	0.346666666666667	0.824761904761905	0.662857142857143	0.657142857142857	0.973333333333333	0.329523809523809
160	20	0	0.5	1	0.306796116504854	0.625242718446602	0.495145631067961	0.621359223300971	0.225242718446602	0.819417475728155	0.662135922330097	0.650485436893204	0.988349514563107	0.390291262135922
320	20	0	0.5	1	0.341650671785029	0.704414587332054	0.476007677543186	0.641074856046065	0.132437619961612	0.775431861804223	0.656429942418426	0.63915547024952	0.982725527831094	0.397312859884837
20	40	0	0.5	1	0.621730382293763	0.426559356136821	0.446680080482897	0.340040241448692	0.420523138832998	0.573440643863179	0.440643863179074	0.446680080482897	0.929577464788732	0.0583501006036217
40	40	0	0.5	1	0.590998043052838	0.454011741682975	0.469667318982387	0.446183953033268	0.444227005870841	0.637964774951076	0.481409001956947	0.481409001956947	0.906066536203523	0.207436399217221
80	40	0	0.5	1	0.594285714285714	0.52952380952381	0.52952380952381	0.497142857142857	0.382857142857143	0.659047619047619	0.542857142857143	0.540952380952381	0.906666666666667	0.361904761904762
160	40	0	0.5	1	0.625242718446602	0.541747572815534	0.510679611650485	0.436893203883495	0.198058252427184	0.666019417475728	0.485436893203884	0.477669902912621	0.924271844660194	0.456310679611651
320	40	0	0.5	1	0.595009596928983	0.570057581573896	0.485604606525912	0.431861804222649	0.101727447216891	0.612284069097889	0.472168905950096	0.464491362763916	0.915547024952015	0.452975047984645
20	80	0	0.5	1	0.891348088531187	0.69215291750503	0.448692152917505	0.255533199195171	0.430583501006036	0.464788732394366	0.434607645875252	0.440643863179074	0.88933601609658	0.03420523138833
40	80	0	0.5	1	0.864970645792564	0.549902152641879	0.471624266144814	0.407045009784736	0.459882583170254	0.499021526418787	0.473581213307241	0.473581213307241	0.816046966731898	0.205479452054795
80	80	0	0.5	1	0.868571428571429	0.52952380952381	0.527619047619048	0.466666666666667	0.462857142857143	0.563809523809524	0.516190476190476	0.514285714285714	0.786666666666667	0.39047619047619
160	80	0	0.5	1	0.87378640776699	0.510679611650485	0.510679611650485	0.330097087378641	0.201941747572816	0.535922330097087	0.396116504854369	0.392233009708738	0.774757281553398	0.483495145631068
320	80	0	0.5	1	0.871401151631478	0.493282149712092	0.485604606525912	0.276391554702495	0.0921305182341651	0.460652591170825	0.312859884836852	0.303262955854127	0.750479846449136	0.474088291746641
20	160	0	0.5	1	1	0.969818913480885	0.448692152917505	0.162977867203219	0.440643863179074	0.448692152917505	0.440643863179074	0.44466800804829	0.837022132796781	0.0201207243460765
40	160	0	0.5	1	0.98825831702544	0.925636007827789	0.473581213307241	0.418786692759295	0.473581213307241	0.473581213307241	0.473581213307241	0.473581213307241	0.696673189823875	0.207436399217221
80	160	0	0.5	1	0.994285714285714	0.815238095238095	0.52952380952381	0.40952380952381	0.495238095238095	0.527619047619048	0.518095238095238	0.516190476190476	0.634285714285714	0.468571428571429
160	160	0	0.5	1	0.996116504854369	0.611650485436893	0.510679611650485	0.244660194174757	0.242718446601942	0.497087378640777	0.388349514563107	0.386407766990291	0.568932038834951	0.493203883495146
320	160	0	0.5	1	0.990403071017274	0.485604606525912	0.485604606525912	0.0921305182341651	0.0499040307101727	0.337811900191939	0.170825335892514	0.165067178502879	0.522072936660269	0.485604606525912
20	320	0	0.5	1	1	1	0.448692152917505	0.0663983903420523	0.442655935613682	0.448692152917505	0.440643863179074	0.442655935613682	0.839034205231388	0.00201207243460765
40	320	0	0.5	1	1	1	0.473581213307241	0.416829745596869	0.473581213307241	0.473581213307241	0.473581213307241	0.473581213307241	0.61252446183953	0.197651663405088
80	320	0	0.5	1	1	1	0.52952380952381	0.32	0.512380952380952	0.52952380952381	0.52952380952381	0.527619047619048	0.539047619047619	0.453333333333333
160	320	0	0.5	1	1	0.992233009708738	0.510679611650485	0.0990291262135922	0.209708737864078	0.481553398058252	0.332038834951456	0.324271844660194	0.514563106796116	0.504854368932039
320	320	0	0.5	1	1	0.911708253358925	0.485604606525912	0.0191938579654511	0.0191938579654511	0.251439539347409	0.0767754318618042	0.072936660268714	0.45873320537428	0.485604606525912
20	20	0.2	0.5	1	0.34394250513347	0.806981519507187	0.882956878850103	0.770020533880904	0.78952772073922	0.967145790554415	0.891170431211499	0.903490759753593	1	0.172484599589322
40	20	0.2	0.5	1	0.338588074023304	0.907470870459219	0.934886908841672	0.926662097326936	0.796435915010281	0.993831391363948	0.96915695681974	0.963673749143249	0.998629198080877	0.435229609321453
80	20	0.2	0.5	1	0.332236842105263	0.957236842105263	0.938322368421053	0.929276315789474	0.645148026315789	0.993832236842105	0.956825657894737	0.946134868421053	1	0.613898026315789
160	20	0.2	0.5	1	0.343757347754526	0.983541029861274	0.941453091935105	0.909005407947331	0.417587585233953	0.978133082529979	0.928991300258641	0.911826945685399	0.999764871855161	0.729602633435222
320	20	0.2	0.5	1	0.346105615159537	0.994147972690539	0.940365055036923	0.873624076912359	0.261390553155915	0.950397101853142	0.886582137383308	0.863034694161906	0.999442664065766	0.795039710185314
20	40	0.2	0.5	1	0.612936344969199	0.869609856262834	0.929158110882957	0.662217659137577	0.844969199178645	0.9435318275154	0.888090349075975	0.906570841889117	0.993839835728953	0.126283367556468
40	40	0.2	0.5	1	0.604523646333105	0.941740918437286	0.973269362577108	0.90815627141878	0.90815627141878	0.988348183687457	0.973954763536669	0.975325565455792	0.998629198080877	0.396161754626456
80	40	0.2	0.5	1	0.589226973684211	0.975740131578947	0.982730263157895	0.913240131578947	0.772615131578947	0.994654605263158	0.968338815789474	0.958470394736842	0.998766447368421	0.645148026315789
160	40	0.2	0.5	1	0.603338819656713	0.991770514930637	0.986597695744181	0.851399012461792	0.491652950858218	0.977427698095462	0.903362332471197	0.886433106042793	1	0.808605690101105
320	40	0.2	0.5	1	0.595652779712972	0.998188658213738	0.98815661139752	0.787237007106033	0.287306674097812	0.93186568203985	0.817751149505364	0.802285077330361	0.997491988295945	0.869862059356277
20	80	0.2	0.5	1	0.883983572895277	0.937371663244353	0.938398357289528	0.506160164271047	0.875770020533881	0.936344969199179	0.885010266940452	0.910677618069815	0.991786447638604	0.0636550308008214
40	80	0.2	0.5	1	0.886223440712817	0.984235777930089	0.98492117888965	0.860863605209047	0.960932145305003	0.988348183687457	0.977381768334476	0.978752570253598	0.996572995202193	0.381082933516107
80	80	0.2	0.5	1	0.873766447368421	0.992598684210526	0.994654605263158	0.875822368421053	0.868009868421053	0.995065789473684	0.969161184210526	0.961759868421053	0.997532894736842	0.696134868421053
160	80	0.2	0.5	1	0.877498236538914	0.998589231130966	0.998824359275805	0.748648013167176	0.540794733129556	0.979073595109335	0.865506701152128	0.854925934634376	1	0.874206442511169
320	80	0.2	0.5	1	0.880033440156054	0.999721332032883	0.999163996098648	0.621847568621987	0.247178486832939	0.894524174446147	0.704054618921555	0.691932562351958	0.995819980493242	0.940225721053365
20	160	0.2	0.5	1	0.98870636550308	0.995893223819302	0.939425051334702	0.328542094455852	0.903490759753593	0.933264887063655	0.90041067761807	0.912731006160164	0.986652977412731	0.0205338809034908
40	160	0.2	0.5	1	0.991089787525703	0.999314599040439	0.986291980808773	0.811514736120631	0.973269362577108	0.986291980808773	0.978067169294037	0.980123372172721	0.991775188485264	0.333104866346813
80	160	0.2	0.5	1	0.993421052631579	0.997532894736842	0.995476973684211	0.810855263157895	0.936677631578947	0.995476973684211	0.983141447368421	0.981907894736842	0.996299342105263	0.761513157894737
160	160	0.2	0.5	1	0.994827180813543	0.999764871855161	0.999764871855161	0.575593698565718	0.563602163178933	0.977192569950623	0.821302609922408	0.810956971549494	0.999059487420644	0.932283094286386
320	160	0.2	0.5	1	0.993729970739863	0.999860666016441	0.999860666016441	0.379963773164275	0.20259161209419	0.822627838929915	0.533370489062282	0.524313780130974	0.987459941479727	0.978124564581301
20	320	0.2	0.5	1	1	1	0.939425051334702	0.134496919917864	0.913757700205339	0.932238193018481	0.901437371663244	0.919917864476386	0.984599589322382	0.00308008213552361
40	320	0.2	0.5	1	1	1	0.986291980808773	0.740918437285812	0.976010966415353	0.98492117888965	0.978067169294037	0.978752570253598	0.992460589444825	0.322823851953393
80	320	0.2	0.5	1	1	1	0.995476973684211	0.683388157894737	0.980674342105263	0.995476973684211	0.991365131578947	0.990131578947368	0.995476973684211	0.806332236842105
160	320	0.2	0.5	1	1	1	0.999764871855161	0.333646837526452	0.567129085351517	0.970844110039972	0.770985186926875	0.760169292264284	0.999764871855161	0.96237949682577
320	320	0.2	0.5	1	1	1	0.999860666016441	0.144210672983141	0.14128465932841	0.694579908039571	0.333844224606382	0.325762853559983	0.973805211090985	0.994844642608332
20	20	0.5	0.5	1	0.342112879884226	0.881041968162084	0.942691751085384	0.767583212735166	0.79479015918958	0.993053545586107	0.91548480463097	0.934587554269175	1	0.170188133140376
40	20	0.5	0.5	1	0.342962714141753	0.954316425932146	0.940376217668794	0.892341283170977	0.749412159892509	0.994793416190796	0.948941887806517	0.955660060463554	1	0.348169297950957
80	20	0.5	0.5	1	0.346852987957282	0.991138377641445	0.94194501249716	0.931265621449671	0.620199954555783	0.992956146330379	0.958077709611452	0.955010224948875	0.999659168370825	0.470120427175642
160	20	0.5	0.5	1	0.345341114912457	0.999698128396056	0.941336284966794	0.939927550815053	0.480680217347555	0.989434493861944	0.953008653652646	0.947373717045683	1	0.506741799154759
320	20	0.5	0.5	1	0.3455	1	0.9412	0.9446	0.3576	0.9833	0.9522	0.9449	1	0.5114
20	40	0.5	0.5	1	0.58986975397974	0.926483357452967	0.985528219971056	0.628943560057887	0.849493487698987	0.99218523878437	0.906222865412446	0.930535455861071	1	0.0931982633863965
40	40	0.5	0.5	1	0.602788041652671	0.975310715485388	0.989586832381592	0.839771582129661	0.850016795431643	0.995129324823648	0.952133019818609	0.960530735639906	0.999664091367148	0.305005038629493
80	40	0.5	0.5	1	0.597250624857987	0.99431947284708	0.987502840263576	0.90581685980459	0.763690070438537	0.993978641217905	0.958304930697569	0.957736877982277	0.999886389456942	0.450920245398773
160	40	0.5	0.5	1	0.595693298450392	0.999798752264037	0.987925135842222	0.91869591467096	0.614409337894949	0.992654457637352	0.949587442141276	0.945663111289998	1	0.502918092171463
320	40	0.5	0.5	1	0.5954	1	0.988	0.9384	0.4854	0.9875	0.9532	0.9493	1	0.503
20	80	0.5	0.5	1	0.888856729377713	0.98465991316932	0.998552821997106	0.466280752532562	0.890882778581766	0.98726483357453	0.90506512301013	0.931403762662808	0.999421128798842	0.0497829232995658
40	80	0.5	0.5	1	0.875209942895532	0.992945918710111	0.998992274101444	0.764192139737991	0.908296943231441	0.994457507557944	0.952804837084313	0.960530735639906	1	0.255122606650991
80	80	0.5	0.5	1	0.881504203590093	0.999091115655533	0.999091115655533	0.863212906157691	0.864917064303567	0.996818904794365	0.963076573506021	0.964326289479664	0.999886389456942	0.440922517609634
160	80	0.5	0.5	1	0.880458844837996	0.999899376132019	0.999195009056148	0.889112497484403	0.737975447776212	0.993056953109278	0.949989937613202	0.950191185349165	1	0.509257395854297
320	80	0.5	0.5	1	0.8802	1	0.9992	0.9142	0.6122	0.994	0.948	0.9459	1	0.5044
20	160	0.5	0.5	1	0.995079594790159	0.998842257597685	0.999421128798842	0.273516642547033	0.913458755426917	0.98465991316932	0.91027496382055	0.934008683068017	0.999710564399421	0.0124457308248915
40	160	0.5	0.5	1	0.99462546187437	0.999664091367148	1	0.65317433658045	0.935841451125294	0.991602284178703	0.950789385287202	0.958011420893517	1	0.213134027544508
80	160	0.5	0.5	1	0.993296977959555	1	1	0.781299704612588	0.919222903885481	0.996591683708248	0.964099068393547	0.967961826857532	1	0.428198136787094
160	160	0.5	0.5	1	0.993861944053129	1	1	0.838297444153753	0.838196820285772	0.994063191789092	0.95119742402898	0.950694304689072	1	0.500100623867981
320	160	0.5	0.5	1	0.9938	1	1	0.8933	0.7432	0.9946	0.9508	0.9513	1	0.4993
20	320	0.5	0.5	1	1	1	0.999421128798842	0.124167872648336	0.92040520984081	0.975687409551375	0.903617945007236	0.929956584659913	1	0.00289435600578871
40	320	0.5	0.5	1	1	1	1	0.545515619751428	0.947598253275109	0.988747060799463	0.950789385287202	0.957843466577091	1	0.185085656701377
80	320	0.5	0.5	1	1	1	1	0.684276300840718	0.950124971597364	0.994660304476255	0.966825721426948	0.969665985003408	1	0.426266757555101
160	320	0.5	0.5	1	1	1	1	0.747735962970417	0.892634332863755	0.994968806600926	0.954518011672369	0.953411149124572	0.999899376132019	0.496377540752667
320	320	0.5	0.5	1	1	1	1	0.8413	0.8426	0.9943	0.9566	0.9566	0.9999	0.5015
20	20	0.8	0.5	1	0.347638248847926	0.909706221198157	0.941388248847926	0.654665898617512	0.689660138248848	0.975662442396313	0.841589861751152	0.873415898617512	0.99971198156682	0.122119815668203
40	20	0.8	0.5	1	0.345783514971961	0.98550417945191	0.941593482171199	0.783620780869749	0.623002856840546	0.974923288540895	0.87048989524918	0.889218072161676	0.999470955454449	0.20844355094699
80	20	0.8	0.5	1	0.345510959863877	0.999399459513562	0.941347212491242	0.808027224502052	0.486838154338905	0.963166850165149	0.858572715443899	0.874887398658793	0.999299369432489	0.211290161145031
160	20	0.8	0.5	1	0.3455	1	0.9412	0.8267	0.3586	0.9472	0.8558	0.8708	0.9991	0.2059
320	20	0.8	0.5	1	0.3455	1	0.9412	0.834	0.2597	0.9263	0.8477	0.8608	0.9988	0.1946
20	40	0.8	0.5	1	0.595046082949309	0.946860599078341	0.988479262672811	0.481134792626728	0.723934331797235	0.966733870967742	0.807315668202765	0.847350230414747	0.998415898617512	0.0632200460829493
40	40	0.8	0.5	1	0.593482171198815	0.988572637816104	0.987831975452333	0.64712728811766	0.667230980848587	0.969738651994498	0.833774203787959	0.855465030155539	0.998624484181568	0.144852396571791
80	40	0.8	0.5	1	0.595335802222	0.999699729756781	0.987989190271244	0.680912821539385	0.510059053147833	0.951656490841758	0.801421279151236	0.820538484636173	0.997497747973176	0.144029626663998
160	40	0.8	0.5	1	0.5954	1	0.988	0.7041	0.3635	0.926	0.7695	0.7882	0.9971	0.125
320	40	0.8	0.5	1	0.5954	1	0.988	0.7179	0.2518	0.8968	0.7553	0.774	0.9963	0.1125
20	80	0.8	0.5	1	0.882488479262673	0.986751152073733	0.999135944700461	0.314660138248848	0.759072580645161	0.948588709677419	0.786434331797235	0.83280529953917	0.998271889400922	0.0341301843317972
40	80	0.8	0.5	1	0.880224314887314	0.998095439636017	0.999153528727119	0.495714739181039	0.703946672309808	0.94952915035446	0.792191302507671	0.818326103057877	0.997037350544916	0.10824251401968
80	80	0.8	0.5	1	0.880092082874587	1	0.999199279351416	0.52006806125513	0.536783104794315	0.928735862276048	0.730257231508358	0.751976779101191	0.994995495946352	0.0974877389650686
160	80	0.8	0.5	1	0.8802	1	0.9992	0.53	0.3612	0.889	0.6695	0.6892	0.9921	0.068
320	80	0.8	0.5	1	0.8802	1	0.9992	0.5318	0.2225	0.835	0.6123	0.6326	0.9901	0.0546
20	160	0.8	0.5	1	0.993519585253456	0.999279953917051	1	0.168490783410138	0.775057603686636	0.927995391705069	0.768433179723502	0.814084101382488	0.996975806451613	0.0115207373271889
40	160	0.8	0.5	1	0.993968892180722	0.99989419109089	1	0.343138292244207	0.720770288858322	0.929108030896201	0.763199661411491	0.790498359961909	0.996931541635806	0.0756533700137552
80	160	0.8	0.5	1	0.993794414973476	1	1	0.328595736162546	0.535782203983585	0.891402262035832	0.656490841757582	0.678310479431488	0.990591532379141	0.0624562105895306
160	160	0.8	0.5	1	0.9938	1	1	0.3064	0.318	0.8226	0.5246	0.5455	0.9799	0.0339
320	160	0.8	0.5	1	0.9938	1	1	0.2864	0.1552	0.7187	0.4194	0.4354	0.962	0.0173
20	320	0.8	0.5	1	1	1	1	0.0724366359447005	0.790754608294931	0.905529953917051	0.765552995391705	0.809475806451613	0.996543778801843	0.00201612903225806
40	320	0.8	0.5	1	1	1	1	0.235953867315628	0.732938313405989	0.900962861072902	0.743519204317003	0.76997143159454	0.996085070362925	0.0578774732832504
80	320	0.8	0.5	1	1	1	1	0.203583224902412	0.542788509658693	0.83765388849965	0.603643278951056	0.627364628165349	0.986587929136223	0.0460414372935642
160	320	0.8	0.5	1	1	1	1	0.1487	0.3	0.7253	0.4213	0.4393	0.9638	0.017
320	320	0.8	0.5	1	1	1	1	0.1091	0.1128	0.5652	0.2439	0.2576	0.9081	0.0039
20	20	1	0.5	1	0.346931739829924	0.937140887152379	0.942541944380602	0.560905538956562	0.598712939554126	0.950011491611124	0.761663985290738	0.810273500344748	0.996782348885314	0.0858423350953804
40	20	1	0.5	1	0.345286059629331	0.996776792908944	0.94107574536664	0.62298549556809	0.455076551168413	0.930600322320709	0.745668815471394	0.783843674456084	0.997381144238517	0.104552780016116
80	20	1	0.5	1	0.3455	1	0.9412	0.6385	0.3185	0.892	0.7091	0.7429	0.9956	0.0934
160	20	1	0.5	1	0.3455	1	0.9412	0.642	0.2083	0.8558	0.6849	0.7205	0.9947	0.081
320	20	1	0.5	1	0.3455	1	0.9412	0.6539	0.14	0.8111	0.6747	0.7074	0.9942	0.0762
20	40	1	0.5	1	0.594001378993335	0.958400367731556	0.988278556653643	0.364858653183176	0.607331647897035	0.924270282693634	0.698575040220639	0.752240864169156	0.994943691105493	0.0443576189381751
40	40	1	0.5	1	0.595286059629331	0.99687751813054	0.988013698630137	0.423348106365834	0.45134971796938	0.895044319097502	0.647159548751007	0.688557614826753	0.993654311039484	0.0550966962127317
80	40	1	0.5	1	0.5954	1	0.988	0.4188	0.2616	0.8368	0.5632	0.6021	0.986	0.0402
160	40	1	0.5	1	0.5954	1	0.988	0.4133	0.1468	0.7543	0.4938	0.5278	0.9773	0.0282
320	40	1	0.5	1	0.5954	1	0.988	0.4134	0.0842	0.6753	0.4547	0.4837	0.9736	0.0225
20	80	1	0.5	1	0.879567915421742	0.989197885543553	0.99908067111009	0.218225695242473	0.627671799586302	0.891634107101816	0.65743507239715	0.713054470236727	0.992645368880717	0.0183865777982073
40	80	1	0.5	1	0.880036261079774	0.999194198227236	0.999194198227236	0.249294923448832	0.444601128122482	0.843775181305399	0.559125705076551	0.597804190169218	0.98458904109589	0.0325342465753425
80	80	1	0.5	1	0.8802	1	0.9992	0.2083	0.2213	0.7352	0.4072	0.4381	0.9635	0.0172
160	80	1	0.5	1	0.8802	1	0.9992	0.1815	0.0917	0.5972	0.2871	0.3123	0.9273	0.0068
320	80	1	0.5	1	0.8802	1	0.9992	0.1652	0.0377	0.4609	0.2216	0.2416	0.8834	0.003
20	160	1	0.5	1	0.993679613881866	0.99908067111009	1	0.0983681912204091	0.63640542404045	0.845207998161342	0.628131464031257	0.686968512985521	0.990117214433464	0.00586072167317858
40	160	1	0.5	1	0.99375503626108	1	1	0.126208702659146	0.439464141821112	0.764403706688155	0.487006446414182	0.527095084609186	0.978646253021757	0.0164182111200645
80	160	1	0.5	1	0.9938	1	1	0.0837	0.1938	0.5923	0.2845	0.3063	0.9253	0.0048
160	160	1	0.5	1	0.9938	1	1	0.0461	0.049	0.3854	0.1311	0.1434	0.8054	0.0012
320	160	1	0.5	1	0.9938	1	1	0.024	0.0085	0.2142	0.0552	0.0615	0.6506	0
20	320	1	0.5	1	1	1	1	0.038267065042519	0.643300390714778	0.807055849230062	0.612847621236497	0.669271431854746	0.98758905998621	0.000919328889910365
40	320	1	0.5	1	1	1	1	0.0662771958098308	0.431607574536664	0.693291700241741	0.441881547139404	0.480560032232071	0.971796937953263	0.0107775987107172
80	320	1	0.5	1	1	1	1	0.0307	0.1699	0.4655	0.2114	0.2283	0.8859	0.0033
160	320	1	0.5	1	1	1	1	0.0077	0.0274	0.212	0.0531	0.0583	0.6569	2e-04
320	320	1	0.5	1	1	1	1	0.002	0.0021	0.0627	0.0093	0.0108	0.3455	0
20	20	0	0.8	1	0.665995975855131	0.432595573440644	0.446680080482897	0.412474849094567	0.406438631790744	0.563380281690141	0.450704225352113	0.448692152917505	0.893360160965795	0.235412474849095
40	20	0	0.8	1	0.704500978473581	0.473581213307241	0.467710371819961	0.426614481409002	0.305283757338552	0.581213307240705	0.461839530332681	0.455968688845401	0.87866927592955	0.385518590998043
80	20	0	0.8	1	0.685714285714286	0.552380952380952	0.531428571428571	0.417142857142857	0.186666666666667	0.626666666666667	0.44952380952381	0.434285714285714	0.906666666666667	0.476190476190476
160	20	0	0.8	1	0.687378640776699	0.568932038834951	0.512621359223301	0.353398058252427	0.0893203883495146	0.563106796116505	0.407766990291262	0.36504854368932	0.910679611650485	0.489320388349515
320	20	0	0.8	1	0.673704414587332	0.629558541266795	0.481765834932821	0.36084452975048	0.0307101727447217	0.510556621880998	0.37236084452975	0.355086372360845	0.919385796545106	0.46257197696737
20	40	0	0.8	1	0.933601609657948	0.583501006036217	0.448692152917505	0.408450704225352	0.442655935613682	0.468812877263582	0.448692152917505	0.448692152917505	0.748490945674044	0.24748490945674
40	40	0	0.8	1	0.945205479452055	0.49119373776908	0.473581213307241	0.379647749510763	0.365949119373777	0.493150684931507	0.448140900195695	0.440313111545988	0.675146771037182	0.407045009784736
80	40	0	0.8	1	0.940952380952381	0.52952380952381	0.52952380952381	0.306666666666667	0.19047619047619	0.510476190476191	0.398095238095238	0.379047619047619	0.700952380952381	0.502857142857143
160	40	0	0.8	1	0.951456310679612	0.516504854368932	0.510679611650485	0.161165048543689	0.0388349514563107	0.394174757281553	0.215533980582524	0.196116504854369	0.699029126213592	0.502912621359223
320	40	0	0.8	1	0.950095969289827	0.508637236084453	0.485604606525912	0.113243761996161	0.00959692898272553	0.26679462571977	0.130518234165067	0.122840690978887	0.685220729366603	0.483685220729367
20	80	0	0.8	1	1	0.981891348088531	0.448692152917505	0.390342052313883	0.446680080482897	0.448692152917505	0.448692152917505	0.448692152917505	0.58953722334004	0.255533199195171
40	80	0	0.8	1	0.998043052837573	0.902152641878669	0.473581213307241	0.285714285714286	0.393346379647749	0.467710371819961	0.454011741682975	0.442270058708415	0.520547945205479	0.440313111545988
80	80	0	0.8	1	1	0.693333333333333	0.52952380952381	0.139047619047619	0.131428571428571	0.487619047619048	0.293333333333333	0.278095238095238	0.546666666666667	0.521904761904762
160	80	0	0.8	1	1	0.512621359223301	0.510679611650485	0.054368932038835	0.0174757281553398	0.252427184466019	0.0893203883495146	0.0854368932038835	0.487378640776699	0.510679611650485
320	80	0	0.8	1	0.998080614203455	0.485604606525912	0.485604606525912	0.0153550863723608	0	0.0844529750479846	0.0211132437619962	0.0211132437619962	0.362763915547025	0.485604606525912
20	160	0	0.8	1	1	0.997987927565392	0.448692152917505	0.366197183098592	0.448692152917505	0.448692152917505	0.448692152917505	0.448692152917505	0.501006036217304	0.249496981891348
40	160	0	0.8	1	1	1	0.473581213307241	0.183953033268102	0.436399217221135	0.473581213307241	0.454011741682975	0.450097847358121	0.475538160469667	0.459882583170254
80	160	0	0.8	1	1	0.998095238095238	0.52952380952381	0.0247619047619048	0.0952380952380952	0.432380952380952	0.205714285714286	0.196190476190476	0.52952380952381	0.52952380952381
160	160	0	0.8	1	1	0.988349514563107	0.510679611650485	0.00388349514563107	0.00388349514563107	0.122330097087379	0.0252427184466019	0.0252427184466019	0.41747572815534	0.510679611650485
320	160	0	0.8	1	1	0.708253358925144	0.485604606525912	0	0	0.00767754318618042	0	0	0.103646833013436	0.485604606525912
20	320	0	0.8	1	1	1	0.448692152917505	0.321931589537223	0.448692152917505	0.448692152917505	0.448692152917505	0.448692152917505	0.450704225352113	0.265593561368209
40	320	0	0.8	1	1	1	0.473581213307241	0.0684931506849315	0.469667318982387	0.473581213307241	0.471624266144814	0.471624266144814	0.473581213307241	0.465753424657534
80	320	0	0.8	1	1	1	0.52952380952381	0.00380952380952381	0.08	0.363809523809524	0.140952380952381	0.123809523809524	0.52952380952381	0.52952380952381
160	320	0	0.8	1	1	1	0.510679611650485	0	0	0.0310679611650485	0.00194174757281553	0	0.293203883495146	0.510679611650485
320	320	0	0.8	1	1	1	0.485604606525912	0	0	0	0	0	0.00767754318618042	0.485604606525912
20	20	0.2	0.8	1	0.682751540041068	0.918891170431211	0.936344969199179	0.874743326488706	0.878850102669405	0.953798767967146	0.92299794661191	0.920944558521561	0.991786447638604	0.478439425051335
40	20	0.2	0.8	1	0.697738176833448	0.975325565455792	0.980123372172721	0.856751199451679	0.680603152844414	0.98492117888965	0.930089102124743	0.907470870459219	0.998629198080877	0.761480466072653
80	20	0.2	0.8	1	0.704358552631579	0.990953947368421	0.989720394736842	0.769736842105263	0.364309210526316	0.953536184210526	0.835526315789474	0.803453947368421	0.997944078947368	0.879934210526316
160	20	0.2	0.8	1	0.695979308723254	0.998589231130966	0.993181283799671	0.676698800846461	0.179402774512109	0.869739007759229	0.717846226193275	0.6769339289913	0.994121796379027	0.937220785328004
320	20	0.2	0.8	1	0.69165389438484	0.999163996098648	0.993590636756305	0.601226139055316	0.0925177650829037	0.769541591194092	0.625748920161627	0.584645395011843	0.984394593841438	0.959035808833775
20	40	0.2	0.8	1	0.938398357289528	0.95482546201232	0.938398357289528	0.833675564681725	0.919917864476386	0.940451745379877	0.932238193018481	0.93429158110883	0.969199178644764	0.464065708418891
40	40	0.2	0.8	1	0.945853324194654	0.985606579849212	0.986291980808773	0.80123372172721	0.777244688142563	0.983550376970528	0.934886908841672	0.914324880054832	0.995202193283071	0.810143934201508
80	40	0.2	0.8	1	0.945723684210526	0.994654605263158	0.995476973684211	0.607319078947368	0.356496710526316	0.9296875	0.745888157894737	0.713404605263158	0.995888157894737	0.944901315789474
160	40	0.2	0.8	1	0.944980014107689	0.999764871855161	0.999764871855161	0.440630143428168	0.11944509757818	0.778509287561721	0.532330119915354	0.500822948506936	0.984011286150952	0.983070773571597
320	40	0.2	0.8	1	0.946495750313501	0.999721332032883	0.999721332032883	0.326320189494218	0.0378988435279365	0.58798941061725	0.370907064232966	0.348334958896475	0.950815103803818	0.992336630904278
20	80	0.2	0.8	1	0.996919917864476	0.995893223819302	0.939425051334702	0.811088295687885	0.93429158110883	0.938398357289528	0.93429158110883	0.935318275154004	0.955852156057495	0.462012320328542
40	80	0.2	0.8	1	1	0.998629198080877	0.986291980808773	0.653872515421522	0.870459218642906	0.98492117888965	0.958875942426319	0.950651130911583	0.986977381768334	0.886908841672378
80	80	0.2	0.8	1	0.999588815789474	0.997121710526316	0.995476973684211	0.332648026315789	0.314967105263158	0.906661184210526	0.613898026315789	0.587993421052632	0.993421052631579	0.980263157894737
160	80	0.2	0.8	1	0.998824359275805	0.999764871855161	0.999764871855161	0.145544321655302	0.0552551140371502	0.586879849517987	0.250411474253468	0.233717375969904	0.948271808135434	0.99788384669645
320	80	0.2	0.8	1	0.99902466211509	0.999860666016441	0.999860666016441	0.0741256792531698	0.00877804096419117	0.300543402535879	0.110909850912638	0.104221819701825	0.808415772606939	0.999163996098648
20	160	0.2	0.8	1	1	1	0.939425051334702	0.754620123203285	0.935318275154004	0.938398357289528	0.93429158110883	0.936344969199179	0.948665297741273	0.480492813141684
40	160	0.2	0.8	1	1	1	0.986291980808773	0.452364633310487	0.903358464701851	0.98492117888965	0.962988348183688	0.952021932830706	0.986291980808773	0.921864290610007
80	160	0.2	0.8	1	1	1	0.995476973684211	0.117598684210526	0.256167763157895	0.849506578947368	0.4765625	0.443256578947368	0.994654605263158	0.991776315789474
160	160	0.2	0.8	1	1	1	0.999764871855161	0.0230425581942158	0.0213966611803433	0.341876322595815	0.0905243357629908	0.0813543381142723	0.858923113096638	0.999764871855161
320	160	0.2	0.8	1	1	1	0.999860666016441	0.00585202730946078	0.0013933398355859	0.083600390135154	0.0150480702243277	0.0142120663229762	0.455622126236589	0.999860666016441
20	320	0.2	0.8	1	1	1	0.939425051334702	0.657084188911704	0.936344969199179	0.939425051334702	0.933264887063655	0.936344969199179	0.940451745379877	0.519507186858316
40	320	0.2	0.8	1	1	1	0.986291980808773	0.242631939684716	0.955448937628513	0.986291980808773	0.977381768334476	0.971898560657985	0.986291980808773	0.934886908841672
80	320	0.2	0.8	1	1	1	0.995476973684211	0.03125	0.220805921052632	0.748355263157895	0.337993421052632	0.310855263157895	0.995065789473684	0.9921875
160	320	0.2	0.8	1	1	1	0.999764871855161	0.00164589701387256	0.00775922877968493	0.136374324006584	0.0228074300493769	0.0209264048906654	0.684222901481307	0.999764871855161
320	320	0.2	0.8	1	1	1	0.999860666016441	0.00013933398355859	0.00013933398355859	0.00877804096419117	0.00069666991779295	0.00069666991779295	0.122892573498676	0.999860666016441
20	20	0.5	0.8	1	0.693198263386397	0.977134587554269	0.991895803183792	0.903907380607815	0.904196816208394	0.999131693198263	0.978581765557164	0.981186685962373	1	0.450940665701881
40	20	0.5	0.8	1	0.696170641585489	0.995129324823648	0.9954652334565	0.903426268055089	0.735807860262009	0.994793416190796	0.962378233120591	0.942727578098757	0.999832045683574	0.671145448438025
80	20	0.5	0.8	1	0.692683481027039	0.999091115655533	0.99431947284708	0.864576232674392	0.506248579868212	0.976482617586912	0.907975460122699	0.880822540331743	0.999431947284708	0.771301976823449
160	20	0.5	0.8	1	0.693902193600322	1	0.993861944053129	0.843831756892735	0.350070436707587	0.951801167236869	0.869490843228014	0.839303682833568	0.998289394244315	0.812537733950493
320	20	0.5	0.8	1	0.6944	1	0.9939	0.8517	0.2478	0.9353	0.8639	0.834	0.9978	0.8237
20	40	0.5	0.8	1	0.944138929088278	0.997105643994211	0.999421128798842	0.87178002894356	0.963531114327062	0.999131693198263	0.98465991316932	0.989290882778582	0.999710564399421	0.421997105643994
40	40	0.5	0.8	1	0.945582801477998	0.999328182734296	0.999832045683574	0.857238831037958	0.84061135371179	0.996976822304333	0.966241182398388	0.955156197514276	1	0.708263352368156
80	40	0.5	0.8	1	0.946034992047262	1	0.999886389456942	0.771756418995683	0.568052715291979	0.974664848897978	0.875823676437173	0.854351283799137	0.999659168370825	0.840604408089071
160	40	0.5	0.8	1	0.945059368082109	1	0.999899376132019	0.737271080700342	0.369088347756088	0.933487623264238	0.797343529885289	0.774099416381566	0.997081907828537	0.881666331253773
320	40	0.5	0.8	1	0.9451	1	0.9999	0.7461	0.2554	0.9027	0.7812	0.7564	0.9965	0.8918
20	80	0.5	0.8	1	0.998842257597685	1	0.999421128798842	0.823444283646889	0.98465991316932	0.999131693198263	0.987554269175109	0.991606367583213	0.999421128798842	0.43328509406657
40	80	0.5	0.8	1	0.999328182734296	1	1	0.748068525361102	0.898387638562311	0.997984548202889	0.972959355055425	0.96489754786698	1	0.763520322472288
80	80	0.5	0.8	1	0.998977505112474	1	1	0.597250624857987	0.581004317200636	0.967507384685299	0.820722563053851	0.798454896614406	0.999431947284708	0.890706657577823
160	80	0.5	0.8	1	0.999094385188167	1	1	0.543067015496076	0.336284966794124	0.893338699939626	0.683034815858322	0.662205675186154	0.993358824713222	0.938921312135238
320	80	0.5	0.8	1	0.9991	1	1	0.5482	0.2028	0.843	0.6266	0.6062	0.9868	0.9548
20	160	0.5	0.8	1	1	1	0.999421128798842	0.746454413892909	0.989580318379161	0.998842257597685	0.988422575976845	0.992474674384949	0.999710564399421	0.439363241678726
40	160	0.5	0.8	1	1	1	1	0.601444407121263	0.954652334564998	0.999496137050722	0.985723883103796	0.979845482028888	1	0.7927443735304
80	160	0.5	0.8	1	1	1	1	0.408316291751875	0.604180867984549	0.949556918882072	0.771301976823449	0.750170415814588	0.999659168370825	0.924448988866167
160	160	0.5	0.8	1	1	1	1	0.321392634332864	0.311229623666734	0.832461259810827	0.553330650030187	0.532300261622057	0.982692694707185	0.969108472529684
320	160	0.5	0.8	1	1	1	1	0.3	0.1528	0.7255	0.431	0.4153	0.9643	0.9838
20	320	0.5	0.8	1	1	1	0.999421128798842	0.642547033285094	0.993053545586107	0.999421128798842	0.991606367583213	0.994211287988423	0.999421128798842	0.441678726483357
40	320	0.5	0.8	1	1	1	1	0.424924420557608	0.98018139066174	0.999832045683574	0.991266375545852	0.988075243533759	1	0.808364124958011
80	320	0.5	0.8	1	1	1	1	0.250624857986821	0.599295614633038	0.923199272892524	0.71813224267212	0.695069302431266	0.999772778913883	0.940468075437401
160	320	0.5	0.8	1	1	1	1	0.160092573958543	0.289092372710807	0.728919299657879	0.438216945059368	0.423827731938016	0.964278526866573	0.983698933386999
320	320	0.5	0.8	1	1	1	1	0.1068	0.1022	0.5582	0.2574	0.2471	0.9069	0.9949
20	20	0.8	0.8	1	0.691244239631336	0.986895161290323	0.992943548387097	0.851958525345622	0.867079493087558	0.996255760368664	0.952908986175115	0.963709677419355	1	0.346054147465438
40	20	0.8	0.8	1	0.696540048672098	0.998412866363348	0.994074701089832	0.901280287800233	0.753253623955137	0.994392127817162	0.955560258173738	0.951856946354883	0.99978838218178	0.4817479631785
80	20	0.8	0.8	1	0.694424982484236	1	0.993894505054549	0.919527574817336	0.611250125112601	0.991091982784506	0.949354418977079	0.943749374436993	0.999899909918927	0.499449504554099
160	20	0.8	0.8	1	0.6944	1	0.9939	0.9366	0.4852	0.9863	0.9512	0.944	0.9996	0.5049
320	20	0.8	0.8	1	0.6944	1	0.9939	0.9438	0.3601	0.9811	0.9504	0.944	0.9999	0.5044
20	40	0.8	0.8	1	0.944124423963134	0.997551843317972	0.99985599078341	0.779809907834101	0.919642857142857	0.992943548387097	0.952476958525346	0.965005760368664	0.99971198156682	0.307603686635945
40	40	0.8	0.8	1	0.944661940535393	0.999576764363559	0.99989419109089	0.850915247063803	0.855570839064649	0.996508305999365	0.956089302719289	0.959686805629034	1	0.468627658448841
80	40	0.8	0.8	1	0.945050545490942	1	0.999899909918927	0.895505955359824	0.742968671804624	0.994695225703133	0.952357121409268	0.95005504954459	0.999899909918927	0.489740766690021
160	40	0.8	0.8	1	0.9451	1	0.9999	0.9251	0.6223	0.9901	0.9516	0.9489	1	0.5012
320	40	0.8	0.8	1	0.9451	1	0.9999	0.9367	0.4828	0.9868	0.9499	0.9482	1	0.5003
20	80	0.8	0.8	1	0.998847926267281	0.99985599078341	1	0.682315668202765	0.943548387096774	0.993231566820276	0.94830069124424	0.965725806451613	0.99956797235023	0.293058755760369
40	80	0.8	0.8	1	0.999047719818009	1	1	0.766479737593905	0.917574859803195	0.995661834726484	0.963390117447889	0.966141149084753	1	0.483652523542482
80	80	0.8	0.8	1	0.999099189270343	1	1	0.83665298768892	0.836552897607847	0.993894505054549	0.949554599139225	0.95275748173356	0.999899909918927	0.500350315283755
160	80	0.8	0.8	1	0.9991	1	1	0.8904	0.7439	0.9929	0.9492	0.9488	1	0.5107
320	80	0.8	0.8	1	0.9991	1	1	0.9207	0.6177	0.9911	0.9506	0.9484	0.9997	0.5063
20	160	0.8	0.8	1	1	1	1	0.577044930875576	0.955357142857143	0.98991935483871	0.950604838709677	0.965149769585253	0.99956797235023	0.280097926267281
40	160	0.8	0.8	1	1	1	1	0.654322293937149	0.947624589990477	0.996402497090255	0.962966881811449	0.968363136176066	1	0.474447148449899
80	160	0.8	0.8	1	1	1	1	0.745671103993594	0.893804423981583	0.994294865378841	0.950255229706736	0.951256130517466	0.999799819837854	0.493644279851867
160	160	0.8	0.8	1	1	1	1	0.8387	0.8379	0.9948	0.9488	0.9499	0.9997	0.4983
320	160	0.8	0.8	1	1	1	1	0.8892	0.7407	0.9926	0.9489	0.9481	1	0.4976
20	320	0.8	0.8	1	1	1	1	0.46831797235023	0.960541474654378	0.985743087557604	0.950172811059908	0.965149769585253	0.99956797235023	0.272897465437788
40	320	0.8	0.8	1	1	1	1	0.516982329912179	0.963284308538779	0.99259337636229	0.966035340175643	0.972278065813141	1	0.473389059358798
80	320	0.8	0.8	1	1	1	1	0.624962466219598	0.920828745871284	0.991392253027725	0.948653788409569	0.948853968571715	1	0.485737163447102
160	320	0.8	0.8	1	1	1	1	0.7463	0.8906	0.9924	0.9491	0.9505	0.9999	0.4957
320	320	0.8	0.8	1	1	1	1	0.8337	0.8327	0.9943	0.9474	0.9465	0.9999	0.4925
20	20	1	0.8	1	0.691450241323834	0.991266375545852	0.993794529993105	0.77763732475293	0.805676855895197	0.98850838887612	0.905653872672949	0.932544242702827	0.999885083888761	0.270282693633647
40	20	1	0.8	1	0.693593875906527	0.999899274778405	0.993855761482675	0.838638195004029	0.69842868654311	0.986502820306205	0.914887187751813	0.92969379532635	0.999395648670427	0.310838033843674
80	20	1	0.8	1	0.6944	1	0.9939	0.8723	0.5566	0.9786	0.9121	0.9246	0.9996	0.3018
160	20	1	0.8	1	0.6944	1	0.9939	0.8868	0.4168	0.9712	0.9093	0.9208	0.9996	0.2941
320	20	1	0.8	1	0.6944	1	0.9939	0.8982	0.3095	0.9601	0.9081	0.9177	0.9995	0.2908
20	40	1	0.8	1	0.945874511606527	0.998391174442657	0.999885083888761	0.676166398529074	0.854746035394162	0.985865318317628	0.898069409331188	0.926223856584693	0.999770167777522	0.218915191909906
40	40	1	0.8	1	0.945205479452055	0.999899274778405	0.999899274778405	0.755338436744561	0.777397260273973	0.987006446414182	0.89867042707494	0.920427074939565	0.999798549556809	0.261583400483481
80	40	1	0.8	1	0.9451	1	0.9999	0.794	0.6417	0.9764	0.8861	0.9017	0.9994	0.2382
160	40	1	0.8	1	0.9451	1	0.9999	0.8283	0.4922	0.9706	0.8757	0.8915	0.9989	0.2225
320	40	1	0.8	1	0.9451	1	0.9999	0.8392	0.3691	0.958	0.8663	0.885	0.9993	0.212
20	80	1	0.8	1	0.99908067111009	1	1	0.55722822339692	0.884968972649966	0.978395771087106	0.891174442656861	0.921052631578947	0.999655251666284	0.198345207998161
40	80	1	0.8	1	0.999093473005641	1	1	0.639403706688155	0.825342465753425	0.979351329572925	0.887792103142627	0.906829170024174	0.999395648670427	0.228142626913779
80	80	1	0.8	1	0.9991	1	1	0.6871	0.7028	0.9702	0.8586	0.8777	0.9987	0.194
160	80	1	0.8	1	0.9991	1	1	0.7216	0.5502	0.9588	0.8279	0.8475	0.9988	0.1622
320	80	1	0.8	1	0.9991	1	1	0.7456	0.4036	0.9388	0.8039	0.8213	0.9979	0.1437
20	160	1	0.8	1	1	1	1	0.436221558262468	0.896115835440129	0.967708572741898	0.884164559871294	0.915421742128246	0.999655251666284	0.173982992415537
40	160	1	0.8	1	1	1	1	0.489423851732474	0.851732473811442	0.971091861402095	0.874899274778405	0.896051571313457	0.999496373892023	0.20870265914585
80	160	1	0.8	1	1	1	1	0.5282	0.7318	0.963	0.8218	0.8394	0.9978	0.1667
160	160	1	0.8	1	1	1	1	0.5619	0.5757	0.9423	0.7623	0.7812	0.9969	0.1115
320	160	1	0.8	1	1	1	1	0.5751	0.399	0.9118	0.7102	0.7268	0.994	0.0846
20	320	1	0.8	1	1	1	1	0.342450011491611	0.902551137669501	0.958860032176511	0.880946908756608	0.913583084348426	0.998735922776373	0.167662606297403
40	320	1	0.8	1	1	1	1	0.364121676067687	0.866136180499597	0.960112812248187	0.867546333601934	0.89041095890411	0.998589846897663	0.198126510878324
80	320	1	0.8	1	1	1	1	0.392	0.7533	0.944	0.8004	0.8225	0.9981	0.1387
160	320	1	0.8	1	1	1	1	0.3826	0.5906	0.9112	0.7063	0.7259	0.9951	0.0808
320	320	1	0.8	1	1	1	1	0.3743	0.3871	0.8634	0.5977	0.6164	0.9868	0.0432
20	20	0	1	1	0.857142857142857	0.446680080482897	0.448692152917505	0.396378269617706	0.386317907444668	0.488933601609658	0.448692152917505	0.428571428571429	0.758551307847082	0.317907444668008
40	20	0	1	1	0.88454011741683	0.473581213307241	0.473581213307241	0.35812133072407	0.23091976516634	0.49706457925636	0.418786692759295	0.407045009784736	0.76320939334638	0.432485322896282
80	20	0	1	1	0.88	0.539047619047619	0.52952380952381	0.295238095238095	0.0761904761904762	0.491428571428571	0.333333333333333	0.318095238095238	0.811428571428571	0.516190476190476
160	20	0	1	1	0.864077669902913	0.553398058252427	0.510679611650485	0.196116504854369	0.0310679611650485	0.392233009708738	0.221359223300971	0.2	0.807766990291262	0.499029126213592
320	20	0	1	1	0.873320537428023	0.598848368522073	0.487523992322457	0.197696737044146	0.00959692898272553	0.291746641074856	0.203454894433781	0.191938579654511	0.817658349328215	0.485604606525912
20	40	0	1	1	0.991951710261569	0.756539235412475	0.448692152917505	0.37625754527163	0.422535211267606	0.45271629778672	0.442655935613682	0.440643863179074	0.577464788732394	0.374245472837022
40	40	0	1	1	0.98825831702544	0.504892367906067	0.473581213307241	0.25440313111546	0.240704500978474	0.463796477495108	0.377690802348337	0.356164383561644	0.547945205479452	0.461839530332681
80	40	0	1	1	0.988571428571429	0.52952380952381	0.52952380952381	0.135238095238095	0.0457142857142857	0.415238095238095	0.220952380952381	0.192380952380952	0.567619047619048	0.525714285714286
160	40	0	1	1	0.994174757281553	0.510679611650485	0.510679611650485	0.0485436893203883	0.00194174757281553	0.231067961165049	0.0932038834951456	0.0757281553398058	0.499029126213592	0.510679611650485
320	40	0	1	1	0.984644913627639	0.500959692898273	0.485604606525912	0.0345489443378119	0	0.103646833013436	0.0460652591170825	0.0403071017274472	0.410748560460653	0.485604606525912
20	80	0	1	1	1	0.997987927565392	0.448692152917505	0.311871227364185	0.442655935613682	0.448692152917505	0.448692152917505	0.448692152917505	0.464788732394366	0.378269617706237
40	80	0	1	1	1	0.984344422700587	0.473581213307241	0.0998043052837573	0.23679060665362	0.457925636007828	0.35812133072407	0.344422700587084	0.477495107632094	0.473581213307241
80	80	0	1	1	1	0.891428571428571	0.52952380952381	0.0285714285714286	0.0285714285714286	0.28952380952381	0.0914285714285714	0.08	0.500952380952381	0.52952380952381
160	80	0	1	1	1	0.553398058252427	0.510679611650485	0.00194174757281553	0	0.0446601941747573	0.00970873786407767	0.00776699029126214	0.299029126213592	0.510679611650485
320	80	0	1	1	1	0.485604606525912	0.485604606525912	0.00191938579654511	0	0.0134357005758157	0.00191938579654511	0.00191938579654511	0.134357005758157	0.485604606525912
20	160	0	1	1	1	1	0.448692152917505	0.21327967806841	0.446680080482897	0.448692152917505	0.446680080482897	0.446680080482897	0.448692152917505	0.398390342052314
40	160	0	1	1	1	1	0.473581213307241	0.0156555772994129	0.183953033268102	0.450097847358121	0.273972602739726	0.24853228962818	0.473581213307241	0.473581213307241
80	160	0	1	1	1	1	0.52952380952381	0.0019047619047619	0.00761904761904762	0.140952380952381	0.019047619047619	0.019047619047619	0.474285714285714	0.52952380952381
160	160	0	1	1	1	1	0.510679611650485	0	0	0.0116504854368932	0	0	0.104854368932039	0.510679611650485
320	160	0	1	1	1	0.961612284069098	0.485604606525912	0	0	0	0	0	0.00959692898272553	0.485604606525912
20	320	0	1	1	1	1	0.448692152917505	0.120724346076459	0.448692152917505	0.448692152917505	0.448692152917505	0.448692152917505	0.448692152917505	0.41046277665996
40	320	0	1	1	1	1	0.473581213307241	0.00587084148727984	0.193737769080235	0.418786692759295	0.252446183953033	0.240704500978474	0.473581213307241	0.473581213307241
80	320	0	1	1	1	1	0.52952380952381	0	0.0019047619047619	0.0571428571428571	0.0133333333333333	0.00952380952380952	0.43047619047619	0.52952380952381
160	320	0	1	1	1	1	0.510679611650485	0	0	0	0	0	0.0116504854368932	0.510679611650485
320	320	0	1	1	1	1	0.485604606525912	0	0	0	0	0	0	0.485604606525912
20	20	0.2	1	1	0.853182751540041	0.936344969199179	0.939425051334702	0.838809034907598	0.808008213552361	0.944558521560575	0.919917864476386	0.908624229979466	0.96611909650924	0.649897330595482
40	20	0.2	1	1	0.875257025359836	0.985606579849212	0.986291980808773	0.743660041124058	0.495544893762851	0.960246744345442	0.864290610006854	0.807402330363262	0.993831391363948	0.895819054146676
80	20	0.2	1	1	0.874588815789474	0.995476973684211	0.995065789473684	0.578536184210526	0.193667763157895	0.862253289473684	0.662417763157895	0.613486842105263	0.991365131578947	0.959703947368421
160	20	0.2	1	1	0.876557723959558	0.999529743710322	0.998589231130966	0.444862450035269	0.067481777568775	0.706324947096167	0.490712438278862	0.446273218904303	0.96896308488126	0.982600517281919
320	20	0.2	1	1	0.872648739027449	0.999860666016441	0.999303330082207	0.374111745854814	0.0264734568761321	0.563048627560262	0.396544517207747	0.360875017416748	0.950815103803818	0.989967953183782
20	40	0.2	1	1	0.991786447638604	0.980492813141684	0.939425051334702	0.801848049281314	0.891170431211499	0.939425051334702	0.932238193018481	0.92299794661191	0.950718685831622	0.726899383983573
40	40	0.2	1	1	0.991775188485264	0.987662782727896	0.986291980808773	0.537354352296093	0.497601096641535	0.954763536668951	0.798492117888965	0.752570253598355	0.986291980808773	0.936943111720356
80	40	0.2	1	1	0.992598684210526	0.995476973684211	0.995476973684211	0.295641447368421	0.126644736842105	0.784539473684211	0.456825657894737	0.412417763157895	0.980263157894737	0.987664473684211
160	40	0.2	1	1	0.992475899365154	0.999764871855161	0.999764871855161	0.158006113331766	0.0209264048906654	0.479191159181754	0.226898659769574	0.200094051257936	0.907359510933459	0.996473077827416
320	40	0.2	1	1	0.992197296920719	0.999860666016441	0.999860666016441	0.0964191166225442	0.00501602340810924	0.265152570711997	0.11662254423854	0.105475825553853	0.807579768705587	0.99902466211509
20	80	0.2	1	1	1	0.998973305954825	0.939425051334702	0.679671457905544	0.926078028747433	0.939425051334702	0.936344969199179	0.933264887063655	0.9435318275154	0.75564681724846
40	80	0.2	1	1	1	1	0.986291980808773	0.274845784784099	0.496915695681974	0.950651130911583	0.729952021932831	0.681973954763537	0.986291980808773	0.969842357779301
80	80	0.2	1	1	1	0.999177631578947	0.995476973684211	0.0723684210526316	0.0657894736842105	0.586759868421053	0.222039473684211	0.199835526315789	0.954358552631579	0.994243421052632
160	80	0.2	1	1	1	0.999764871855161	0.999764871855161	0.0183399952974371	0.00423230660710087	0.202445332706325	0.0434987067952034	0.0390312720432636	0.679990594874206	0.999529743710322
320	80	0.2	1	1	1	0.999860666016441	0.999860666016441	0.0055733593423436	0.00013933398355859	0.0551762574892016	0.0103107147833357	0.00919604291486694	0.388184478194232	0.999860666016441
20	160	0.2	1	1	1	1	0.939425051334702	0.506160164271047	0.937371663244353	0.939425051334702	0.938398357289528	0.939425051334702	0.939425051334702	0.809034907597536
40	160	0.2	1	1	1	1	0.986291980808773	0.10212474297464	0.483207676490747	0.941740918437286	0.675805346127485	0.616175462645648	0.986291980808773	0.976010966415353
80	160	0.2	1	1	1	1	0.995476973684211	0.00699013157894737	0.0328947368421053	0.342927631578947	0.0847039473684211	0.0731907894736842	0.916529605263158	0.995065789473684
160	160	0.2	1	1	1	1	0.999764871855161	0.000470256289677874	0.000470256289677874	0.033858452856807	0.00211615330355044	0.00211615330355044	0.320244533270633	0.999764871855161
320	160	0.2	1	1	1	1	0.999860666016441	0	0	0.00083600390135154	0	0	0.0515535739166783	0.999860666016441
20	320	0.2	1	1	1	1	0.939425051334702	0.302874743326489	0.938398357289528	0.939425051334702	0.938398357289528	0.938398357289528	0.939425051334702	0.81006160164271
40	320	0.2	1	1	1	1	0.986291980808773	0.0376970527758739	0.489376285126799	0.925976696367375	0.646333104866347	0.575736806031528	0.986291980808773	0.980808773132282
80	320	0.2	1	1	1	1	0.995476973684211	0.00123355263157895	0.0148026315789474	0.153371710526316	0.0345394736842105	0.0283717105263158	0.868421052631579	0.995476973684211
160	320	0.2	1	1	1	1	0.999764871855161	0	0	0.00399717846226193	0.000235128144838937	0.000235128144838937	0.0905243357629908	0.999764871855161
320	320	0.2	1	1	1	1	0.999860666016441	0	0	0	0	0	0.00111467186846872	0.999860666016441
20	20	0.5	1	1	0.872069464544139	0.99739507959479	0.999421128798842	0.904196816208394	0.878726483357453	0.998263386396527	0.978002894356006	0.96410998552822	1	0.653545586107091
40	20	0.5	1	1	0.870507222035606	0.998992274101444	0.99916022841787	0.803325495465233	0.581625797783003	0.980853207927444	0.903762176687941	0.861773597581458	0.999496137050722	0.834732952636883
80	20	0.5	1	1	0.869575096568962	0.999886389456942	0.99931833674165	0.718245853215178	0.322426721199727	0.928652578959327	0.788570779368325	0.741081572369916	0.996705294251306	0.908429902294933
160	20	0.5	1	1	0.869993962567921	1	0.999396256792111	0.683236063594285	0.198430267659489	0.866773998792514	0.725699335882471	0.675789897363655	0.992251962165426	0.930972026564701
320	20	0.5	1	1	0.8702	1	0.9994	0.687	0.127	0.8347	0.7096	0.6595	0.9898	0.9344
20	40	0.5	1	1	0.992764109985528	1	0.999421128798842	0.846888567293777	0.944717800289436	0.998842257597685	0.98986975397974	0.982923299565847	0.999421128798842	0.700144717800289
40	40	0.5	1	1	0.992274101444407	1	1	0.656197514276117	0.620591199193819	0.982700705408129	0.876889486059792	0.840443399395364	1	0.893516963385959
80	40	0.5	1	1	0.992728925244263	1	1	0.501476937059759	0.28538968416269	0.891501931379232	0.655873665076119	0.611679163826403	0.993751420131788	0.956487162008634
160	40	0.5	1	1	0.992755081505333	1	1	0.44244314751459	0.137452203662709	0.771986315153955	0.531394646810223	0.4918494666935	0.978667739987925	0.977460253572147
320	40	0.5	1	1	0.9928	1	1	0.4345	0.0741	0.693	0.4825	0.4457	0.9725	0.9819
20	80	0.5	1	1	1	1	0.999421128798842	0.731693198263386	0.983212735166425	0.999421128798842	0.995947901591896	0.993342981186686	0.999421128798842	0.737771345875543
40	80	0.5	1	1	1	1	1	0.443231441048035	0.649815250251931	0.98018139066174	0.845817937520994	0.806516627477326	1	0.93600940544172
80	80	0.5	1	1	1	1	1	0.257895932742559	0.242104067257441	0.798114064985231	0.496591683708248	0.46319018404908	0.987843671892752	0.981481481481482
160	80	0.5	1	1	1	1	1	0.190179110485007	0.0869390219360032	0.603743207888911	0.3076071644194	0.281746830348159	0.927047695713423	0.994566311129
320	80	0.5	1	1	1	1	1	0.1706	0.0315	0.4664	0.2333	0.2148	0.8846	0.9966
20	160	0.5	1	1	1	1	0.999421128798842	0.572503617945007	0.996816208393632	0.999421128798842	0.997105643994211	0.998552821997106	0.999421128798842	0.77424023154848
40	160	0.5	1	1	1	1	1	0.248068525361102	0.678703392677192	0.972287537789721	0.817601612361438	0.772253946926436	1	0.953140745717165
80	160	0.5	1	1	1	1	1	0.103158373097023	0.210179504658032	0.669620540786185	0.360259032038173	0.335151102022268	0.97307430129516	0.992615314701204
160	160	0.5	1	1	1	1	1	0.0479975850271684	0.0446769973837794	0.392030589655866	0.143389011873616	0.128899174884283	0.811128999798752	0.99929563292413
320	160	0.5	1	1	1	1	1	0.0255	0.0065	0.2157	0.0562	0.0508	0.661	1
20	320	0.5	1	1	1	1	0.999421128798842	0.397684515195369	0.998842257597685	0.999421128798842	0.998263386396527	0.999131693198263	0.999421128798842	0.781186685962373
40	320	0.5	1	1	1	1	1	0.136042996305005	0.689284514612026	0.963385959019147	0.803325495465233	0.757306012764528	1	0.961370507222036
80	320	0.5	1	1	1	1	1	0.0415814587593729	0.188025448761645	0.526130424903431	0.272438082254033	0.25142013178823	0.963417405135197	0.996250852079073
160	320	0.5	1	1	1	1	1	0.0100623867981485	0.0265647011471121	0.212517609176897	0.0605755685248541	0.0556449989937613	0.66190380358221	0.999698128396056
320	320	0.5	1	1	1	1	1	0.0013	0.0013	0.062	0.0075	0.007	0.3511	1
20	20	0.8	1	1	0.871399769585253	0.997551843317972	0.999279953917051	0.890264976958525	0.883208525345622	0.997839861751152	0.972494239631336	0.971198156682028	1	0.539458525345622
40	20	0.8	1	1	0.868902761612528	0.99968257327267	0.999365146545339	0.87757909215956	0.704264099037139	0.990583007089197	0.946249074172045	0.923711776531584	0.99978838218178	0.676859591577611
80	20	0.8	1	1	0.870183164848364	1	0.999399459513562	0.887498748873987	0.550495445901311	0.98008207386648	0.924832349114203	0.900410369332399	0.999299369432489	0.708837954158743
160	20	0.8	1	1	0.8702	1	0.9994	0.9012	0.4238	0.9725	0.9205	0.8939	0.9995	0.7165
320	20	0.8	1	1	0.8702	1	0.9994	0.909	0.3168	0.9624	0.9184	0.8941	0.9994	0.7288
20	40	0.8	1	1	0.991935483870968	1	1	0.835109447004608	0.942684331797235	0.998559907834101	0.97897465437788	0.981278801843318	1	0.552563364055299
40	40	0.8	1	1	0.9926991852714	1	1	0.800021161781822	0.781716220505767	0.993228229816951	0.943815469262512	0.926356999259338	0.99989419109089	0.715162416675484
80	40	0.8	1	1	0.992793514162747	1	1	0.817635872285057	0.627564808327495	0.980582524271845	0.904213792413172	0.883094785306776	0.999299369432489	0.753478130317286
160	40	0.8	1	1	0.9928	1	1	0.8506	0.4929	0.9703	0.8942	0.8718	0.9994	0.7837
320	40	0.8	1	1	0.9928	1	1	0.8613	0.3666	0.9596	0.888	0.8641	0.9991	0.7969
20	80	0.8	1	1	1	1	1	0.73963133640553	0.977246543778802	0.998559907834101	0.983438940092166	0.987471198156682	1	0.566676267281106
40	80	0.8	1	1	1	1	1	0.680562903396466	0.836207808697492	0.993968892180722	0.937678552534123	0.921807216167601	1	0.746587662681198
80	80	0.8	1	1	1	1	1	0.699029126213592	0.679111200080072	0.974777299569613	0.872785506956261	0.85216695025523	0.99899909918927	0.800320288259433
160	80	0.8	1	1	1	1	1	0.7343	0.531	0.9599	0.8428	0.8236	0.9979	0.8411
320	80	0.8	1	1	1	1	1	0.754	0.3882	0.9397	0.8147	0.7939	0.9978	0.8613
20	160	0.8	1	1	1	1	1	0.589861751152074	0.986175115207373	0.997983870967742	0.985023041474654	0.990783410138249	1	0.572292626728111
40	160	0.8	1	1	1	1	1	0.520156597185483	0.871230557612951	0.992064331816739	0.933657813987938	0.92064331816739	1	0.764469368320813
80	160	0.8	1	1	1	1	1	0.550495445901311	0.721649484536082	0.960964868381543	0.850765689120208	0.831548393554199	0.998598738864979	0.83495145631068
160	160	0.8	1	1	1	1	1	0.5762	0.5606	0.9384	0.7814	0.7602	0.9965	0.8846
320	160	0.8	1	1	1	1	1	0.5902	0.3817	0.9103	0.7269	0.7057	0.9944	0.9179
20	320	0.8	1	1	1	1	1	0.43778801843318	0.990207373271889	0.997407834101382	0.985887096774194	0.990927419354839	1	0.575892857142857
40	320	0.8	1	1	1	1	1	0.383134059887843	0.891016823616549	0.989524917998095	0.931224209078404	0.917574859803195	1	0.775156068140938
80	320	0.8	1	1	1	1	1	0.406265639075168	0.748173356020418	0.942248023220899	0.825542988689821	0.808227404664198	0.99829846862176	0.858973075768191
160	320	0.8	1	1	1	1	1	0.403	0.5767	0.9088	0.7309	0.7131	0.9938	0.9184
320	320	0.8	1	1	1	1	1	0.3835	0.3727	0.8556	0.6103	0.5947	0.9864	0.9586
20	20	1	1	1	0.870489542633877	0.997816593886463	0.999425419443806	0.855550448172834	0.860491840956102	0.995748103884165	0.955412548839347	0.962882096069869	1	0.433578487703976
40	20	1	1	1	0.870265914585012	0.999899274778405	0.999395648670427	0.893835616438356	0.746071716357776	0.994762288477035	0.951047542304593	0.947925060435133	1	0.494661563255439
80	20	1	1	1	0.8702	1	0.9994	0.9195	0.613	0.9908	0.9498	0.9427	1	0.4995
160	20	1	1	1	0.8702	1	0.9994	0.937	0.4878	0.9867	0.9511	0.9431	0.9999	0.5014
320	20	1	1	1	0.8702	1	0.9994	0.9396	0.3614	0.9818	0.9462	0.9386	0.9999	0.5066
20	40	1	1	1	0.992990117214433	1	1	0.784762123649736	0.922546541025052	0.995288439439209	0.956906458285452	0.970006894966674	0.999770167777522	0.432544242702827
40	40	1	1	1	0.992747784045125	1	1	0.84397663174859	0.845286059629331	0.996474617244158	0.95356567284448	0.955983078162772	0.999899274778405	0.496978243352135
80	40	1	1	1	0.9928	1	1	0.8909	0.743	0.9932	0.9509	0.9487	0.9999	0.4993
160	40	1	1	1	0.9928	1	1	0.924	0.6249	0.9919	0.9532	0.9509	1	0.5008
320	40	1	1	1	0.9928	1	1	0.9394	0.484	0.9884	0.9533	0.9511	0.9999	0.5098
20	80	1	1	1	1	1	1	0.675017237416686	0.951965065502183	0.994139278326821	0.957595954952884	0.970811307745346	1	0.422316708802574
40	80	1	1	1	1	1	1	0.749597099113618	0.90290088638195	0.994762288477035	0.955781627719581	0.959307010475423	0.999899274778405	0.498589846897663
80	80	1	1	1	1	1	1	0.8343	0.8356	0.9963	0.9482	0.95	1	0.4974
160	80	1	1	1	1	1	1	0.8936	0.7431	0.9936	0.9503	0.9504	0.9999	0.5104
320	80	1	1	1	1	1	1	0.9213	0.6163	0.9918	0.9528	0.9508	0.9999	0.5088
20	160	1	1	1	1	1	1	0.555734313950816	0.964261089404735	0.992070788324523	0.957710871064123	0.972649965525167	1	0.425649276028499
40	160	1	1	1	1	1	1	0.629431909750201	0.931305398871877	0.994258662369057	0.955278001611604	0.957997582594682	0.999899274778405	0.491841257050766
80	160	1	1	1	1	1	1	0.7444	0.8898	0.9948	0.9488	0.9497	0.9999	0.4981
160	160	1	1	1	1	1	1	0.8391	0.8386	0.9954	0.9552	0.954	1	0.5
320	160	1	1	1	1	1	1	0.8876	0.7394	0.9947	0.9473	0.9457	1	0.5036
20	320	1	1	1	1	1	1	0.421971960468858	0.967019076074466	0.988623304987359	0.955067800505631	0.970121811077913	1	0.420133302689037
40	320	1	1	1	1	1	1	0.498388396454472	0.946313456889605	0.993553585817889	0.959105560032232	0.961623690572119	1	0.483682514101531
80	320	1	1	1	1	1	1	0.6144	0.9178	0.9921	0.9482	0.9488	0.9999	0.4911
160	320	1	1	1	1	1	1	0.7431	0.8896	0.9942	0.9505	0.951	0.9999	0.4923
320	320	1	1	1	1	1	1	0.834	0.8348	0.9931	0.9476	0.9493	0.9999	0.4998
