n1	n2	d1	d2	sig1	sig2	sigm	sdir	d1.c2	d2.c1	c1.c2	d1.p2	d2.p1	p1.p2	d2.scp1	big2
20	20	0	0	1	0.0277777777777778	0.388888888888889	0.583333333333333	0.416666666666667	0.444444444444444	0.888888888888889	0.638888888888889	0.722222222222222	1	0.583333333333333	0.0277777777777778
40	20	0	0	1	0.0638297872340425	0.446808510638298	0.531914893617021	0.659574468085106	0.51063829787234	0.936170212765957	0.765957446808511	0.765957446808511	1	0.531914893617021	0.0638297872340425
80	20	0	0	1	0.04	0.64	0.46	0.66	0.36	0.94	0.78	0.78	1	0.46	0.08
160	20	0	0	1	0.0212765957446809	0.680851063829787	0.51063829787234	0.872340425531915	0.361702127659574	0.957446808510638	0.872340425531915	0.872340425531915	1	0.51063829787234	0.191489361702128
320	20	0	0	1	0.024390243902439	0.780487804878049	0.48780487804878	0.926829268292683	0.24390243902439	0.975609756097561	0.926829268292683	0.926829268292683	1	0.48780487804878	0.292682926829268
20	40	0	0	1	0	0.138888888888889	0.5	0.0277777777777778	0.194444444444444	0.916666666666667	0.5	0.555555555555556	1	0.194444444444444	0
40	40	0	0	1	0	0.446808510638298	0.680851063829787	0.48936170212766	0.48936170212766	1	0.765957446808511	0.787234042553192	1	0.680851063829787	0
80	40	0	0	1	0.04	0.54	0.6	0.64	0.48	0.96	0.76	0.76	1	0.6	0.06
160	40	0	0	1	0.0212765957446809	0.680851063829787	0.617021276595745	0.808510638297872	0.51063829787234	0.978723404255319	0.893617021276596	0.893617021276596	1	0.617021276595745	0.0851063829787234
320	40	0	0	1	0.0731707317073171	0.75609756097561	0.609756097560976	0.902439024390244	0.51219512195122	0.951219512195122	0.926829268292683	0.926829268292683	1	0.609756097560976	0.292682926829268
20	80	0	0	1	0.111111111111111	0.305555555555556	0.638888888888889	0.0833333333333333	0.388888888888889	0.861111111111111	0.416666666666667	0.444444444444444	1	0.194444444444444	0
40	80	0	0	1	0.0425531914893617	0.191489361702128	0.617021276595745	0.106382978723404	0.404255319148936	0.936170212765957	0.574468085106383	0.595744680851064	1	0.340425531914894	0.0212765957446809
80	80	0	0	1	0	0.44	0.66	0.46	0.46	0.98	0.68	0.68	1	0.66	0
160	80	0	0	1	0.0425531914893617	0.425531914893617	0.468085106382979	0.702127659574468	0.446808510638298	0.957446808510638	0.787234042553192	0.787234042553192	1	0.468085106382979	0.0425531914893617
320	80	0	0	1	0.024390243902439	0.634146341463415	0.536585365853659	0.75609756097561	0.48780487804878	0.975609756097561	0.780487804878049	0.780487804878049	1	0.536585365853659	0.0731707317073171
20	160	0	0	1	0.0277777777777778	0.0277777777777778	0.333333333333333	0	0.138888888888889	0.666666666666667	0.166666666666667	0.194444444444444	1	0	0
40	160	0	0	1	0.127659574468085	0.170212765957447	0.48936170212766	0.0425531914893617	0.297872340425532	0.808510638297872	0.468085106382979	0.48936170212766	0.978723404255319	0.106382978723404	0
80	160	0	0	1	0.02	0.36	0.6	0.06	0.34	0.88	0.56	0.58	1	0.42	0
160	160	0	0	1	0.0212765957446809	0.319148936170213	0.446808510638298	0.340425531914894	0.340425531914894	0.957446808510638	0.638297872340426	0.659574468085106	1	0.446808510638298	0.0212765957446809
320	160	0	0	1	0.0487804878048781	0.463414634146341	0.560975609756098	0.658536585365854	0.390243902439024	0.902439024390244	0.804878048780488	0.804878048780488	0.975609756097561	0.560975609756098	0
20	320	0	0	1	0.0555555555555556	0.0555555555555556	0.361111111111111	0	0.166666666666667	0.555555555555556	0.166666666666667	0.166666666666667	1	0	0
40	320	0	0	1	0.0638297872340425	0.0851063829787234	0.574468085106383	0	0.191489361702128	0.765957446808511	0.319148936170213	0.382978723404255	1	0	0
80	320	0	0	1	0.04	0.16	0.48	0	0.24	0.76	0.32	0.32	0.98	0.1	0
160	320	0	0	1	0	0.191489361702128	0.51063829787234	0.0425531914893617	0.361702127659574	0.936170212765957	0.48936170212766	0.51063829787234	1	0.340425531914894	0
320	320	0	0	1	0.0975609756097561	0.292682926829268	0.439024390243902	0.341463414634146	0.341463414634146	0.926829268292683	0.609756097560976	0.609756097560976	1	0.439024390243902	0.0487804878048781
20	20	0.2	0	1	0.0206185567010309	0.288659793814433	0.54639175257732	0.329896907216495	0.350515463917526	0.958762886597938	0.628865979381443	0.670103092783505	1	0.54639175257732	0.0103092783505155
40	20	0.2	0	1	0.0236220472440945	0.543307086614173	0.543307086614173	0.582677165354331	0.377952755905512	0.952755905511811	0.755905511811024	0.771653543307087	1	0.543307086614173	0.031496062992126
80	20	0.2	0	1	0.036144578313253	0.686746987951807	0.48995983935743	0.746987951807229	0.345381526104418	0.955823293172691	0.799196787148594	0.799196787148594	1	0.48995983935743	0.112449799196787
160	20	0.2	0	1	0.044543429844098	0.850779510022272	0.552338530066815	0.848552338530067	0.385300668151448	0.977728285077951	0.88195991091314	0.875278396436526	1	0.552338530066815	0.191536748329621
320	20	0.2	0	1	0.0358680057388809	0.941176470588235	0.539454806312769	0.889526542324247	0.315638450502152	0.954088952654232	0.898134863701578	0.892395982783357	1	0.539454806312769	0.24103299856528
20	40	0.2	0	1	0.0515463917525773	0.247422680412371	0.536082474226804	0.123711340206186	0.34020618556701	0.907216494845361	0.484536082474227	0.556701030927835	1	0.34020618556701	0
40	40	0.2	0	1	0.0393700787401575	0.425196850393701	0.503937007874016	0.307086614173228	0.307086614173228	0.976377952755906	0.598425196850394	0.62992125984252	1	0.503937007874016	0.015748031496063
80	40	0.2	0	1	0.036144578313253	0.538152610441767	0.477911646586345	0.530120481927711	0.333333333333333	0.947791164658635	0.734939759036145	0.746987951807229	1	0.477911646586345	0.0200803212851406
160	40	0.2	0	1	0.0289532293986637	0.759465478841871	0.503340757238307	0.690423162583519	0.367483296213808	0.953229398663697	0.795100222717149	0.797327394209354	1	0.503340757238307	0.106904231625835
320	40	0.2	0	1	0.0559540889526542	0.911047345767575	0.48206599713056	0.807747489239598	0.315638450502152	0.935437589670014	0.830703012912482	0.827833572453372	0.998565279770445	0.48206599713056	0.147776183644189
20	80	0.2	0	1	0.0412371134020619	0.185567010309278	0.474226804123711	0.0103092783505155	0.288659793814433	0.783505154639175	0.360824742268041	0.412371134020619	1	0.103092783505155	0
40	80	0.2	0	1	0.047244094488189	0.21259842519685	0.440944881889764	0.0866141732283465	0.228346456692913	0.811023622047244	0.393700787401575	0.433070866141732	0.992125984251969	0.283464566929134	0
80	80	0.2	0	1	0.0321285140562249	0.34136546184739	0.429718875502008	0.236947791164659	0.248995983935743	0.887550200803213	0.562248995983936	0.562248995983936	0.995983935742972	0.429718875502008	0.00401606425702811
160	80	0.2	0	1	0.0467706013363029	0.612472160356347	0.494432071269488	0.505567928730512	0.34075723830735	0.926503340757238	0.699331848552339	0.701559020044543	0.993318485523385	0.494432071269488	0.0400890868596882
320	80	0.2	0	1	0.0516499282639885	0.835007173601148	0.459110473457676	0.641319942611191	0.282639885222382	0.905308464849354	0.746054519368723	0.746054519368723	0.991391678622669	0.459110473457676	0.0659971305595409
20	160	0.2	0	1	0.0515463917525773	0.103092783505155	0.422680412371134	0	0.195876288659794	0.731958762886598	0.22680412371134	0.288659793814433	1	0	0
40	160	0.2	0	1	0.0393700787401575	0.196850393700787	0.566929133858268	0	0.236220472440945	0.755905511811024	0.346456692913386	0.401574803149606	1	0.118110236220472	0
80	160	0.2	0	1	0.0441767068273092	0.289156626506024	0.48995983935743	0.0803212851405622	0.261044176706827	0.827309236947791	0.457831325301205	0.469879518072289	0.991967871485944	0.333333333333333	0
160	160	0.2	0	1	0.0534521158129176	0.465478841870824	0.483296213808463	0.244988864142539	0.251670378619154	0.855233853006682	0.503340757238307	0.510022271714922	0.993318485523385	0.483296213808463	0.0089086859688196
320	160	0.2	0	1	0.0401721664275466	0.736011477761836	0.483500717360115	0.42180774748924	0.242467718794835	0.850789096126255	0.581061692969871	0.583931133428981	0.988522238163558	0.483500717360115	0.03012912482066
20	320	0.2	0	1	0.0412371134020619	0.0721649484536082	0.536082474226804	0	0.164948453608247	0.65979381443299	0.164948453608247	0.216494845360825	1	0	0
40	320	0.2	0	1	0.0393700787401575	0.125984251968504	0.590551181102362	0	0.149606299212598	0.700787401574803	0.196850393700787	0.259842519685039	1	0.0078740157480315	0
80	320	0.2	0	1	0.0281124497991968	0.156626506024096	0.497991967871486	0.00401606425702811	0.208835341365462	0.746987951807229	0.293172690763052	0.309236947791165	0.991967871485944	0.0562248995983936	0
160	320	0.2	0	1	0.0356347438752784	0.32293986636971	0.501113585746102	0.0512249443207127	0.191536748329621	0.783964365256125	0.356347438752784	0.369710467706013	0.99109131403118	0.309576837416481	0
320	320	0.2	0	1	0.0487804878048781	0.601147776183644	0.532281205164993	0.199426111908178	0.200860832137733	0.799139167862267	0.440459110473458	0.441893830703013	0.981348637015782	0.532281205164993	0.00717360114777618
20	20	0.5	0	1	0.0401069518716578	0.401069518716578	0.532085561497326	0.262032085561497	0.280748663101604	0.879679144385027	0.524064171122995	0.566844919786096	0.994652406417112	0.532085561497326	0.0106951871657754
40	20	0.5	0	1	0.0451505016722408	0.687290969899666	0.525083612040134	0.48494983277592	0.290969899665552	0.889632107023411	0.632107023411371	0.650501672240803	0.998327759197324	0.525083612040134	0.0384615384615385
80	20	0.5	0	1	0.0348706411698538	0.90888638920135	0.525309336332958	0.602924634420697	0.258717660292463	0.885264341957255	0.683914510686164	0.695163104611924	0.998875140607424	0.525309336332958	0.0641169853768279
160	20	0.5	0	1	0.0361809045226131	0.991959798994975	0.528643216080402	0.667336683417085	0.208040201005025	0.858291457286432	0.704522613065327	0.710552763819095	0.997989949748744	0.528643216080402	0.0743718592964824
320	20	0.5	0	1	0.036	1	0.527	0.672	0.137	0.826	0.688	0.696	0.997	0.527	0.066
20	40	0.5	0	1	0.0508021390374332	0.245989304812834	0.475935828877005	0.0508021390374332	0.224598930481283	0.770053475935829	0.342245989304813	0.39572192513369	0.975935828877005	0.27807486631016	0
40	40	0.5	0	1	0.0501672240802676	0.486622073578595	0.491638795986622	0.214046822742475	0.22742474916388	0.802675585284281	0.446488294314381	0.468227424749164	0.986622073578595	0.491638795986622	0.00501672240802676
80	40	0.5	0	1	0.046119235095613	0.813273340832396	0.493813273340832	0.347581552305962	0.199100112485939	0.799775028121485	0.506186726659168	0.517435320584927	0.985376827896513	0.493813273340832	0.0123734533183352
160	40	0.5	0	1	0.0462311557788945	0.985929648241206	0.495477386934673	0.406030150753769	0.136683417085427	0.752763819095477	0.493467336683417	0.498492462311558	0.981909547738693	0.495477386934673	0.0190954773869347
320	40	0.5	0	1	0.047	1	0.496	0.398	0.08	0.665	0.443	0.448	0.974	0.496	0.018
20	80	0.5	0	1	0.0508021390374332	0.144385026737968	0.46524064171123	0.0053475935828877	0.192513368983957	0.671122994652406	0.235294117647059	0.275401069518717	0.962566844919786	0.0614973262032086	0
40	80	0.5	0	1	0.0535117056856187	0.326086956521739	0.459866220735786	0.0434782608695652	0.168896321070234	0.698996655518395	0.287625418060201	0.306020066889632	0.974916387959866	0.297658862876254	0
80	80	0.5	0	1	0.0517435320584927	0.656917885264342	0.47244094488189	0.111361079865017	0.116985376827897	0.637795275590551	0.305961754780652	0.310461192350956	0.962879640044994	0.47244094488189	0.00224971878515186
160	80	0.5	0	1	0.050251256281407	0.95678391959799	0.465326633165829	0.163819095477387	0.0703517587939698	0.5678391959799	0.260301507537688	0.266331658291457	0.910552763819095	0.465326633165829	0.00402010050251256
320	80	0.5	0	1	0.05	1	0.467	0.14	0.027	0.416	0.19	0.195	0.864	0.467	0.004
20	160	0.5	0	1	0.0508021390374332	0.122994652406417	0.470588235294118	0	0.125668449197861	0.542780748663102	0.141711229946524	0.160427807486631	0.981283422459893	0.00267379679144385	0
40	160	0.5	0	1	0.0418060200668896	0.197324414715719	0.496655518394649	0.00167224080267559	0.107023411371237	0.543478260869565	0.175585284280936	0.193979933110368	0.95819397993311	0.0702341137123746	0
80	160	0.5	0	1	0.0449943757030371	0.447694038245219	0.481439820022497	0.0247469066366704	0.0843644544431946	0.487064116985377	0.16310461192351	0.168728908886389	0.893138357705287	0.289088863892013	0.00112485939257593
160	160	0.5	0	1	0.0472361809045226	0.871356783919598	0.488442211055276	0.0381909547738693	0.0381909547738693	0.344723618090452	0.111557788944724	0.11356783919598	0.792964824120603	0.488442211055276	0
320	160	0.5	0	1	0.047	1	0.488	0.019	0.007	0.182	0.044	0.045	0.597	0.488	0
20	320	0.5	0	1	0.0347593582887701	0.0748663101604278	0.497326203208556	0	0.0989304812834225	0.449197860962567	0.0962566844919786	0.114973262032086	0.967914438502674	0	0
40	320	0.5	0	1	0.0468227424749164	0.132107023411371	0.505016722408027	0	0.0752508361204013	0.438127090301003	0.107023411371237	0.120401337792642	0.934782608695652	0.00668896321070234	0
80	320	0.5	0	1	0.0416197975253093	0.323959505061867	0.521934758155231	0.00112485939257593	0.0539932508436445	0.326209223847019	0.0877390326209224	0.094488188976378	0.854893138357705	0.0809898762654668	0
160	320	0.5	0	1	0.0412060301507538	0.728643216080402	0.516582914572864	0.00402010050251256	0.0160804020100503	0.190954773869347	0.0422110552763819	0.04321608040201	0.631155778894472	0.321608040201005	0
320	320	0.5	0	1	0.041	0.998	0.517	0.001	0.001	0.047	0.005	0.005	0.305	0.517	0
20	20	0.8	0	1	0.0305232558139535	0.504360465116279	0.537790697674419	0.168604651162791	0.20203488372093	0.82703488372093	0.417151162790698	0.475290697674419	0.986918604651163	0.537790697674419	0.00581395348837209
40	20	0.8	0	1	0.0358649789029536	0.833333333333333	0.528481012658228	0.291139240506329	0.165611814345992	0.776371308016878	0.438818565400844	0.476793248945148	0.981012658227848	0.528481012658228	0.0158227848101266
80	20	0.8	0	1	0.0361083249749248	0.996990972918756	0.527582748244734	0.325977933801404	0.0882647943831495	0.67703109327984	0.418254764292879	0.444332998996991	0.9679037111334	0.527582748244734	0.0150451354062187
160	20	0.8	0	1	0.036	1	0.527	0.316	0.045	0.578	0.354	0.383	0.953	0.527	0.01
320	20	0.8	0	1	0.036	1	0.527	0.308	0.024	0.505	0.331	0.358	0.943	0.527	0.01
20	40	0.8	0	1	0.0421511627906977	0.311046511627907	0.481104651162791	0.0334302325581395	0.140988372093023	0.638081395348837	0.234011627906977	0.280523255813953	0.956395348837209	0.277616279069767	0.00145348837209302
40	40	0.8	0	1	0.0485232067510548	0.678270042194093	0.490506329113924	0.112869198312236	0.119198312236287	0.605485232067511	0.261603375527426	0.284810126582278	0.934599156118143	0.490506329113924	0.00210970464135021
80	40	0.8	0	1	0.0471414242728185	0.979939819458375	0.497492477432297	0.0952858575727182	0.0421263791374122	0.444332998996991	0.17753259779338	0.19358074222668	0.864593781344032	0.497492477432297	0.00200601805416249
160	40	0.8	0	1	0.047	1	0.496	0.074	0.013	0.302	0.118	0.135	0.783	0.496	0.001
320	40	0.8	0	1	0.047	1	0.496	0.063	0.004	0.207	0.08	0.09	0.728	0.496	0.001
20	80	0.8	0	1	0.0494186046511628	0.177325581395349	0.453488372093023	0.00145348837209302	0.0828488372093023	0.495639534883721	0.122093023255814	0.152616279069767	0.934593023255814	0.0523255813953488	0
40	80	0.8	0	1	0.0506329113924051	0.463080168776371	0.457805907172996	0.0210970464135021	0.0643459915611814	0.413502109704641	0.129746835443038	0.143459915611814	0.858649789029536	0.289029535864979	0.00105485232067511
80	80	0.8	0	1	0.0501504513540622	0.928786359077232	0.46740220661986	0.0240722166499498	0.0240722166499498	0.220661985957874	0.0591775325977934	0.0651955867602808	0.648946840521565	0.46740220661986	0.00100300902708124
160	80	0.8	0	1	0.05	1	0.467	0.006	0.001	0.076	0.014	0.015	0.439	0.467	0
320	80	0.8	0	1	0.05	1	0.467	0.002	0.001	0.038	0.005	0.006	0.289	0.467	0
20	160	0.8	0	1	0.0552325581395349	0.126453488372093	0.489825581395349	0	0.0770348837209302	0.370639534883721	0.0828488372093023	0.113372093023256	0.915697674418605	0.00436046511627907	0
40	160	0.8	0	1	0.04957805907173	0.293248945147679	0.489451476793249	0.00105485232067511	0.0411392405063291	0.268987341772152	0.0622362869198312	0.069620253164557	0.793248945147679	0.0770042194092827	0
80	160	0.8	0	1	0.0471414242728185	0.775325977933801	0.487462387161484	0.00100300902708124	0.00902708124373119	0.0942828485456369	0.0170511534603811	0.0180541624874624	0.437311935807422	0.293881644934804	0
160	160	0.8	0	1	0.047	0.998	0.488	0	0	0.017	0.001	0.001	0.118	0.488	0
320	160	0.8	0	1	0.047	1	0.488	0	0	0	0	0	0.038	0.488	0
20	320	0.8	0	1	0.0392441860465116	0.0799418604651163	0.513081395348837	0	0.0406976744186047	0.268895348837209	0.0377906976744186	0.063953488372093	0.918604651162791	0	0
40	320	0.8	0	1	0.0432489451476793	0.205696202531646	0.526371308016878	0	0.0242616033755274	0.171940928270042	0.0348101265822785	0.0464135021097046	0.734177215189873	0.00421940928270042	0
80	320	0.8	0	1	0.041123370110331	0.563691073219659	0.517552657973922	0	0.00200601805416249	0.0361083249749248	0.00601805416248746	0.00601805416248746	0.292878635907723	0.0812437311935807	0
160	320	0.8	0	1	0.041	0.976	0.517	0	0	0	0	0	0.028	0.322	0
320	320	0.8	0	1	0.041	1	0.517	0	0	0	0	0	0.001	0.517	0
20	20	1	0	1	0.0327485380116959	0.580116959064327	0.514619883040936	0.123976608187135	0.147368421052632	0.697076023391813	0.323976608187135	0.375438596491228	0.945029239766082	0.514619883040936	0.00701754385964912
40	20	1	0	1	0.0364004044489383	0.946410515672396	0.524772497472194	0.157735085945399	0.0738119312436805	0.597573306370071	0.262891809908999	0.30535894843276	0.928210313447927	0.524772497472194	0.0070778564206269
80	20	1	0	1	0.036	1	0.527	0.153	0.031	0.448	0.212	0.238	0.893	0.527	0.003
160	20	1	0	1	0.036	1	0.527	0.138	0.012	0.343	0.168	0.186	0.856	0.527	0.004
320	20	1	0	1	0.036	1	0.527	0.132	0.006	0.268	0.143	0.163	0.854	0.527	0
20	40	1	0	1	0.0514619883040936	0.384795321637427	0.492397660818713	0.0198830409356725	0.095906432748538	0.526315789473684	0.164912280701754	0.201169590643275	0.892397660818713	0.293567251461988	0
40	40	1	0	1	0.0465116279069767	0.859453993933266	0.49747219413549	0.0333670374115268	0.0364004044489383	0.375126390293225	0.102123356926188	0.120323559150657	0.803842264914055	0.49747219413549	0
80	40	1	0	1	0.047	0.999	0.496	0.029	0.011	0.201	0.056	0.06	0.618	0.496	0
160	40	1	0	1	0.047	1	0.496	0.015	0	0.095	0.028	0.031	0.509	0.496	0
320	40	1	0	1	0.047	1	0.496	0.012	0	0.056	0.016	0.018	0.429	0.496	0
20	80	1	0	1	0.0491228070175439	0.230409356725146	0.478362573099415	0.00350877192982456	0.0690058479532164	0.364912280701754	0.0888888888888889	0.112280701754386	0.863157894736842	0.0654970760233918	0
40	80	1	0	1	0.0485338725985844	0.641051567239636	0.466127401415571	0.0070778564206269	0.0222446916076845	0.182002022244692	0.0374115267947422	0.0404448938321537	0.620829120323559	0.291203235591507	0
80	80	1	0	1	0.05	0.988	0.467	0.003	0.003	0.058	0.012	0.015	0.305	0.467	0
160	80	1	0	1	0.05	1	0.467	0	0	0.011	0.001	0.002	0.125	0.467	0
320	80	1	0	1	0.05	1	0.467	0	0	0.002	0	0	0.05	0.467	0
20	160	1	0	1	0.0502923976608187	0.140350877192982	0.485380116959064	0	0.0409356725146199	0.246783625730994	0.0467836257309941	0.0596491228070175	0.815204678362573	0.00233918128654971	0
40	160	1	0	1	0.0475227502527806	0.406471183013145	0.48938321536906	0	0.00910010111223458	0.0758341759352882	0.0161779575328615	0.019211324570273	0.493427704752275	0.076845298281092	0
80	160	1	0	1	0.047	0.912	0.488	0	0.001	0.013	0.001	0.001	0.133	0.293	0
160	160	1	0	1	0.047	1	0.488	0	0	0	0	0	0.008	0.488	0
320	160	1	0	1	0.047	1	0.488	0	0	0	0	0	0.001	0.488	0
20	320	1	0	1	0.0421052631578947	0.0994152046783626	0.527485380116959	0	0.0280701754385965	0.175438596491228	0.0269005847953216	0.0362573099415205	0.812865497076023	0	0
40	320	1	0	1	0.0414560161779575	0.273003033367037	0.517694641051567	0	0.00808897876643074	0.051567239635996	0.0121334681496461	0.0151668351870576	0.41051567239636	0.00404448938321537	0
80	320	1	0	1	0.041	0.747	0.517	0	0	0.003	0.001	0.001	0.059	0.081	0
160	320	1	0	1	0.041	1	0.517	0	0	0	0	0	0.002	0.322	0
320	320	1	0	1	0.041	1	0.517	0	0	0	0	0	0	0.517	0
20	20	0	0.2	1	0.0833333333333333	0.444444444444444	0.472222222222222	0.361111111111111	0.388888888888889	0.888888888888889	0.638888888888889	0.666666666666667	1	0.472222222222222	0.0277777777777778
40	20	0	0.2	1	0.0212765957446809	0.425531914893617	0.531914893617021	0.574468085106383	0.446808510638298	0.936170212765957	0.74468085106383	0.74468085106383	1	0.531914893617021	0.0425531914893617
80	20	0	0.2	1	0.06	0.58	0.4	0.68	0.34	0.92	0.76	0.76	1	0.4	0.14
160	20	0	0.2	1	0.106382978723404	0.702127659574468	0.48936170212766	0.829787234042553	0.319148936170213	0.978723404255319	0.851063829787234	0.851063829787234	1	0.48936170212766	0.297872340425532
320	20	0	0.2	1	0.121951219512195	0.902439024390244	0.536585365853659	0.902439024390244	0.170731707317073	0.975609756097561	0.926829268292683	0.902439024390244	1	0.536585365853659	0.414634146341463
20	40	0	0.2	1	0.166666666666667	0.333333333333333	0.527777777777778	0.166666666666667	0.361111111111111	0.888888888888889	0.555555555555556	0.555555555555556	1	0.388888888888889	0
40	40	0	0.2	1	0.127659574468085	0.340425531914894	0.531914893617021	0.382978723404255	0.382978723404255	0.851063829787234	0.574468085106383	0.595744680851064	1	0.531914893617021	0.0425531914893617
80	40	0	0.2	1	0.12	0.44	0.36	0.4	0.2	0.84	0.56	0.58	0.98	0.36	0.08
160	40	0	0.2	1	0.0638297872340425	0.595744680851064	0.468085106382979	0.723404255319149	0.382978723404255	0.936170212765957	0.787234042553192	0.787234042553192	1	0.468085106382979	0.191489361702128
320	40	0	0.2	1	0.195121951219512	0.75609756097561	0.560975609756098	0.829268292682927	0.268292682926829	0.878048780487805	0.829268292682927	0.829268292682927	1	0.560975609756098	0.365853658536585
20	80	0	0.2	1	0.25	0.277777777777778	0.472222222222222	0.0555555555555556	0.333333333333333	0.805555555555556	0.388888888888889	0.472222222222222	1	0.166666666666667	0
40	80	0	0.2	1	0.234042553191489	0.404255319148936	0.51063829787234	0.276595744680851	0.48936170212766	0.74468085106383	0.553191489361702	0.553191489361702	0.978723404255319	0.425531914893617	0.0425531914893617
80	80	0	0.2	1	0.24	0.34	0.4	0.28	0.3	0.76	0.42	0.42	0.96	0.4	0.02
160	80	0	0.2	1	0.234042553191489	0.553191489361702	0.531914893617021	0.531914893617021	0.48936170212766	0.851063829787234	0.659574468085106	0.659574468085106	0.978723404255319	0.531914893617021	0.212765957446809
320	80	0	0.2	1	0.170731707317073	0.707317073170732	0.658536585365854	0.75609756097561	0.560975609756098	0.902439024390244	0.75609756097561	0.75609756097561	1	0.658536585365854	0.390243902439024
20	160	0	0.2	1	0.361111111111111	0.472222222222222	0.638888888888889	0	0.416666666666667	0.722222222222222	0.416666666666667	0.472222222222222	1	0.0833333333333333	0
40	160	0	0.2	1	0.553191489361702	0.468085106382979	0.553191489361702	0.170212765957447	0.48936170212766	0.638297872340426	0.48936170212766	0.531914893617021	0.978723404255319	0.446808510638298	0
80	160	0	0.2	1	0.46	0.36	0.38	0.24	0.3	0.52	0.34	0.34	0.9	0.32	0.02
160	160	0	0.2	1	0.595744680851064	0.51063829787234	0.553191489361702	0.51063829787234	0.51063829787234	0.702127659574468	0.617021276595745	0.617021276595745	0.893617021276596	0.553191489361702	0.170212765957447
320	160	0	0.2	1	0.390243902439024	0.585365853658537	0.585365853658537	0.585365853658537	0.48780487804878	0.804878048780488	0.634146341463415	0.634146341463415	0.975609756097561	0.585365853658537	0.341463414634146
20	320	0	0.2	1	0.722222222222222	0.75	0.638888888888889	0	0.444444444444444	0.666666666666667	0.444444444444444	0.472222222222222	1	0	0
40	320	0	0.2	1	0.659574468085106	0.638297872340426	0.553191489361702	0	0.48936170212766	0.574468085106383	0.48936170212766	0.48936170212766	0.978723404255319	0.212765957446809	0
80	320	0	0.2	1	0.68	0.46	0.4	0.14	0.38	0.5	0.4	0.42	0.9	0.36	0
160	320	0	0.2	1	0.659574468085106	0.48936170212766	0.553191489361702	0.425531914893617	0.531914893617021	0.617021276595745	0.553191489361702	0.553191489361702	0.914893617021277	0.531914893617021	0.106382978723404
320	320	0	0.2	1	0.658536585365854	0.609756097560976	0.634146341463415	0.51219512195122	0.51219512195122	0.682926829268293	0.658536585365854	0.658536585365854	0.902439024390244	0.634146341463415	0.341463414634146
20	20	0.2	0.2	1	0.103092783505155	0.515463917525773	0.701030927835051	0.525773195876289	0.56701030927835	0.969072164948454	0.77319587628866	0.793814432989691	1	0.701030927835051	0.0309278350515464
40	20	0.2	0.2	1	0.078740157480315	0.669291338582677	0.645669291338583	0.716535433070866	0.543307086614173	0.968503937007874	0.803149606299213	0.803149606299213	1	0.645669291338583	0.110236220472441
80	20	0.2	0.2	1	0.104417670682731	0.823293172690763	0.730923694779116	0.875502008032129	0.534136546184739	0.979919678714859	0.927710843373494	0.927710843373494	1	0.730923694779116	0.253012048192771
160	20	0.2	0.2	1	0.0957683741648107	0.910913140311804	0.717149220489978	0.926503340757238	0.452115812917595	0.988864142538975	0.942093541202673	0.939866369710468	1	0.717149220489978	0.371937639198218
320	20	0.2	0.2	1	0.0946915351506456	0.962697274031564	0.741750358680057	0.954088952654232	0.373027259684362	0.988522238163558	0.959827833572453	0.954088952654232	1	0.741750358680057	0.460545193687231
20	40	0.2	0.2	1	0.103092783505155	0.505154639175258	0.804123711340206	0.268041237113402	0.587628865979381	0.969072164948454	0.814432989690722	0.814432989690722	1	0.597938144329897	0.0309278350515464
40	40	0.2	0.2	1	0.125984251968504	0.677165354330709	0.795275590551181	0.559055118110236	0.574803149606299	0.992125984251969	0.858267716535433	0.881889763779528	1	0.795275590551181	0.078740157480315
80	40	0.2	0.2	1	0.112449799196787	0.827309236947791	0.839357429718876	0.855421686746988	0.686746987951807	0.987951807228916	0.919678714859438	0.919678714859438	1	0.839357429718876	0.184738955823293
160	40	0.2	0.2	1	0.10467706013363	0.913140311804009	0.835189309576837	0.930957683741648	0.654788418708241	0.993318485523385	0.964365256124722	0.959910913140312	1	0.835189309576837	0.32293986636971
320	40	0.2	0.2	1	0.121951219512195	0.975609756097561	0.817790530846485	0.946915351506456	0.461979913916786	0.989956958393113	0.955523672883788	0.954088952654232	1	0.817790530846485	0.426111908177905
20	80	0.2	0.2	1	0.298969072164948	0.587628865979381	0.855670103092783	0.0618556701030928	0.618556701030928	0.958762886597938	0.690721649484536	0.731958762886598	1	0.45360824742268	0
40	80	0.2	0.2	1	0.251968503937008	0.771653543307087	0.921259842519685	0.440944881889764	0.755905511811024	0.984251968503937	0.866141732283465	0.881889763779528	1	0.818897637795276	0.015748031496063
80	80	0.2	0.2	1	0.265060240963855	0.827309236947791	0.899598393574297	0.751004016064257	0.763052208835341	0.987951807228916	0.903614457831325	0.907630522088353	1	0.899598393574297	0.1285140562249
160	80	0.2	0.2	1	0.247216035634744	0.908685968819599	0.888641425389755	0.870824053452116	0.723830734966592	0.993318485523385	0.948775055679287	0.948775055679287	1	0.888641425389755	0.287305122494432
320	80	0.2	0.2	1	0.258249641319943	0.972740315638451	0.902439024390244	0.925394548063128	0.624103299856528	0.992826398852224	0.949784791965567	0.951219512195122	1	0.902439024390244	0.426111908177905
20	160	0.2	0.2	1	0.422680412371134	0.577319587628866	0.927835051546392	0	0.628865979381443	0.917525773195876	0.639175257731959	0.721649484536082	1	0.154639175257732	0
40	160	0.2	0.2	1	0.464566929133858	0.740157480314961	0.952755905511811	0.141732283464567	0.692913385826772	0.960629921259842	0.78740157480315	0.78740157480315	1	0.606299212598425	0
80	160	0.2	0.2	1	0.485943775100402	0.903614457831325	0.971887550200803	0.594377510040161	0.803212851405622	0.983935742971888	0.931726907630522	0.931726907630522	1	0.919678714859438	0.0682730923694779
160	160	0.2	0.2	1	0.405345211581292	0.946547884187082	0.982182628062361	0.792873051224944	0.797327394209354	0.997772828507795	0.937639198218263	0.939866369710468	1	0.982182628062361	0.187082405345212
320	160	0.2	0.2	1	0.469153515064562	0.982783357245337	0.978479196556671	0.918220946915351	0.767575322812052	1	0.968436154949785	0.968436154949785	1	0.978479196556671	0.410329985652798
20	320	0.2	0.2	1	0.536082474226804	0.731958762886598	0.958762886597938	0	0.639175257731959	0.896907216494845	0.618556701030928	0.680412371134021	1	0.0103092783505155	0
40	320	0.2	0.2	1	0.637795275590551	0.881889763779528	0.976377952755906	0.015748031496063	0.748031496062992	0.960629921259842	0.755905511811024	0.78740157480315	1	0.307086614173228	0
80	320	0.2	0.2	1	0.710843373493976	0.939759036144578	0.991967871485944	0.313253012048193	0.831325301204819	0.979919678714859	0.891566265060241	0.899598393574297	1	0.859437751004016	0.0120481927710843
160	320	0.2	0.2	1	0.690423162583519	0.973273942093541	1	0.728285077951002	0.879732739420935	0.997772828507795	0.942093541202673	0.946547884187082	1	0.982182628062361	0.140311804008909
320	320	0.2	0.2	1	0.688665710186514	0.998565279770445	0.997130559540889	0.865136298421808	0.866571018651363	0.994261119081779	0.959827833572453	0.959827833572453	1	0.997130559540889	0.328550932568149
20	20	0.5	0.2	1	0.101604278074866	0.609625668449198	0.716577540106952	0.46524064171123	0.494652406417112	0.938502673796791	0.679144385026738	0.719251336898396	1	0.716577540106952	0.0374331550802139
40	20	0.5	0.2	1	0.107023411371237	0.792642140468227	0.735785953177257	0.662207357859532	0.491638795986622	0.959866220735786	0.79933110367893	0.811036789297659	1	0.735785953177257	0.108695652173913
80	20	0.5	0.2	1	0.094488188976378	0.952755905511811	0.733408323959505	0.784026996625422	0.434195725534308	0.949381327334083	0.845894263217098	0.84814398200225	0.998875140607424	0.733408323959505	0.164229471316085
160	20	0.5	0.2	1	0.0974874371859296	0.994974874371859	0.733668341708543	0.826130653266332	0.330653266331658	0.94572864321608	0.850251256281407	0.85929648241206	1	0.733668341708543	0.182914572864322
320	20	0.5	0.2	1	0.097	1	0.733	0.815	0.245	0.923	0.827	0.83	0.999	0.733	0.184
20	40	0.5	0.2	1	0.109625668449198	0.564171122994652	0.820855614973262	0.195187165775401	0.467914438502674	0.933155080213904	0.617647058823529	0.647058823529412	1	0.612299465240642	0.0053475935828877
40	40	0.5	0.2	1	0.117056856187291	0.804347826086957	0.836120401337793	0.479933110367893	0.494983277591973	0.95819397993311	0.724080267558528	0.755852842809365	0.996655518394649	0.836120401337793	0.0418060200668896
80	40	0.5	0.2	1	0.128233970753656	0.947131608548931	0.830146231721035	0.647919010123735	0.462317210348706	0.948256467941507	0.770528683914511	0.786276715410574	0.996625421822272	0.830146231721035	0.0911136107986502
160	40	0.5	0.2	1	0.126633165829146	0.995979899497487	0.82713567839196	0.720603015075377	0.348743718592965	0.926633165829146	0.778894472361809	0.789949748743719	0.993969849246231	0.82713567839196	0.116582914572864
320	40	0.5	0.2	1	0.127	1	0.826	0.715	0.242	0.902	0.756	0.764	0.996	0.826	0.105
20	80	0.5	0.2	1	0.245989304812834	0.620320855614973	0.901069518716578	0.0614973262032086	0.516042780748663	0.898395721925134	0.580213903743315	0.620320855614973	0.994652406417112	0.433155080213904	0
40	80	0.5	0.2	1	0.249163879598662	0.795986622073579	0.91304347826087	0.279264214046823	0.526755852842809	0.926421404682274	0.682274247491639	0.717391304347826	0.996655518394649	0.801003344481605	0.0117056856187291
80	80	0.5	0.2	1	0.25421822272216	0.928008998875141	0.901012373453318	0.464566929133858	0.469066366704162	0.917885264341957	0.682789651293588	0.691788526434196	0.995500562429696	0.901012373453318	0.046119235095613
160	80	0.5	0.2	1	0.250251256281407	0.993969849246231	0.898492462311558	0.530653266331658	0.369849246231156	0.885427135678392	0.671356783919598	0.679396984924623	0.990954773869347	0.898492462311558	0.0542713567839196
320	80	0.5	0.2	1	0.249	1	0.899	0.543	0.227	0.832	0.62	0.625	0.985	0.899	0.049
20	160	0.5	0.2	1	0.46524064171123	0.724598930481283	0.973262032085562	0.0106951871657754	0.521390374331551	0.831550802139037	0.542780748663102	0.612299465240642	0.991978609625668	0.179144385026738	0
40	160	0.5	0.2	1	0.463210702341137	0.826086956521739	0.974916387959866	0.102006688963211	0.510033444816054	0.88628762541806	0.61371237458194	0.6438127090301	0.994983277591973	0.650501672240803	0
80	160	0.5	0.2	1	0.457817772778403	0.946006749156355	0.97525309336333	0.255343082114736	0.469066366704162	0.860517435320585	0.626546681664792	0.636670416197975	0.986501687289089	0.897637795275591	0.0168728908886389
160	160	0.5	0.2	1	0.450251256281407	0.993969849246231	0.973869346733668	0.310552763819095	0.319597989949749	0.828140703517588	0.531658291457286	0.54070351758794	0.984924623115578	0.973869346733668	0.0281407035175879
320	160	0.5	0.2	1	0.449	1	0.974	0.287	0.153	0.713	0.433	0.438	0.959	0.974	0.018
20	320	0.5	0.2	1	0.687165775401069	0.863636363636364	0.997326203208556	0	0.518716577540107	0.786096256684492	0.508021390374332	0.550802139037433	0.989304812834225	0.0133689839572193	0
40	320	0.5	0.2	1	0.724080267558528	0.923076923076923	0.994983277591973	0.0133779264214047	0.526755852842809	0.836120401337793	0.570234113712375	0.593645484949833	0.988294314381271	0.453177257525084	0
80	320	0.5	0.2	1	0.691788526434196	0.965129358830146	0.99437570303712	0.104611923509561	0.446569178852643	0.80652418447694	0.534308211473566	0.550056242969629	0.980877390326209	0.87289088863892	0.00562429696287964
160	320	0.5	0.2	1	0.696482412060301	0.997989949748744	0.994974874371859	0.153768844221106	0.279396984924623	0.716582914572864	0.397989949748744	0.410050251256281	0.964824120603015	0.978894472361809	0.0100502512562814
320	320	0.5	0.2	1	0.697	1	0.995	0.097	0.101	0.541	0.246	0.253	0.899	0.995	0.001
20	20	0.8	0.2	1	0.100290697674419	0.686046511627907	0.738372093023256	0.36046511627907	0.409883720930233	0.898255813953488	0.595930232558139	0.646802325581395	0.994186046511628	0.738372093023256	0.0218023255813953
40	20	0.8	0.2	1	0.0959915611814346	0.912447257383966	0.732067510548523	0.486286919831224	0.325949367088608	0.881856540084388	0.635021097046414	0.665611814345992	0.992616033755274	0.732067510548523	0.0474683544303797
80	20	0.8	0.2	1	0.0972918756268806	0.998996990972919	0.733199598796389	0.514543630892678	0.226680040120361	0.821464393179539	0.583751253761284	0.613841524573721	0.992978936810431	0.733199598796389	0.0541624874623872
160	20	0.8	0.2	1	0.097	1	0.733	0.517	0.121	0.75	0.558	0.578	0.986	0.733	0.045
320	20	0.8	0.2	1	0.097	1	0.733	0.522	0.091	0.704	0.543	0.569	0.982	0.733	0.045
20	40	0.8	0.2	1	0.125	0.651162790697674	0.82703488372093	0.152616279069767	0.367732558139535	0.843023255813954	0.5	0.552325581395349	0.982558139534884	0.638081395348837	0.00290697674418605
40	40	0.8	0.2	1	0.130801687763713	0.891350210970464	0.823839662447257	0.290084388185654	0.30168776371308	0.817510548523207	0.496835443037975	0.528481012658228	0.982067510548523	0.823839662447257	0.0210970464135021
80	40	0.8	0.2	1	0.127382146439318	0.99197592778335	0.825476429287864	0.282848545636911	0.157472417251755	0.719157472417252	0.422266800401204	0.458375125376128	0.964894684052157	0.825476429287864	0.00702106318956871
160	40	0.8	0.2	1	0.127	1	0.826	0.262	0.059	0.597	0.331	0.347	0.939	0.826	0.008
320	40	0.8	0.2	1	0.127	1	0.826	0.259	0.037	0.497	0.289	0.31	0.924	0.826	0.003
20	80	0.8	0.2	1	0.26453488372093	0.664244186046512	0.902616279069767	0.0348837209302326	0.375	0.763081395348837	0.430232558139535	0.497093023255814	0.984011627906977	0.450581395348837	0
40	80	0.8	0.2	1	0.251054852320675	0.870253164556962	0.901898734177215	0.123417721518987	0.259493670886076	0.723628691983122	0.379746835443038	0.410337552742616	0.972573839662447	0.785864978902954	0.00632911392405063
80	80	0.8	0.2	1	0.24974924774323	0.99197592778335	0.898696088264794	0.103309929789368	0.108324974924774	0.579739217652959	0.252758274824473	0.276830491474423	0.909729187562688	0.898696088264794	0.00601805416248746
160	80	0.8	0.2	1	0.249	1	0.899	0.076	0.023	0.397	0.124	0.132	0.82	0.899	0
320	80	0.8	0.2	1	0.249	1	0.899	0.062	0.006	0.245	0.088	0.098	0.751	0.899	0
20	160	0.8	0.2	1	0.45203488372093	0.744186046511628	0.973837209302326	0.00145348837209302	0.347383720930233	0.690406976744186	0.354651162790698	0.409883720930233	0.975290697674419	0.184593023255814	0
40	160	0.8	0.2	1	0.445147679324895	0.887130801687764	0.974683544303797	0.0327004219409283	0.246835443037975	0.617088607594937	0.308016877637131	0.330168776371308	0.941983122362869	0.644514767932489	0.00210970464135021
80	160	0.8	0.2	1	0.449348044132397	0.992978936810431	0.973921765295888	0.0320962888665998	0.0832497492477432	0.396188565697091	0.142427281845537	0.148445336008024	0.812437311935807	0.895687061183551	0
160	160	0.8	0.2	1	0.449	1	0.974	0.01	0.01	0.163	0.032	0.033	0.589	0.974	0
320	160	0.8	0.2	1	0.449	1	0.974	0.004	0.002	0.05	0.009	0.01	0.371	0.974	0
20	320	0.8	0.2	1	0.683139534883721	0.867732558139535	0.995639534883721	0	0.34156976744186	0.616279069767442	0.319767441860465	0.376453488372093	0.968023255813954	0.0145348837209302	0
40	320	0.8	0.2	1	0.70042194092827	0.943037974683544	0.994725738396624	0.00527426160337553	0.232067510548523	0.508438818565401	0.261603375527426	0.286919831223629	0.927215189873418	0.432489451476793	0
80	320	0.8	0.2	1	0.698094282848546	0.992978936810431	0.994984954864594	0.00401203610832497	0.0551654964894684	0.223671013039117	0.078234704112337	0.082246740220662	0.749247743229689	0.875626880641926	0
160	320	0.8	0.2	1	0.697	1	0.995	0	0.002	0.056	0.007	0.009	0.338	0.979	0
320	320	0.8	0.2	1	0.697	1	0.995	0	0	0.002	0	0	0.088	0.995	0
20	20	1	0.2	1	0.095906432748538	0.748538011695906	0.740350877192982	0.259649122807018	0.286549707602339	0.828070175438597	0.488888888888889	0.553216374269006	0.978947368421053	0.740350877192982	0.0187134502923977
40	20	1	0.2	1	0.0980788675429727	0.975733063700708	0.733063700707786	0.321536905965622	0.195146612740142	0.743174924165824	0.43680485338726	0.488372093023256	0.974721941354904	0.733063700707786	0.0151668351870576
80	20	1	0.2	1	0.097	1	0.733	0.295	0.095	0.649	0.376	0.412	0.957	0.733	0.009
160	20	1	0.2	1	0.097	1	0.733	0.289	0.051	0.553	0.329	0.366	0.943	0.733	0.007
320	20	1	0.2	1	0.097	1	0.733	0.286	0.024	0.467	0.309	0.356	0.94	0.733	0.006
20	40	1	0.2	1	0.126315789473684	0.711111111111111	0.831578947368421	0.108771929824561	0.261988304093567	0.721637426900585	0.347368421052632	0.415204678362573	0.967251461988304	0.635087719298246	0.00116959064327485
40	40	1	0.2	1	0.12639029322548	0.964610717896865	0.825075834175935	0.124368048533873	0.136501516683519	0.605662285136502	0.249747219413549	0.282103134479272	0.932254802831143	0.825075834175935	0.00404448938321537
80	40	1	0.2	1	0.127	0.999	0.826	0.099	0.043	0.438	0.171	0.188	0.871	0.826	0.001
160	40	1	0.2	1	0.127	1	0.826	0.085	0.013	0.298	0.119	0.126	0.789	0.826	0
320	40	1	0.2	1	0.127	1	0.826	0.075	0.001	0.199	0.09	0.099	0.751	0.826	0
20	80	1	0.2	1	0.245614035087719	0.688888888888889	0.899415204678363	0.0222222222222222	0.23859649122807	0.654970760233918	0.28187134502924	0.327485380116959	0.936842105263158	0.424561403508772	0
40	80	1	0.2	1	0.248736097067745	0.931243680485339	0.89989888776542	0.0364004044489383	0.0920121334681496	0.458038422649141	0.157735085945399	0.179979777553084	0.854398382204247	0.779575328614762	0.00101112234580384
80	80	1	0.2	1	0.249	0.998	0.899	0.021	0.022	0.24	0.056	0.069	0.683	0.899	0
160	80	1	0.2	1	0.249	1	0.899	0.005	0.002	0.091	0.015	0.017	0.471	0.899	0
320	80	1	0.2	1	0.249	1	0.899	0.003	0	0.04	0.008	0.012	0.321	0.899	0
20	160	1	0.2	1	0.432748538011696	0.749707602339181	0.973099415204678	0.00116959064327485	0.209356725146199	0.529824561403509	0.214035087719298	0.252631578947368	0.933333333333333	0.15672514619883	0
40	160	1	0.2	1	0.448938321536906	0.932254802831143	0.9737108190091	0.0070778564206269	0.0687563195146613	0.308392315470172	0.0980788675429727	0.115267947421638	0.788675429726997	0.644084934277047	0.00101112234580384
80	160	1	0.2	1	0.449	0.998	0.974	0.001	0.008	0.097	0.017	0.018	0.449	0.896	0
160	160	1	0.2	1	0.449	1	0.974	0	0	0.022	0.002	0.003	0.147	0.974	0
320	160	1	0.2	1	0.449	1	0.974	0	0	0.001	0.001	0.001	0.042	0.974	0
20	320	1	0.2	1	0.699415204678363	0.894736842105263	0.994152046783626	0	0.221052631578947	0.429239766081871	0.212865497076023	0.24093567251462	0.91578947368421	0.016374269005848	0
40	320	1	0.2	1	0.69464105156724	0.961577350859454	0.994944388270981	0	0.0647118301314459	0.190091001011122	0.0758341759352882	0.0819009100101112	0.735085945399393	0.426693629929221	0
80	320	1	0.2	1	0.697	0.999	0.995	0	0.006	0.044	0.01	0.012	0.315	0.875	0
160	320	1	0.2	1	0.697	1	0.995	0	0	0.001	0	0	0.049	0.979	0
320	320	1	0.2	1	0.697	1	0.995	0	0	0	0	0	0.001	0.995	0
20	20	0	0.5	1	0.416666666666667	0.527777777777778	0.611111111111111	0.555555555555556	0.555555555555556	0.75	0.638888888888889	0.638888888888889	1	0.611111111111111	0.222222222222222
40	20	0	0.5	1	0.170212765957447	0.553191489361702	0.553191489361702	0.617021276595745	0.48936170212766	0.936170212765957	0.723404255319149	0.723404255319149	0.978723404255319	0.553191489361702	0.234042553191489
80	20	0	0.5	1	0.3	0.48	0.36	0.48	0.22	0.8	0.58	0.58	0.96	0.36	0.24
160	20	0	0.5	1	0.382978723404255	0.680851063829787	0.553191489361702	0.595744680851064	0.297872340425532	0.765957446808511	0.617021276595745	0.617021276595745	0.978723404255319	0.553191489361702	0.425531914893617
320	20	0	0.5	1	0.51219512195122	0.731707317073171	0.634146341463415	0.634146341463415	0.195121951219512	0.804878048780488	0.658536585365854	0.658536585365854	0.975609756097561	0.634146341463415	0.585365853658537
20	40	0	0.5	1	0.583333333333333	0.583333333333333	0.611111111111111	0.5	0.611111111111111	0.694444444444444	0.638888888888889	0.638888888888889	0.972222222222222	0.611111111111111	0.0277777777777778
40	40	0	0.5	1	0.553191489361702	0.553191489361702	0.574468085106383	0.553191489361702	0.553191489361702	0.723404255319149	0.574468085106383	0.553191489361702	0.914893617021277	0.574468085106383	0.25531914893617
80	40	0	0.5	1	0.66	0.38	0.4	0.42	0.34	0.58	0.44	0.44	0.88	0.4	0.26
160	40	0	0.5	1	0.659574468085106	0.553191489361702	0.531914893617021	0.468085106382979	0.212765957446809	0.659574468085106	0.51063829787234	0.51063829787234	0.914893617021277	0.531914893617021	0.48936170212766
320	40	0	0.5	1	0.51219512195122	0.634146341463415	0.585365853658537	0.536585365853659	0.170731707317073	0.731707317073171	0.560975609756098	0.536585365853659	0.951219512195122	0.585365853658537	0.51219512195122
20	80	0	0.5	1	0.916666666666667	0.777777777777778	0.638888888888889	0.388888888888889	0.638888888888889	0.638888888888889	0.638888888888889	0.638888888888889	0.944444444444444	0.638888888888889	0
40	80	0	0.5	1	0.978723404255319	0.595744680851064	0.553191489361702	0.51063829787234	0.531914893617021	0.553191489361702	0.553191489361702	0.553191489361702	0.765957446808511	0.553191489361702	0.25531914893617
80	80	0	0.5	1	0.88	0.42	0.4	0.36	0.36	0.46	0.4	0.4	0.72	0.4	0.26
160	80	0	0.5	1	0.872340425531915	0.553191489361702	0.553191489361702	0.468085106382979	0.297872340425532	0.574468085106383	0.51063829787234	0.51063829787234	0.765957446808511	0.553191489361702	0.51063829787234
320	80	0	0.5	1	0.853658536585366	0.609756097560976	0.609756097560976	0.268292682926829	0.146341463414634	0.463414634146341	0.317073170731707	0.317073170731707	0.804878048780488	0.609756097560976	0.560975609756098
20	160	0	0.5	1	0.972222222222222	1	0.638888888888889	0.166666666666667	0.638888888888889	0.638888888888889	0.638888888888889	0.638888888888889	0.833333333333333	0.583333333333333	0.0277777777777778
40	160	0	0.5	1	0.978723404255319	0.914893617021277	0.553191489361702	0.51063829787234	0.553191489361702	0.574468085106383	0.553191489361702	0.553191489361702	0.808510638297872	0.553191489361702	0.297872340425532
80	160	0	0.5	1	0.98	0.72	0.4	0.28	0.36	0.4	0.4	0.4	0.6	0.4	0.36
160	160	0	0.5	1	1	0.723404255319149	0.553191489361702	0.340425531914894	0.340425531914894	0.531914893617021	0.404255319148936	0.404255319148936	0.617021276595745	0.553191489361702	0.531914893617021
320	160	0	0.5	1	1	0.609756097560976	0.609756097560976	0.121951219512195	0	0.390243902439024	0.170731707317073	0.170731707317073	0.609756097560976	0.609756097560976	0.609756097560976
20	320	0	0.5	1	1	1	0.638888888888889	0.111111111111111	0.638888888888889	0.638888888888889	0.638888888888889	0.638888888888889	0.861111111111111	0.555555555555556	0
40	320	0	0.5	1	1	1	0.553191489361702	0.468085106382979	0.553191489361702	0.553191489361702	0.553191489361702	0.553191489361702	0.659574468085106	0.553191489361702	0.234042553191489
80	320	0	0.5	1	1	1	0.4	0.22	0.4	0.4	0.4	0.4	0.4	0.4	0.36
160	320	0	0.5	1	1	1	0.553191489361702	0.106382978723404	0.297872340425532	0.531914893617021	0.425531914893617	0.404255319148936	0.553191489361702	0.553191489361702	0.553191489361702
320	320	0	0.5	1	1	0.975609756097561	0.609756097560976	0	0	0.170731707317073	0.0487804878048781	0.0487804878048781	0.536585365853659	0.609756097560976	0.609756097560976
20	20	0.2	0.5	1	0.412371134020619	0.835051546391753	0.927835051546392	0.845360824742268	0.865979381443299	0.989690721649485	0.938144329896907	0.948453608247423	1	0.927835051546392	0.278350515463918
40	20	0.2	0.5	1	0.393700787401575	0.937007874015748	0.937007874015748	0.913385826771654	0.818897637795276	1	0.952755905511811	0.94488188976378	1	0.937007874015748	0.503937007874016
80	20	0.2	0.5	1	0.373493975903614	0.975903614457831	0.943775100401606	0.939759036144578	0.614457831325301	0.995983935742972	0.971887550200803	0.955823293172691	1	0.943775100401606	0.630522088353414
160	20	0.2	0.5	1	0.34075723830735	0.984409799554566	0.937639198218263	0.893095768374165	0.396436525612472	0.971046770601336	0.915367483296214	0.89532293986637	1	0.937639198218263	0.750556792873051
320	20	0.2	0.5	1	0.375896700143472	0.997130559540889	0.935437589670014	0.84648493543759	0.253945480631277	0.941176470588235	0.863701578192252	0.833572453371593	0.997130559540889	0.935437589670014	0.813486370157819
20	40	0.2	0.5	1	0.587628865979381	0.865979381443299	0.938144329896907	0.690721649484536	0.876288659793814	0.979381443298969	0.896907216494845	0.917525773195876	1	0.88659793814433	0.0824742268041237
40	40	0.2	0.5	1	0.606299212598425	0.94488188976378	0.968503937007874	0.929133858267717	0.929133858267717	0.984251968503937	0.968503937007874	0.968503937007874	0.992125984251969	0.968503937007874	0.401574803149606
80	40	0.2	0.5	1	0.622489959839357	0.987951807228916	0.991967871485944	0.911646586345382	0.72289156626506	1	0.963855421686747	0.963855421686747	1	0.991967871485944	0.694779116465863
160	40	0.2	0.5	1	0.594654788418708	0.993318485523385	0.988864142538975	0.846325167037862	0.496659242761693	0.971046770601336	0.893095768374165	0.88195991091314	1	0.988864142538975	0.815144766146993
320	40	0.2	0.5	1	0.586800573888092	1	0.984218077474892	0.773314203730273	0.312769010043042	0.925394548063128	0.820659971305595	0.794835007173601	0.995695839311334	0.984218077474892	0.870875179340029
20	80	0.2	0.5	1	0.865979381443299	0.969072164948454	0.958762886597938	0.577319587628866	0.927835051546392	0.958762886597938	0.948453608247423	0.958762886597938	0.979381443298969	0.938144329896907	0.0721649484536082
40	80	0.2	0.5	1	0.881889763779528	0.984251968503937	0.984251968503937	0.913385826771654	0.968503937007874	0.984251968503937	0.984251968503937	0.984251968503937	0.992125984251969	0.984251968503937	0.346456692913386
80	80	0.2	0.5	1	0.8714859437751	1	1	0.899598393574297	0.895582329317269	1	0.991967871485944	0.987951807228916	1	1	0.710843373493976
160	80	0.2	0.5	1	0.89977728285078	1	1	0.721603563474387	0.483296213808463	0.964365256124722	0.859688195991091	0.853006681514477	1	1	0.873051224944321
320	80	0.2	0.5	1	0.889526542324247	1	1	0.571018651362984	0.222381635581062	0.878048780487805	0.651362984218077	0.63558106169297	0.992826398852224	1	0.929698708751793
20	160	0.2	0.5	1	0.989690721649485	0.989690721649485	0.958762886597938	0.381443298969072	0.938144329896907	0.958762886597938	0.938144329896907	0.958762886597938	0.989690721649485	0.927835051546392	0.0412371134020619
40	160	0.2	0.5	1	1	0.992125984251969	0.984251968503937	0.795275590551181	0.984251968503937	0.984251968503937	0.984251968503937	0.984251968503937	0.984251968503937	0.984251968503937	0.322834645669291
80	160	0.2	0.5	1	0.995983935742972	1	1	0.831325301204819	0.959839357429719	1	0.991967871485944	0.983935742971888	1	1	0.771084337349398
160	160	0.2	0.5	1	0.99554565701559	1	1	0.579064587973274	0.567928730512249	0.982182628062361	0.819599109131403	0.815144766146993	1	1	0.935412026726058
320	160	0.2	0.5	1	0.997130559540889	1	1	0.375896700143472	0.193687230989957	0.842180774748924	0.556671449067432	0.54232424677188	0.988522238163558	1	0.978479196556671
20	320	0.2	0.5	1	1	1	0.958762886597938	0.175257731958763	0.958762886597938	0.958762886597938	0.958762886597938	0.958762886597938	1	0.948453608247423	0.0103092783505155
40	320	0.2	0.5	1	1	1	0.984251968503937	0.740157480314961	0.984251968503937	0.984251968503937	0.984251968503937	0.984251968503937	0.984251968503937	0.984251968503937	0.244094488188976
80	320	0.2	0.5	1	1	1	1	0.686746987951807	0.983935742971888	1	0.991967871485944	0.991967871485944	1	1	0.78714859437751
160	320	0.2	0.5	1	1	1	1	0.314031180400891	0.583518930957684	0.955456570155902	0.755011135857461	0.743875278396437	1	1	0.955456570155902
320	320	0.2	0.5	1	1	1	1	0.131994261119082	0.130559540889527	0.715925394548063	0.344332855093257	0.338593974175036	0.975609756097561	1	0.995695839311334
20	20	0.5	0.5	1	0.398395721925134	0.893048128342246	0.946524064171123	0.74331550802139	0.770053475935829	0.989304812834225	0.911764705882353	0.927807486631016	1	0.946524064171123	0.200534759358289
40	20	0.5	0.5	1	0.384615384615385	0.951505016722408	0.94314381270903	0.909698996655518	0.75752508361204	0.991638795986622	0.953177257525084	0.954849498327759	1	0.94314381270903	0.364548494983278
80	20	0.5	0.5	1	0.372328458942632	0.991001124859393	0.94488188976378	0.913385826771654	0.608548931383577	0.989876265466817	0.940382452193476	0.934758155230596	1	0.94488188976378	0.494938132733408
160	20	0.5	0.5	1	0.373869346733668	1	0.94572864321608	0.928643216080402	0.485427135678392	0.984924623115578	0.94572864321608	0.936683417085427	1	0.94572864321608	0.532663316582915
320	20	0.5	0.5	1	0.374	1	0.946	0.943	0.372	0.978	0.945	0.942	1	0.946	0.53
20	40	0.5	0.5	1	0.601604278074866	0.935828877005348	0.991978609625668	0.628342245989305	0.82620320855615	0.986631016042781	0.887700534759358	0.911764705882353	1	0.957219251336898	0.10427807486631
40	40	0.5	0.5	1	0.610367892976589	0.979933110367893	0.991638795986622	0.866220735785953	0.872909698996655	0.996655518394649	0.971571906354515	0.978260869565217	1	0.991638795986622	0.31438127090301
80	40	0.5	0.5	1	0.596175478065242	0.993250843644544	0.987626546681665	0.90326209223847	0.77615298087739	0.99437570303712	0.958380202474691	0.966254218222722	1	0.987626546681665	0.452193475815523
160	40	0.5	0.5	1	0.597989949748744	1	0.987939698492462	0.923618090452261	0.624120603015075	0.986934673366834	0.947738693467337	0.943718592964824	1	0.987939698492462	0.521608040201005
320	40	0.5	0.5	1	0.598	1	0.988	0.931	0.468	0.989	0.951	0.949	1	0.988	0.517
20	80	0.5	0.5	1	0.898395721925134	0.978609625668449	1	0.470588235294118	0.86096256684492	0.978609625668449	0.887700534759358	0.927807486631016	1	0.957219251336898	0.0320855614973262
40	80	0.5	0.5	1	0.872909698996655	0.998327759197324	1	0.755852842809365	0.911371237458194	0.996655518394649	0.956521739130435	0.964882943143813	1	0.998327759197324	0.229096989966555
80	80	0.5	0.5	1	0.892013498312711	1	1	0.870641169853768	0.870641169853768	0.99437570303712	0.959505061867267	0.962879640044994	1	1	0.46119235095613
160	80	0.5	0.5	1	0.890452261306533	1	1	0.891457286432161	0.748743718592965	0.994974874371859	0.95678391959799	0.954773869346734	1	1	0.517587939698492
320	80	0.5	0.5	1	0.889	1	1	0.918	0.623	0.992	0.939	0.939	1	1	0.532
20	160	0.5	0.5	1	0.989304812834225	1	1	0.232620320855615	0.877005347593583	0.978609625668449	0.874331550802139	0.906417112299465	1	0.967914438502674	0.0133689839572193
40	160	0.5	0.5	1	0.996655518394649	1	1	0.648829431438127	0.941471571906355	0.989966555183946	0.961538461538462	0.971571906354515	0.998327759197324	1	0.197324414715719
80	160	0.5	0.5	1	0.99437570303712	1	1	0.813273340832396	0.932508436445444	0.995500562429696	0.96400449943757	0.96400449943757	1	1	0.40607424071991
160	160	0.5	0.5	1	0.994974874371859	1	1	0.834170854271357	0.830150753768844	0.995979899497487	0.953768844221106	0.952763819095477	1	1	0.496482412060302
320	160	0.5	0.5	1	0.995	1	1	0.903	0.749	0.998	0.955	0.953	1	1	0.5
20	320	0.5	0.5	1	1	1	1	0.120320855614973	0.911764705882353	0.96524064171123	0.890374331550802	0.922459893048128	1	0.959893048128342	0.00267379679144385
40	320	0.5	0.5	1	1	1	1	0.543478260869565	0.941471571906355	0.989966555183946	0.944816053511706	0.953177257525084	1	1	0.172240802675585
80	320	0.5	0.5	1	1	1	1	0.680539932508436	0.942632170978628	0.991001124859393	0.968503937007874	0.976377952755906	1	1	0.403824521934758
160	320	0.5	0.5	1	1	1	1	0.75678391959799	0.906532663316583	0.998994974874372	0.960804020100502	0.962814070351759	1	1	0.487437185929648
320	320	0.5	0.5	1	1	1	1	0.843	0.84	0.993	0.957	0.955	1	1	0.495
20	20	0.8	0.5	1	0.366279069767442	0.920058139534884	0.954941860465116	0.652616279069767	0.699127906976744	0.978197674418605	0.848837209302326	0.882267441860465	1	0.954941860465116	0.132267441860465
40	20	0.8	0.5	1	0.369198312236287	0.981012658227848	0.944092827004219	0.785864978902954	0.614978902953586	0.976793248945148	0.881856540084388	0.897679324894515	0.998945147679325	0.944092827004219	0.221518987341772
80	20	0.8	0.5	1	0.374122367101304	1	0.945837512537613	0.816449348044132	0.489468405215647	0.964894684052157	0.864593781344032	0.876629889669007	0.998996990972919	0.945837512537613	0.243731193580742
160	20	0.8	0.5	1	0.374	1	0.946	0.822	0.372	0.949	0.852	0.863	0.999	0.946	0.227
320	20	0.8	0.5	1	0.374	1	0.946	0.831	0.273	0.928	0.843	0.862	0.999	0.946	0.217
20	40	0.8	0.5	1	0.588662790697674	0.954941860465116	0.986918604651163	0.48546511627907	0.722383720930233	0.957848837209302	0.790697674418605	0.841569767441861	1	0.95203488372093	0.0683139534883721
40	40	0.8	0.5	1	0.600210970464135	0.992616033755274	0.987341772151899	0.645569620253165	0.667721518987342	0.960970464135021	0.824894514767933	0.844936708860759	0.996835443037975	0.987341772151899	0.175105485232068
80	40	0.8	0.5	1	0.59679037111334	1	0.987963891675025	0.692076228686058	0.535606820461384	0.940822467402207	0.797392176529589	0.824473420260782	0.998996990972919	0.987963891675025	0.163490471414243
160	40	0.8	0.5	1	0.598	1	0.988	0.722	0.369	0.932	0.779	0.808	0.997	0.988	0.121
320	40	0.8	0.5	1	0.598	1	0.988	0.731	0.263	0.911	0.771	0.786	0.996	0.988	0.122
20	80	0.8	0.5	1	0.895348837209302	0.992732558139535	1	0.309593023255814	0.779069767441861	0.947674418604651	0.808139534883721	0.840116279069767	1	0.953488372093023	0.0305232558139535
40	80	0.8	0.5	1	0.887130801687764	0.998945147679325	1	0.505274261603376	0.718354430379747	0.947257383966245	0.802742616033755	0.827004219409283	0.99789029535865	0.99789029535865	0.116033755274262
80	80	0.8	0.5	1	0.889669007021063	1	1	0.53259779338014	0.552657973921765	0.936810431293882	0.741223671013039	0.762286860581745	0.995987963891675	1	0.108324974924774
160	80	0.8	0.5	1	0.889	1	1	0.537	0.374	0.906	0.675	0.704	0.991	1	0.068
320	80	0.8	0.5	1	0.889	1	1	0.562	0.231	0.85	0.639	0.673	0.987	1	0.058
20	160	0.8	0.5	1	0.992732558139535	1	1	0.140988372093023	0.765988372093023	0.92296511627907	0.757267441860465	0.803779069767442	0.998546511627907	0.957848837209302	0.0101744186046512
40	160	0.8	0.5	1	0.994725738396624	1	1	0.34493670886076	0.720464135021097	0.925105485232067	0.756329113924051	0.781645569620253	0.9957805907173	1	0.0748945147679325
80	160	0.8	0.5	1	0.994984954864594	1	1	0.34704112337011	0.54864593781344	0.889669007021063	0.655967903711133	0.676028084252758	0.992978936810431	1	0.0641925777331996
160	160	0.8	0.5	1	0.995	1	1	0.301	0.307	0.825	0.522	0.543	0.983	1	0.03
320	160	0.8	0.5	1	0.995	1	1	0.285	0.165	0.718	0.412	0.424	0.967	1	0.012
20	320	0.8	0.5	1	1	1	1	0.061046511627907	0.780523255813954	0.898255813953488	0.765988372093023	0.803779069767442	0.997093023255814	0.959302325581395	0.00290697674418605
40	320	0.8	0.5	1	1	1	1	0.237341772151899	0.732067510548523	0.908227848101266	0.74789029535865	0.776371308016878	0.992616033755274	1	0.0632911392405063
80	320	0.8	0.5	1	1	1	1	0.207622868605817	0.551654964894684	0.835506519558676	0.603811434302909	0.624874623871615	0.987963891675025	1	0.0531594784353059
160	320	0.8	0.5	1	1	1	1	0.139	0.288	0.724	0.415	0.431	0.975	1	0.015
320	320	0.8	0.5	1	1	1	1	0.111	0.116	0.559	0.268	0.275	0.91	1	0.006
20	20	1	0.5	1	0.382456140350877	0.945029239766082	0.943859649122807	0.55672514619883	0.604678362573099	0.942690058479532	0.749707602339181	0.805847953216374	0.995321637426901	0.943859649122807	0.0865497076023392
40	20	1	0.5	1	0.376137512639029	0.997977755308392	0.945399393326593	0.625884732052578	0.47118301314459	0.92618806875632	0.752275025278059	0.779575328614762	0.995955510616785	0.945399393326593	0.131445904954499
80	20	1	0.5	1	0.374	1	0.946	0.655	0.322	0.908	0.725	0.763	0.995	0.946	0.103
160	20	1	0.5	1	0.374	1	0.946	0.664	0.221	0.859	0.701	0.73	0.995	0.946	0.1
320	20	1	0.5	1	0.374	1	0.946	0.67	0.16	0.816	0.697	0.721	0.991	0.946	0.092
20	40	1	0.5	1	0.59766081871345	0.967251461988304	0.987134502923977	0.341520467836257	0.608187134502924	0.925146198830409	0.685380116959064	0.746198830409357	0.989473684210526	0.949707602339181	0.0350877192982456
40	40	1	0.5	1	0.596562184024267	0.997977755308392	0.987866531850354	0.42366026289181	0.443882709807887	0.887765419615773	0.645096056622851	0.678463094034378	0.989888776541962	0.987866531850354	0.0586450960566229
80	40	1	0.5	1	0.598	1	0.988	0.432	0.262	0.829	0.571	0.597	0.984	0.988	0.035
160	40	1	0.5	1	0.598	1	0.988	0.416	0.145	0.762	0.492	0.52	0.971	0.988	0.027
320	40	1	0.5	1	0.598	1	0.988	0.42	0.09	0.671	0.459	0.489	0.976	0.988	0.024
20	80	1	0.5	1	0.883040935672515	0.994152046783626	1	0.188304093567251	0.64093567251462	0.88187134502924	0.663157894736842	0.72046783625731	0.991812865497076	0.950877192982456	0.0198830409356725
40	80	1	0.5	1	0.889787664307381	1	1	0.250758341759353	0.445904954499494	0.823053589484328	0.553083923154702	0.600606673407482	0.985844287158746	0.998988877654196	0.0313447927199191
80	80	1	0.5	1	0.889	1	1	0.231	0.247	0.742	0.409	0.443	0.961	1	0.015
160	80	1	0.5	1	0.889	1	1	0.192	0.099	0.603	0.308	0.336	0.928	1	0.007
320	80	1	0.5	1	0.889	1	1	0.178	0.035	0.465	0.23	0.248	0.9	1	0.008
20	160	1	0.5	1	0.995321637426901	1	1	0.087719298245614	0.616374269005848	0.842105263157895	0.609356725146199	0.667836257309942	0.982456140350877	0.96140350877193	0.00233918128654971
40	160	1	0.5	1	0.994944388270981	1	1	0.117290192113246	0.427704752275025	0.757330637007078	0.481294236602629	0.514661274014156	0.972699696663296	1	0.0232558139534884
80	160	1	0.5	1	0.995	1	1	0.086	0.184	0.591	0.264	0.29	0.918	1	0.008
160	160	1	0.5	1	0.995	1	1	0.041	0.046	0.377	0.123	0.13	0.794	1	0.002
320	160	1	0.5	1	0.995	1	1	0.024	0.007	0.219	0.055	0.059	0.64	1	0
20	320	1	0.5	1	1	1	1	0.0339181286549708	0.632748538011696	0.801169590643275	0.595321637426901	0.657309941520468	0.981286549707602	0.962573099415205	0.00233918128654971
40	320	1	0.5	1	1	1	1	0.0758341759352882	0.41051567239636	0.686552072800809	0.420626895854398	0.460060667340748	0.963599595551062	1	0.0182002022244692
80	320	1	0.5	1	1	1	1	0.033	0.157	0.454	0.197	0.213	0.887	1	0.004
160	320	1	0.5	1	1	1	1	0.005	0.031	0.202	0.062	0.066	0.653	1	0
320	320	1	0.5	1	1	1	1	0.001	0.001	0.056	0.012	0.012	0.364	1	0
20	20	0	0.8	1	0.722222222222222	0.638888888888889	0.638888888888889	0.5	0.472222222222222	0.75	0.611111111111111	0.555555555555556	0.972222222222222	0.638888888888889	0.444444444444444
40	20	0	0.8	1	0.553191489361702	0.531914893617021	0.553191489361702	0.48936170212766	0.404255319148936	0.723404255319149	0.595744680851064	0.553191489361702	0.914893617021277	0.553191489361702	0.404255319148936
80	20	0	0.8	1	0.66	0.42	0.4	0.28	0.12	0.54	0.32	0.28	0.84	0.4	0.34
160	20	0	0.8	1	0.574468085106383	0.595744680851064	0.531914893617021	0.425531914893617	0.127659574468085	0.574468085106383	0.425531914893617	0.425531914893617	0.957446808510638	0.531914893617021	0.468085106382979
320	20	0	0.8	1	0.634146341463415	0.731707317073171	0.585365853658537	0.48780487804878	0.121951219512195	0.634146341463415	0.51219512195122	0.48780487804878	0.951219512195122	0.585365853658537	0.585365853658537
20	40	0	0.8	1	0.972222222222222	0.694444444444444	0.638888888888889	0.583333333333333	0.638888888888889	0.638888888888889	0.638888888888889	0.638888888888889	0.888888888888889	0.638888888888889	0.222222222222222
40	40	0	0.8	1	0.936170212765957	0.553191489361702	0.553191489361702	0.361702127659574	0.340425531914894	0.553191489361702	0.468085106382979	0.446808510638298	0.765957446808511	0.553191489361702	0.468085106382979
80	40	0	0.8	1	0.96	0.4	0.4	0.22	0.08	0.4	0.26	0.24	0.64	0.4	0.4
160	40	0	0.8	1	0.936170212765957	0.553191489361702	0.553191489361702	0.212765957446809	0.0638297872340425	0.404255319148936	0.276595744680851	0.25531914893617	0.531914893617021	0.553191489361702	0.531914893617021
320	40	0	0.8	1	0.975609756097561	0.634146341463415	0.609756097560976	0.170731707317073	0	0.292682926829268	0.170731707317073	0.170731707317073	0.682926829268293	0.609756097560976	0.609756097560976
20	80	0	0.8	1	1	0.972222222222222	0.638888888888889	0.638888888888889	0.638888888888889	0.638888888888889	0.638888888888889	0.638888888888889	0.777777777777778	0.638888888888889	0.472222222222222
40	80	0	0.8	1	1	0.936170212765957	0.553191489361702	0.297872340425532	0.425531914893617	0.553191489361702	0.48936170212766	0.468085106382979	0.595744680851064	0.553191489361702	0.531914893617021
80	80	0	0.8	1	1	0.56	0.4	0.08	0.06	0.4	0.3	0.28	0.44	0.4	0.4
160	80	0	0.8	1	1	0.553191489361702	0.553191489361702	0.0638297872340425	0.0212765957446809	0.276595744680851	0.0851063829787234	0.0851063829787234	0.574468085106383	0.553191489361702	0.553191489361702
320	80	0	0.8	1	1	0.609756097560976	0.609756097560976	0	0	0.0975609756097561	0.024390243902439	0.024390243902439	0.439024390243902	0.609756097560976	0.609756097560976
20	160	0	0.8	1	1	1	0.638888888888889	0.472222222222222	0.638888888888889	0.638888888888889	0.638888888888889	0.638888888888889	0.638888888888889	0.638888888888889	0.388888888888889
40	160	0	0.8	1	1	1	0.553191489361702	0.191489361702128	0.51063829787234	0.553191489361702	0.531914893617021	0.531914893617021	0.553191489361702	0.553191489361702	0.553191489361702
80	160	0	0.8	1	1	1	0.4	0.02	0.08	0.4	0.22	0.22	0.4	0.4	0.4
160	160	0	0.8	1	1	1	0.553191489361702	0	0	0.106382978723404	0	0	0.531914893617021	0.553191489361702	0.553191489361702
320	160	0	0.8	1	1	0.731707317073171	0.609756097560976	0	0	0	0	0	0.170731707317073	0.609756097560976	0.609756097560976
20	320	0	0.8	1	1	1	0.638888888888889	0.361111111111111	0.638888888888889	0.638888888888889	0.638888888888889	0.638888888888889	0.638888888888889	0.638888888888889	0.444444444444444
40	320	0	0.8	1	1	1	0.553191489361702	0.0851063829787234	0.531914893617021	0.553191489361702	0.553191489361702	0.531914893617021	0.553191489361702	0.553191489361702	0.531914893617021
80	320	0	0.8	1	1	1	0.4	0.02	0.12	0.32	0.18	0.18	0.4	0.4	0.4
160	320	0	0.8	1	1	1	0.553191489361702	0	0	0.0638297872340425	0	0	0.297872340425532	0.553191489361702	0.553191489361702
320	320	0	0.8	1	1	1	0.609756097560976	0	0	0	0	0	0.024390243902439	0.609756097560976	0.609756097560976
20	20	0.2	0.8	1	0.680412371134021	0.917525773195876	0.927835051546392	0.855670103092783	0.835051546391753	0.989690721649485	0.917525773195876	0.907216494845361	1	0.927835051546392	0.505154639175258
40	20	0.2	0.8	1	0.700787401574803	0.976377952755906	0.976377952755906	0.866141732283465	0.708661417322835	0.984251968503937	0.937007874015748	0.929133858267717	0.992125984251969	0.976377952755906	0.748031496062992
80	20	0.2	0.8	1	0.662650602409639	0.995983935742972	0.995983935742972	0.779116465863454	0.405622489959839	0.939759036144578	0.835341365461847	0.819277108433735	1	0.995983935742972	0.879518072289157
160	20	0.2	0.8	1	0.694877505567929	1	0.99109131403118	0.694877505567929	0.184855233853007	0.897550111358575	0.734966592427617	0.699331848552339	0.99109131403118	0.99109131403118	0.922048997772829
320	20	0.2	0.8	1	0.703012912482066	1	0.997130559540889	0.569583931133429	0.0903873744619799	0.757532281205165	0.592539454806313	0.558106169296987	0.978479196556671	0.997130559540889	0.959827833572453
20	40	0.2	0.8	1	0.989690721649485	0.958762886597938	0.958762886597938	0.917525773195876	0.948453608247423	0.958762886597938	0.958762886597938	0.958762886597938	0.989690721649485	0.958762886597938	0.515463917525773
40	40	0.2	0.8	1	0.937007874015748	0.984251968503937	0.984251968503937	0.826771653543307	0.826771653543307	0.976377952755906	0.960629921259842	0.952755905511811	0.992125984251969	0.984251968503937	0.803149606299213
80	40	0.2	0.8	1	0.943775100401606	1	1	0.550200803212851	0.337349397590361	0.93574297188755	0.726907630522088	0.710843373493976	1	1	0.927710843373494
160	40	0.2	0.8	1	0.962138084632517	1	1	0.44097995545657	0.10913140311804	0.766146993318486	0.5456570155902	0.510022271714922	0.99109131403118	1	0.986636971046771
320	40	0.2	0.8	1	0.944045911047346	1	1	0.340028694404591	0.0387374461979914	0.582496413199426	0.381635581061693	0.36154949784792	0.948350071736011	1	0.995695839311334
20	80	0.2	0.8	1	1	0.989690721649485	0.958762886597938	0.896907216494845	0.958762886597938	0.958762886597938	0.958762886597938	0.958762886597938	0.989690721649485	0.958762886597938	0.577319587628866
40	80	0.2	0.8	1	0.992125984251969	0.992125984251969	0.984251968503937	0.677165354330709	0.874015748031496	0.984251968503937	0.968503937007874	0.952755905511811	0.984251968503937	0.984251968503937	0.874015748031496
80	80	0.2	0.8	1	0.995983935742972	1	1	0.325301204819277	0.313253012048193	0.91566265060241	0.650602409638554	0.602409638554217	0.995983935742972	1	0.975903614457831
160	80	0.2	0.8	1	1	1	1	0.149220489977728	0.0623608017817372	0.621380846325167	0.287305122494432	0.267260579064588	0.942093541202673	1	1
320	80	0.2	0.8	1	0.995695839311334	1	1	0.0817790530846485	0.0114777618364419	0.324246771879483	0.126255380200861	0.12051649928264	0.812051649928264	1	0.998565279770445
20	160	0.2	0.8	1	1	1	0.958762886597938	0.814432989690722	0.958762886597938	0.958762886597938	0.958762886597938	0.958762886597938	0.958762886597938	0.958762886597938	0.536082474226804
40	160	0.2	0.8	1	1	1	0.984251968503937	0.456692913385827	0.921259842519685	0.984251968503937	0.929133858267717	0.929133858267717	0.984251968503937	0.984251968503937	0.889763779527559
80	160	0.2	0.8	1	1	1	1	0.116465863453815	0.269076305220884	0.859437751004016	0.477911646586345	0.449799196787149	1	1	1
160	160	0.2	0.8	1	1	1	1	0.0133630289532294	0.0111358574610245	0.32293986636971	0.0623608017817372	0.0623608017817372	0.853006681514477	1	0.997772828507795
320	160	0.2	0.8	1	1	1	1	0.00430416068866571	0	0.084648493543759	0.0100430416068867	0.0100430416068867	0.466284074605452	1	1
20	320	0.2	0.8	1	1	1	0.958762886597938	0.701030927835051	0.958762886597938	0.958762886597938	0.958762886597938	0.958762886597938	0.969072164948454	0.958762886597938	0.525773195876289
40	320	0.2	0.8	1	1	1	0.984251968503937	0.307086614173228	0.968503937007874	0.984251968503937	0.984251968503937	0.984251968503937	0.984251968503937	0.984251968503937	0.960629921259842
80	320	0.2	0.8	1	1	1	1	0.036144578313253	0.248995983935743	0.779116465863454	0.389558232931727	0.373493975903614	1	1	0.995983935742972
160	320	0.2	0.8	1	1	1	1	0.0022271714922049	0.0044543429844098	0.122494432071269	0.0133630289532294	0.0133630289532294	0.654788418708241	1	1
320	320	0.2	0.8	1	1	1	1	0	0	0.00717360114777618	0	0	0.121951219512195	1	1
20	20	0.5	0.8	1	0.713903743315508	0.981283422459893	0.997326203208556	0.914438502673797	0.925133689839572	0.997326203208556	0.978609625668449	0.981283422459893	1	0.997326203208556	0.449197860962567
40	20	0.5	0.8	1	0.675585284280936	0.989966555183946	0.993311036789298	0.896321070234114	0.734113712374582	0.989966555183946	0.953177257525084	0.938127090301003	1	0.993311036789298	0.648829431438127
80	20	0.5	0.8	1	0.682789651293588	1	0.993250843644544	0.863892013498313	0.528683914510686	0.971878515185602	0.90888638920135	0.889763779527559	1	0.993250843644544	0.762654668166479
160	20	0.5	0.8	1	0.689447236180905	1	0.993969849246231	0.84321608040201	0.346733668341709	0.94572864321608	0.864321608040201	0.837185929648241	0.998994974874372	0.993969849246231	0.809045226130653
320	20	0.5	0.8	1	0.688	1	0.994	0.868	0.253	0.933	0.878	0.844	0.999	0.994	0.829
20	40	0.5	0.8	1	0.949197860962567	0.997326203208556	1	0.858288770053476	0.96524064171123	1	0.983957219251337	0.983957219251337	1	1	0.393048128342246
40	40	0.5	0.8	1	0.94314381270903	1	1	0.882943143812709	0.861204013377926	0.998327759197324	0.979933110367893	0.976588628762542	1	1	0.687290969899666
80	40	0.5	0.8	1	0.94488188976378	1	1	0.793025871766029	0.578177727784027	0.982002249718785	0.886389201349831	0.866141732283465	0.997750281214848	1	0.824521934758155
160	40	0.5	0.8	1	0.947738693467337	1	1	0.737688442211055	0.374874371859297	0.932663316582915	0.803015075376884	0.775879396984925	0.995979899497487	1	0.889447236180904
320	40	0.5	0.8	1	0.948	1	1	0.752	0.242	0.92	0.784	0.76	0.996	1	0.895
20	80	0.5	0.8	1	0.997326203208556	1	1	0.812834224598931	0.973262032085562	0.994652406417112	0.973262032085562	0.978609625668449	1	1	0.459893048128342
40	80	0.5	0.8	1	0.996655518394649	1	1	0.755852842809365	0.911371237458194	0.998327759197324	0.979933110367893	0.968227424749164	1	1	0.760869565217391
80	80	0.5	0.8	1	0.996625421822272	1	1	0.605174353205849	0.592800899887514	0.968503937007874	0.823397075365579	0.802024746906637	0.998875140607424	1	0.875140607424072
160	80	0.5	0.8	1	0.997989949748744	1	1	0.54070351758794	0.346733668341709	0.899497487437186	0.678391959798995	0.655276381909548	0.992964824120603	1	0.932663316582915
320	80	0.5	0.8	1	0.997	1	1	0.558	0.215	0.824	0.634	0.62	0.992	1	0.953
20	160	0.5	0.8	1	1	1	1	0.713903743315508	0.983957219251337	0.997326203208556	0.981283422459893	0.983957219251337	1	1	0.425133689839572
40	160	0.5	0.8	1	1	1	1	0.608695652173913	0.956521739130435	1	0.979933110367893	0.978260869565217	1	1	0.790969899665552
80	160	0.5	0.8	1	1	1	1	0.399325084364454	0.607424071991001	0.959505061867267	0.796400449943757	0.773903262092238	1	1	0.930258717660292
160	160	0.5	0.8	1	1	1	1	0.309547738693467	0.300502512562814	0.828140703517588	0.558793969849246	0.534673366834171	0.985929648241206	1	0.975879396984925
320	160	0.5	0.8	1	1	1	1	0.278	0.146	0.74	0.43	0.415	0.971	1	0.986
20	320	0.5	0.8	1	1	1	1	0.609625668449198	0.986631016042781	0.994652406417112	0.978609625668449	0.986631016042781	1	1	0.409090909090909
40	320	0.5	0.8	1	1	1	1	0.451505016722408	0.989966555183946	1	0.996655518394649	0.996655518394649	1	1	0.806020066889632
80	320	0.5	0.8	1	1	1	1	0.260967379077615	0.641169853768279	0.929133858267717	0.743532058492688	0.716535433070866	1	1	0.946006749156355
160	320	0.5	0.8	1	1	1	1	0.155778894472362	0.299497487437186	0.720603015075377	0.438190954773869	0.430150753768844	0.965829145728643	1	0.98391959798995
320	320	0.5	0.8	1	1	1	1	0.122	0.117	0.562	0.252	0.246	0.911	1	0.997
20	20	0.8	0.8	1	0.696220930232558	0.989825581395349	0.994186046511628	0.832848837209302	0.845930232558139	0.995639534883721	0.943313953488372	0.965116279069767	1	0.994186046511628	0.353197674418605
40	20	0.8	0.8	1	0.693037974683544	1	0.993670886075949	0.914556962025316	0.775316455696203	0.993670886075949	0.966244725738397	0.964135021097046	1	0.993670886075949	0.489451476793249
80	20	0.8	0.8	1	0.688064192577733	1	0.993981945837513	0.920762286860582	0.630892678034102	0.988966900702106	0.956870611835506	0.948846539618857	1	0.993981945837513	0.511534603811434
160	20	0.8	0.8	1	0.688	1	0.994	0.936	0.487	0.987	0.955	0.942	1	0.994	0.509
320	20	0.8	0.8	1	0.688	1	0.994	0.94	0.37	0.972	0.949	0.936	1	0.994	0.507
20	40	0.8	0.8	1	0.946220930232558	1	1	0.760174418604651	0.918604651162791	0.992732558139535	0.95203488372093	0.965116279069767	0.998546511627907	1	0.313953488372093
40	40	0.8	0.8	1	0.947257383966245	1	1	0.858649789029536	0.860759493670886	0.996835443037975	0.960970464135021	0.959915611814346	1	1	0.474683544303797
80	40	0.8	0.8	1	0.947843530591775	1	1	0.896690070210632	0.760280842527583	0.994984954864594	0.953861584754263	0.949849548645938	1	1	0.492477432296891
160	40	0.8	0.8	1	0.948	1	1	0.931	0.628	0.996	0.958	0.953	1	1	0.508
320	40	0.8	0.8	1	0.948	1	1	0.945	0.483	0.988	0.958	0.954	1	1	0.503
20	80	0.8	0.8	1	0.997093023255814	1	1	0.683139534883721	0.934593023255814	0.991279069767442	0.940406976744186	0.963662790697674	1	1	0.299418604651163
40	80	0.8	0.8	1	0.996835443037975	1	1	0.781645569620253	0.919831223628692	0.996835443037975	0.965189873417722	0.967299578059072	1	1	0.482067510548523
80	80	0.8	0.8	1	0.996990972918756	1	1	0.833500501504513	0.831494483450351	0.993981945837513	0.940822467402207	0.939819458375125	1	1	0.503510531594784
160	80	0.8	0.8	1	0.997	1	1	0.887	0.733	0.993	0.953	0.951	1	1	0.5
320	80	0.8	0.8	1	0.997	1	1	0.921	0.623	0.985	0.95	0.951	1	1	0.51
20	160	0.8	0.8	1	1	1	1	0.594476744186046	0.960755813953488	0.986918604651163	0.957848837209302	0.969476744186046	1	1	0.267441860465116
40	160	0.8	0.8	1	1	1	1	0.674050632911392	0.956751054852321	0.992616033755274	0.968354430379747	0.969409282700422	1	1	0.489451476793249
80	160	0.8	0.8	1	1	1	1	0.740220661985958	0.890672016048144	0.993981945837513	0.952858575727182	0.952858575727182	0.998996990972919	1	0.494483450351053
160	160	0.8	0.8	1	1	1	1	0.85	0.845	0.994	0.959	0.958	1	1	0.508
320	160	0.8	0.8	1	1	1	1	0.916	0.777	0.996	0.962	0.962	1	1	0.502
20	320	0.8	0.8	1	1	1	1	0.475290697674419	0.959302325581395	0.981104651162791	0.946220930232558	0.965116279069767	1	1	0.267441860465116
40	320	0.8	0.8	1	1	1	1	0.527426160337553	0.968354430379747	0.990506329113924	0.970464135021097	0.971518987341772	1	1	0.475738396624473
80	320	0.8	0.8	1	1	1	1	0.633901705115346	0.923771313941825	0.994984954864594	0.950852557673019	0.9518555667001	1	1	0.494483450351053
160	320	0.8	0.8	1	1	1	1	0.756	0.913	0.998	0.959	0.963	1	1	0.498
320	320	0.8	0.8	1	1	1	1	0.843	0.84	0.995	0.949	0.945	1	1	0.509
20	20	1	0.8	1	0.695906432748538	0.983625730994152	0.994152046783626	0.778947368421053	0.808187134502924	0.982456140350877	0.912280701754386	0.926315789473684	1	0.994152046783626	0.269005847953216
40	20	1	0.8	1	0.687563195146613	1	0.993933265925177	0.829120323559151	0.675429726996967	0.984833164812942	0.910010111223458	0.924165824064712	0.998988877654196	0.993933265925177	0.306370070778564
80	20	1	0.8	1	0.688	1	0.994	0.869	0.552	0.975	0.909	0.923	1	0.994	0.302
160	20	1	0.8	1	0.688	1	0.994	0.877	0.43	0.972	0.901	0.916	1	0.994	0.288
320	20	1	0.8	1	0.688	1	0.994	0.89	0.304	0.962	0.903	0.919	0.999	0.994	0.289
20	40	1	0.8	1	0.947368421052632	0.998830409356725	1	0.64327485380117	0.849122807017544	0.977777777777778	0.891228070175439	0.930994152046784	0.996491228070175	1	0.210526315789474
40	40	1	0.8	1	0.948432760364004	1	1	0.73407482305359	0.758341759352882	0.985844287158746	0.883720930232558	0.912032355915066	0.998988877654196	1	0.254802831142568
80	40	1	0.8	1	0.948	1	1	0.783	0.633	0.977	0.874	0.89	1	1	0.236
160	40	1	0.8	1	0.948	1	1	0.826	0.497	0.975	0.863	0.882	0.999	1	0.214
320	40	1	0.8	1	0.948	1	1	0.828	0.366	0.965	0.858	0.878	1	1	0.2
20	80	1	0.8	1	0.996491228070175	1	1	0.527485380116959	0.867836257309942	0.960233918128655	0.876023391812865	0.897076023391813	0.998830409356725	1	0.191812865497076
40	80	1	0.8	1	0.996966632962588	1	1	0.608695652173913	0.82103134479272	0.971688574317492	0.876643073811931	0.900910010111223	0.996966632962588	1	0.215369059656218
80	80	1	0.8	1	0.997	1	1	0.674	0.688	0.971	0.842	0.859	0.998	1	0.198
160	80	1	0.8	1	0.997	1	1	0.704	0.543	0.952	0.808	0.836	0.999	1	0.161
320	80	1	0.8	1	0.997	1	1	0.737	0.401	0.929	0.799	0.815	0.998	1	0.138
20	160	1	0.8	1	1	1	1	0.418713450292398	0.894736842105263	0.957894736842105	0.884210526315789	0.909941520467836	1	1	0.154385964912281
40	160	1	0.8	1	1	1	1	0.494438827098079	0.845298281092012	0.970677451971689	0.861476238624874	0.888776541961577	1	1	0.173913043478261
80	160	1	0.8	1	1	1	1	0.552	0.738	0.962	0.821	0.844	0.998	1	0.154
160	160	1	0.8	1	1	1	1	0.552	0.571	0.94	0.751	0.77	0.996	1	0.122
320	160	1	0.8	1	1	1	1	0.566	0.407	0.914	0.726	0.748	0.992	1	0.081
20	320	1	0.8	1	1	1	1	0.329824561403509	0.893567251461988	0.947368421052632	0.878362573099415	0.902923976608187	0.998830409356725	1	0.142690058479532
40	320	1	0.8	1	1	1	1	0.337714863498483	0.852376137512639	0.951466127401416	0.853387259858443	0.872598584428716	0.996966632962588	1	0.170879676440849
80	320	1	0.8	1	1	1	1	0.373	0.751	0.931	0.783	0.806	0.992	1	0.139
160	320	1	0.8	1	1	1	1	0.384	0.597	0.894	0.693	0.706	0.995	1	0.073
320	320	1	0.8	1	1	1	1	0.367	0.373	0.843	0.585	0.604	0.986	1	0.04
20	20	0	1	1	0.805555555555556	0.638888888888889	0.638888888888889	0.611111111111111	0.583333333333333	0.694444444444444	0.611111111111111	0.611111111111111	0.861111111111111	0.638888888888889	0.5
40	20	0	1	1	0.851063829787234	0.553191489361702	0.553191489361702	0.382978723404255	0.191489361702128	0.595744680851064	0.468085106382979	0.425531914893617	0.787234042553192	0.553191489361702	0.553191489361702
80	20	0	1	1	0.86	0.42	0.4	0.24	0.08	0.46	0.28	0.26	0.74	0.4	0.4
160	20	0	1	1	0.787234042553192	0.574468085106383	0.553191489361702	0.340425531914894	0.0425531914893617	0.51063829787234	0.340425531914894	0.340425531914894	0.74468085106383	0.553191489361702	0.553191489361702
320	20	0	1	1	0.878048780487805	0.707317073170732	0.609756097560976	0.195121951219512	0	0.365853658536585	0.219512195121951	0.146341463414634	0.75609756097561	0.609756097560976	0.609756097560976
20	40	0	1	1	0.972222222222222	0.861111111111111	0.638888888888889	0.527777777777778	0.638888888888889	0.638888888888889	0.638888888888889	0.638888888888889	0.75	0.638888888888889	0.583333333333333
40	40	0	1	1	1	0.574468085106383	0.553191489361702	0.170212765957447	0.148936170212766	0.48936170212766	0.382978723404255	0.382978723404255	0.659574468085106	0.553191489361702	0.553191489361702
80	40	0	1	1	0.98	0.4	0.4	0.1	0.04	0.32	0.18	0.16	0.5	0.4	0.4
160	40	0	1	1	0.978723404255319	0.553191489361702	0.553191489361702	0.0638297872340425	0.0212765957446809	0.234042553191489	0.0638297872340425	0.0638297872340425	0.531914893617021	0.553191489361702	0.553191489361702
320	40	0	1	1	1	0.609756097560976	0.609756097560976	0	0	0.121951219512195	0.024390243902439	0	0.51219512195122	0.609756097560976	0.609756097560976
20	80	0	1	1	1	1	0.638888888888889	0.5	0.611111111111111	0.638888888888889	0.638888888888889	0.638888888888889	0.666666666666667	0.638888888888889	0.527777777777778
40	80	0	1	1	1	0.978723404255319	0.553191489361702	0.0638297872340425	0.191489361702128	0.531914893617021	0.319148936170213	0.276595744680851	0.574468085106383	0.553191489361702	0.553191489361702
80	80	0	1	1	1	0.84	0.4	0.04	0.04	0.28	0.16	0.14	0.4	0.4	0.4
160	80	0	1	1	1	0.617021276595745	0.553191489361702	0	0	0.0851063829787234	0.0212765957446809	0.0212765957446809	0.361702127659574	0.553191489361702	0.553191489361702
320	80	0	1	1	1	0.609756097560976	0.609756097560976	0	0	0	0	0	0.121951219512195	0.609756097560976	0.609756097560976
20	160	0	1	1	1	1	0.638888888888889	0.305555555555556	0.638888888888889	0.638888888888889	0.638888888888889	0.638888888888889	0.638888888888889	0.638888888888889	0.555555555555556
40	160	0	1	1	1	1	0.553191489361702	0.0425531914893617	0.234042553191489	0.48936170212766	0.319148936170213	0.319148936170213	0.553191489361702	0.553191489361702	0.553191489361702
80	160	0	1	1	1	1	0.4	0.02	0.02	0.14	0.04	0.02	0.38	0.4	0.4
160	160	0	1	1	1	1	0.553191489361702	0	0	0	0	0	0.106382978723404	0.553191489361702	0.553191489361702
320	160	0	1	1	1	0.975609756097561	0.609756097560976	0	0	0	0	0	0	0.609756097560976	0.609756097560976
20	320	0	1	1	1	1	0.638888888888889	0.277777777777778	0.638888888888889	0.638888888888889	0.638888888888889	0.638888888888889	0.638888888888889	0.638888888888889	0.583333333333333
40	320	0	1	1	1	1	0.553191489361702	0	0.191489361702128	0.446808510638298	0.25531914893617	0.234042553191489	0.553191489361702	0.553191489361702	0.553191489361702
80	320	0	1	1	1	1	0.4	0	0	0.04	0	0	0.3	0.4	0.4
160	320	0	1	1	1	1	0.553191489361702	0	0	0	0	0	0.0425531914893617	0.553191489361702	0.553191489361702
320	320	0	1	1	1	1	0.609756097560976	0	0	0	0	0	0	0.609756097560976	0.609756097560976
20	20	0.2	1	1	0.896907216494845	0.958762886597938	0.958762886597938	0.855670103092783	0.845360824742268	0.948453608247423	0.927835051546392	0.907216494845361	0.979381443298969	0.958762886597938	0.752577319587629
40	20	0.2	1	1	0.850393700787402	0.984251968503937	0.984251968503937	0.732283464566929	0.511811023622047	0.960629921259842	0.858267716535433	0.811023622047244	0.984251968503937	0.984251968503937	0.84251968503937
80	20	0.2	1	1	0.831325301204819	1	1	0.55421686746988	0.204819277108434	0.859437751004016	0.65863453815261	0.590361445783133	0.987951807228916	1	0.947791164658635
160	20	0.2	1	1	0.853006681514477	1	1	0.456570155902004	0.0734966592427617	0.712694877505568	0.501113585746102	0.456570155902004	0.962138084632517	1	0.982182628062361
320	20	0.2	1	1	0.856527977044476	1	0.998565279770445	0.355810616929699	0.03012912482066	0.549497847919656	0.378766140602583	0.337159253945481	0.935437589670014	0.998565279770445	0.988522238163558
20	40	0.2	1	1	0.989690721649485	0.969072164948454	0.958762886597938	0.752577319587629	0.896907216494845	0.958762886597938	0.958762886597938	0.938144329896907	0.989690721649485	0.958762886597938	0.783505154639175
40	40	0.2	1	1	0.992125984251969	0.992125984251969	0.984251968503937	0.598425196850394	0.543307086614173	0.952755905511811	0.811023622047244	0.771653543307087	0.984251968503937	0.984251968503937	0.913385826771654
80	40	0.2	1	1	0.991967871485944	1	1	0.248995983935743	0.120481927710843	0.746987951807229	0.437751004016064	0.389558232931727	0.979919678714859	1	0.979919678714859
160	40	0.2	1	1	0.986636971046771	1	1	0.169265033407572	0.0467706013363029	0.478841870824053	0.22271714922049	0.198218262806236	0.913140311804009	1	0.997772828507795
320	40	0.2	1	1	0.991391678622669	1	1	0.0817790530846485	0.00573888091822095	0.262553802008608	0.110473457675753	0.0961262553802009	0.777618364418938	1	1
20	80	0.2	1	1	1	1	0.958762886597938	0.628865979381443	0.917525773195876	0.958762886597938	0.948453608247423	0.938144329896907	0.958762886597938	0.958762886597938	0.824742268041237
40	80	0.2	1	1	1	1	0.984251968503937	0.236220472440945	0.519685039370079	0.952755905511811	0.779527559055118	0.708661417322835	0.984251968503937	0.984251968503937	0.968503937007874
80	80	0.2	1	1	1	1	1	0.072289156626506	0.0682730923694779	0.586345381526104	0.216867469879518	0.204819277108434	0.947791164658635	1	1
160	80	0.2	1	1	1	1	1	0.022271714922049	0.0044543429844098	0.187082405345212	0.0579064587973274	0.0556792873051225	0.66369710467706	1	1
320	80	0.2	1	1	1	1	1	0.00717360114777618	0.00143472022955524	0.0602582496413199	0.0129124820659971	0.0114777618364419	0.39454806312769	1	1
20	160	0.2	1	1	1	1	0.958762886597938	0.474226804123711	0.948453608247423	0.958762886597938	0.958762886597938	0.958762886597938	0.958762886597938	0.958762886597938	0.917525773195876
40	160	0.2	1	1	1	1	0.984251968503937	0.125984251968504	0.519685039370079	0.94488188976378	0.700787401574803	0.661417322834646	0.984251968503937	0.984251968503937	0.984251968503937
80	160	0.2	1	1	1	1	1	0	0.0281124497991968	0.365461847389558	0.0923694779116466	0.0763052208835341	0.91566265060241	1	1
160	160	0.2	1	1	1	1	1	0	0	0.0356347438752784	0.0089086859688196	0.0089086859688196	0.305122494432071	1	1
320	160	0.2	1	1	1	1	1	0	0	0	0	0	0.0516499282639885	1	1
20	320	0.2	1	1	1	1	0.958762886597938	0.288659793814433	0.958762886597938	0.958762886597938	0.958762886597938	0.958762886597938	0.958762886597938	0.958762886597938	0.88659793814433
40	320	0.2	1	1	1	1	0.984251968503937	0.0236220472440945	0.47244094488189	0.921259842519685	0.669291338582677	0.598425196850394	0.984251968503937	0.984251968503937	0.984251968503937
80	320	0.2	1	1	1	1	1	0.00401606425702811	0.0120481927710843	0.14859437751004	0.0321285140562249	0.0240963855421687	0.85140562248996	1	1
160	320	0.2	1	1	1	1	1	0	0	0.0022271714922049	0	0	0.0645879732739421	1	1
320	320	0.2	1	1	1	1	1	0	0	0	0	0	0.00430416068866571	1	1
20	20	0.5	1	1	0.877005347593583	0.994652406417112	0.997326203208556	0.885026737967914	0.858288770053476	1	0.970588235294118	0.959893048128342	1	0.997326203208556	0.660427807486631
40	20	0.5	1	1	0.857859531772575	0.998327759197324	0.998327759197324	0.816053511705686	0.581939799331104	0.969899665551839	0.891304347826087	0.864548494983278	0.998327759197324	0.998327759197324	0.834448160535117
80	20	0.5	1	1	0.856017997750281	0.997750281214848	0.998875140607424	0.710911136107987	0.335208098987627	0.921259842519685	0.78177727784027	0.731158605174353	0.993250843644544	0.998875140607424	0.886389201349831
160	20	0.5	1	1	0.85427135678392	1	0.998994974874372	0.684422110552764	0.184924623115578	0.860301507537688	0.727638190954774	0.675376884422111	0.984924623115578	0.998994974874372	0.911557788944724
320	20	0.5	1	1	0.855	1	0.999	0.694	0.144	0.825	0.712	0.659	0.981	0.999	0.923
20	40	0.5	1	1	0.983957219251337	1	1	0.844919786096257	0.946524064171123	1	0.989304812834225	0.981283422459893	1	1	0.697860962566845
40	40	0.5	1	1	0.996655518394649	1	1	0.633779264214047	0.59866220735786	0.973244147157191	0.847826086956522	0.811036789297659	1	1	0.897993311036789
80	40	0.5	1	1	0.989876265466817	1	1	0.503937007874016	0.260967379077615	0.886389201349831	0.647919010123735	0.614173228346457	0.993250843644544	1	0.959505061867267
160	40	0.5	1	1	0.98894472361809	1	1	0.431155778894472	0.120603015075377	0.752763819095477	0.506532663316583	0.474371859296482	0.97286432160804	1	0.960804020100502
320	40	0.5	1	1	0.989	1	1	0.421	0.067	0.688	0.474	0.433	0.965	1	0.979
20	80	0.5	1	1	1	1	1	0.711229946524064	0.981283422459893	1	0.997326203208556	0.997326203208556	1	1	0.711229946524064
40	80	0.5	1	1	1	1	1	0.468227424749164	0.667224080267559	0.986622073578595	0.846153846153846	0.824414715719064	1	1	0.926421404682274
80	80	0.5	1	1	1	1	1	0.277840269966254	0.264341957255343	0.798650168728909	0.496062992125984	0.465691788526434	0.983127109111361	1	0.976377952755906
160	80	0.5	1	1	1	1	1	0.197989949748744	0.0814070351758794	0.581909547738694	0.287437185929648	0.271356783919598	0.922613065326633	1	0.993969849246231
320	80	0.5	1	1	1	1	1	0.168	0.029	0.439	0.228	0.214	0.886	1	0.996
20	160	0.5	1	1	1	1	1	0.56951871657754	0.994652406417112	1	0.997326203208556	0.994652406417112	1	1	0.762032085561497
40	160	0.5	1	1	1	1	1	0.252508361204013	0.682274247491639	0.971571906354515	0.857859531772575	0.817725752508361	1	1	0.956521739130435
80	160	0.5	1	1	1	1	1	0.0978627671541057	0.217097862767154	0.669291338582677	0.352080989876265	0.335208098987627	0.979752530933633	1	0.988751406074241
160	160	0.5	1	1	1	1	1	0.0402010050251256	0.0361809045226131	0.376884422110553	0.150753768844221	0.138693467336683	0.801005025125628	1	1
320	160	0.5	1	1	1	1	1	0.019	0.006	0.22	0.055	0.05	0.636	1	1
20	320	0.5	1	1	1	1	1	0.36096256684492	0.997326203208556	1	0.997326203208556	0.997326203208556	1	1	0.767379679144385
40	320	0.5	1	1	1	1	1	0.140468227424749	0.698996655518395	0.968227424749164	0.811036789297659	0.759197324414716	1	1	0.956521739130435
80	320	0.5	1	1	1	1	1	0.046119235095613	0.196850393700787	0.550056242969629	0.275590551181102	0.24859392575928	0.955005624296963	1	0.997750281214848
160	320	0.5	1	1	1	1	1	0.0050251256281407	0.0190954773869347	0.204020100502513	0.0603015075376884	0.0522613065326633	0.666331658291457	1	1
320	320	0.5	1	1	1	1	1	0.002	0.002	0.073	0.011	0.011	0.352	1	1
20	20	0.8	1	1	0.854651162790698	0.995639534883721	0.998546511627907	0.872093023255814	0.863372093023256	0.995639534883721	0.954941860465116	0.953488372093023	1	0.998546511627907	0.531976744186046
40	20	0.8	1	1	0.857594936708861	1	0.998945147679325	0.873417721518987	0.691983122362869	0.989451476793249	0.937763713080169	0.916666666666667	1	0.998945147679325	0.671940928270042
80	20	0.8	1	1	0.855566700100301	1	0.998996990972919	0.887662988966901	0.525576730190572	0.969909729187563	0.917753259779338	0.898696088264794	0.998996990972919	0.998996990972919	0.707121364092277
160	20	0.8	1	1	0.855	1	0.999	0.888	0.414	0.964	0.904	0.88	1	0.999	0.722
320	20	0.8	1	1	0.855	1	0.999	0.896	0.278	0.953	0.904	0.883	0.999	0.999	0.71
20	40	0.8	1	1	0.991279069767442	1	1	0.835755813953488	0.954941860465116	0.998546511627907	0.979651162790698	0.984011627906977	1	1	0.556686046511628
40	40	0.8	1	1	0.989451476793249	1	1	0.793248945147679	0.776371308016878	0.992616033755274	0.941983122362869	0.927215189873418	1	1	0.741561181434599
80	40	0.8	1	1	0.988966900702106	1	1	0.79839518555667	0.613841524573721	0.981945837512538	0.891675025075226	0.861584754262788	1	1	0.767301905717151
160	40	0.8	1	1	0.989	1	1	0.827	0.484	0.965	0.882	0.854	0.999	1	0.801
320	40	0.8	1	1	0.989	1	1	0.842	0.342	0.946	0.875	0.843	0.999	1	0.81
20	80	0.8	1	1	1	1	1	0.739825581395349	0.978197674418605	0.998546511627907	0.981104651162791	0.986918604651163	1	1	0.593023255813954
40	80	0.8	1	1	1	1	1	0.663502109704641	0.825949367088608	0.989451476793249	0.938818565400844	0.918776371308017	1	1	0.7542194092827
80	80	0.8	1	1	1	1	1	0.694082246740221	0.682046138415246	0.972918756268806	0.873620862587763	0.848545636910732	1	1	0.803410230692076
160	80	0.8	1	1	1	1	1	0.739	0.535	0.96	0.831	0.816	0.998	1	0.848
320	80	0.8	1	1	1	1	1	0.736	0.358	0.926	0.809	0.786	0.998	1	0.87
20	160	0.8	1	1	1	1	1	0.555232558139535	0.989825581395349	0.998546511627907	0.988372093023256	0.991279069767442	1	1	0.598837209302326
40	160	0.8	1	1	1	1	1	0.516877637130802	0.857594936708861	0.992616033755274	0.921940928270042	0.90295358649789	1	1	0.759493670886076
80	160	0.8	1	1	1	1	1	0.54864593781344	0.713139418254764	0.95987963891675	0.848545636910732	0.825476429287864	0.996990972918756	1	0.843530591775326
160	160	0.8	1	1	1	1	1	0.572	0.553	0.942	0.783	0.764	0.999	1	0.9
320	160	0.8	1	1	1	1	1	0.574	0.367	0.9	0.691	0.673	0.993	1	0.907
20	320	0.8	1	1	1	1	1	0.449127906976744	0.992732558139535	0.997093023255814	0.986918604651163	0.992732558139535	1	1	0.572674418604651
40	320	0.8	1	1	1	1	1	0.357594936708861	0.888185654008439	0.985232067510548	0.934599156118143	0.911392405063291	1	1	0.792194092827004
80	320	0.8	1	1	1	1	1	0.388164493480441	0.72617853560682	0.9358074222668	0.817452357071214	0.797392176529589	0.997993981945838	1	0.845536609829488
160	320	0.8	1	1	1	1	1	0.391	0.577	0.912	0.737	0.712	0.993	1	0.916
320	320	0.8	1	1	1	1	1	0.361	0.355	0.847	0.601	0.587	0.993	1	0.946
20	20	1	1	1	0.845614035087719	1	1	0.828070175438597	0.83625730994152	0.992982456140351	0.936842105263158	0.952046783625731	1	1	0.432748538011696
40	20	1	1	1	0.856420626895854	1	0.998988877654196	0.88675429726997	0.748230535894843	0.990899898887765	0.939332659251769	0.929221435793731	1	0.998988877654196	0.48938321536906
80	20	1	1	1	0.855	1	0.999	0.91	0.604	0.982	0.933	0.933	1	0.999	0.505
160	20	1	1	1	0.855	1	0.999	0.916	0.445	0.976	0.933	0.922	1	0.999	0.509
320	20	1	1	1	0.855	1	0.999	0.92	0.348	0.971	0.932	0.926	1	0.999	0.524
20	40	1	1	1	0.989473684210526	1	1	0.764912280701754	0.907602339181287	0.994152046783626	0.952046783625731	0.957894736842105	1	1	0.422222222222222
40	40	1	1	1	0.988877654196158	1	1	0.830131445904954	0.839231547017189	0.993933265925177	0.952477249747219	0.953488372093023	1	1	0.49747219413549
80	40	1	1	1	0.989	1	1	0.881	0.725	0.993	0.951	0.95	1	1	0.526
160	40	1	1	1	0.989	1	1	0.915	0.626	0.989	0.94	0.941	1	1	0.529
320	40	1	1	1	0.989	1	1	0.929	0.488	0.981	0.947	0.939	1	1	0.522
20	80	1	1	1	1	1	1	0.680701754385965	0.939181286549708	0.988304093567251	0.942690058479532	0.954385964912281	1	1	0.437426900584795
40	80	1	1	1	1	1	1	0.741152679474216	0.882709807886754	0.997977755308392	0.9474216380182	0.948432760364004	1	1	0.509605662285136
80	80	1	1	1	1	1	1	0.833	0.833	0.988	0.94	0.936	1	1	0.493
160	80	1	1	1	1	1	1	0.894	0.744	0.991	0.953	0.954	1	1	0.507
320	80	1	1	1	1	1	1	0.921	0.609	0.99	0.95	0.949	1	1	0.517
20	160	1	1	1	1	1	1	0.547368421052632	0.952046783625731	0.987134502923977	0.947368421052632	0.96374269005848	1	1	0.40233918128655
40	160	1	1	1	1	1	1	0.62891809908999	0.925176946410516	0.992922143579373	0.950455005055612	0.949443882709808	1	1	0.474216380182002
80	160	1	1	1	1	1	1	0.739	0.875	0.991	0.943	0.943	1	1	0.5
160	160	1	1	1	1	1	1	0.821	0.817	0.994	0.939	0.939	1	1	0.498
320	160	1	1	1	1	1	1	0.893	0.727	0.991	0.953	0.951	1	1	0.504
20	320	1	1	1	1	1	1	0.421052631578947	0.955555555555556	0.980116959064327	0.943859649122807	0.95906432748538	1	1	0.381286549707602
40	320	1	1	1	1	1	1	0.493427704752275	0.937310414560162	0.994944388270981	0.9474216380182	0.956521739130435	1	1	0.44994944388271
80	320	1	1	1	1	1	1	0.617	0.911	0.991	0.947	0.945	1	1	0.484
160	320	1	1	1	1	1	1	0.715	0.875	0.993	0.942	0.95	1	1	0.48
320	320	1	1	1	1	1	1	0.805	0.807	0.991	0.934	0.943	1	1	0.487
