n1	n2	d1	d2	sig1	sig2	sigm	sdir	d1.c2	d2.c1	c1.c2	d1.p2	d2.p1	p1.p2	d2.scp1	big2
20	20	0	0	0.036	0.0277777777777778	0.388888888888889	0.492	0.416666666666667	0.444444444444444	0.583333333333333	0.583333333333333	0.583333333333333	0.583333333333333	0.0277777777777778	0.0277777777777778
40	20	0	0	0.047	0.0212765957446809	0.425531914893617	0.497	0.531914893617021	0.51063829787234	0.531914893617021	0.531914893617021	0.531914893617021	0.531914893617021	0.0212765957446809	0.0638297872340425
80	20	0	0	0.05	0.02	0.4	0.516	0.46	0.36	0.46	0.46	0.46	0.46	0.02	0.08
160	20	0	0	0.047	0	0.468085106382979	0.491	0.51063829787234	0.361702127659574	0.51063829787234	0.51063829787234	0.51063829787234	0.51063829787234	NA	0.191489361702128
320	20	0	0	0.041	0.024390243902439	0.48780487804878	0.496	0.48780487804878	0.24390243902439	0.48780487804878	0.48780487804878	0.48780487804878	0.48780487804878	0.024390243902439	0.292682926829268
20	40	0	0	0.036	0	0.138888888888889	0.507	0.0277777777777778	0.194444444444444	0.5	0.416666666666667	0.444444444444444	0.5	NA	0
40	40	0	0	0.047	0	0.446808510638298	0.51	0.48936170212766	0.48936170212766	0.680851063829787	0.638297872340426	0.638297872340426	0.680851063829787	NA	0
80	40	0	0	0.05	0.02	0.46	0.501	0.58	0.48	0.6	0.6	0.6	0.6	0.02	0.06
160	40	0	0	0.047	0	0.553191489361702	0.504	0.617021276595745	0.51063829787234	0.617021276595745	0.617021276595745	0.617021276595745	0.617021276595745	NA	0.0851063829787234
320	40	0	0	0.041	0.0487804878048781	0.609756097560976	0.497	0.585365853658537	0.51219512195122	0.609756097560976	0.609756097560976	0.609756097560976	0.609756097560976	0.0487804878048781	0.292682926829268
20	80	0	0	0.036	0.111111111111111	0.305555555555556	0.516	0.0833333333333333	0.388888888888889	0.638888888888889	0.388888888888889	0.416666666666667	0.638888888888889	0.111111111111111	0
40	80	0	0	0.047	0.0425531914893617	0.191489361702128	0.515	0.106382978723404	0.404255319148936	0.617021276595745	0.553191489361702	0.553191489361702	0.617021276595745	0.0425531914893617	0.0212765957446809
80	80	0	0	0.05	0	0.42	0.51	0.46	0.46	0.66	0.62	0.62	0.66	NA	0
160	80	0	0	0.047	0.0425531914893617	0.382978723404255	0.493	0.468085106382979	0.446808510638298	0.468085106382979	0.468085106382979	0.468085106382979	0.468085106382979	0.0425531914893617	0.0425531914893617
320	80	0	0	0.041	0.024390243902439	0.51219512195122	0.512	0.536585365853659	0.48780487804878	0.536585365853659	0.536585365853659	0.536585365853659	0.536585365853659	0.024390243902439	0.0731707317073171
20	160	0	0	0.036	0	0.0277777777777778	0.497	0	0.138888888888889	0.305555555555556	0.166666666666667	0.166666666666667	0.333333333333333	NA	0
40	160	0	0	0.047	0.0851063829787234	0.170212765957447	0.508	0.0425531914893617	0.297872340425532	0.468085106382979	0.425531914893617	0.446808510638298	0.48936170212766	0.0851063829787234	0
80	160	0	0	0.05	0	0.36	0.485	0.06	0.34	0.6	0.48	0.48	0.6	NA	0
160	160	0	0	0.047	0.0212765957446809	0.297872340425532	0.498	0.340425531914894	0.340425531914894	0.446808510638298	0.404255319148936	0.425531914893617	0.446808510638298	0.0212765957446809	0.0212765957446809
320	160	0	0	0.041	0	0.439024390243902	0.527	0.536585365853659	0.390243902439024	0.560975609756098	0.560975609756098	0.560975609756098	0.560975609756098	NA	0
20	320	0	0	0.036	0.0555555555555556	0.0555555555555556	0.512	0	0.166666666666667	0.277777777777778	0.166666666666667	0.166666666666667	0.361111111111111	0	0
40	320	0	0	0.047	0.0212765957446809	0.0851063829787234	0.493	0	0.191489361702128	0.51063829787234	0.276595744680851	0.319148936170213	0.574468085106383	0	0
80	320	0	0	0.05	0.02	0.16	0.49	0	0.24	0.44	0.3	0.3	0.48	0.02	0
160	320	0	0	0.047	0	0.191489361702128	0.495	0.0425531914893617	0.361702127659574	0.51063829787234	0.425531914893617	0.425531914893617	0.51063829787234	NA	0
320	320	0	0	0.041	0.0731707317073171	0.292682926829268	0.472	0.341463414634146	0.341463414634146	0.439024390243902	0.439024390243902	0.439024390243902	0.439024390243902	0.0731707317073171	0.0487804878048781
20	20	0.2	0	0.097	0.0206185567010309	0.278350515463918	0.518	0.329896907216495	0.350515463917526	0.54639175257732	0.515463917525773	0.525773195876289	0.54639175257732	0.0206185567010309	0.0103092783505155
40	20	0.2	0	0.127	0.0078740157480315	0.488188976377953	0.513	0.503937007874016	0.377952755905512	0.543307086614173	0.52755905511811	0.535433070866142	0.543307086614173	0.0078740157480315	0.031496062992126
80	20	0.2	0	0.249	0.0160642570281124	0.465863453815261	0.524	0.485943775100402	0.345381526104418	0.48995983935743	0.48995983935743	0.48995983935743	0.48995983935743	0.0160642570281124	0.112449799196787
160	20	0.2	0	0.449	0.0378619153674833	0.543429844097996	0.529	0.541202672605791	0.385300668151448	0.552338530066815	0.543429844097996	0.541202672605791	0.552338530066815	0.0378619153674833	0.191536748329621
320	20	0.2	0	0.697	0.0229555236728838	0.538020086083214	0.524	0.538020086083214	0.315638450502152	0.538020086083214	0.538020086083214	0.538020086083214	0.539454806312769	0.0229555236728838	0.24103299856528
20	40	0.2	0	0.097	0.0412371134020619	0.247422680412371	0.523	0.123711340206186	0.34020618556701	0.536082474226804	0.443298969072165	0.494845360824742	0.536082474226804	0.0412371134020619	0
40	40	0.2	0	0.127	0.0393700787401575	0.401574803149606	0.498	0.307086614173228	0.307086614173228	0.503937007874016	0.488188976377953	0.488188976377953	0.503937007874016	0.0393700787401575	0.015748031496063
80	40	0.2	0	0.249	0.0200803212851406	0.421686746987952	0.495	0.437751004016064	0.333333333333333	0.477911646586345	0.473895582329317	0.473895582329317	0.477911646586345	0.0200803212851406	0.0200803212851406
160	40	0.2	0	0.449	0.0200445434298441	0.492204899777283	0.494	0.498886414253898	0.367483296213808	0.503340757238307	0.503340757238307	0.503340757238307	0.503340757238307	0.0200445434298441	0.106904231625835
320	40	0.2	0	0.697	0.0315638450502152	0.477761836441894	0.497	0.480631276901004	0.315638450502152	0.480631276901004	0.480631276901004	0.480631276901004	0.48206599713056	0.0315638450502152	0.147776183644189
20	80	0.2	0	0.097	0.0206185567010309	0.185567010309278	0.508	0.0103092783505155	0.288659793814433	0.463917525773196	0.319587628865979	0.350515463917526	0.474226804123711	0.0206185567010309	0
40	80	0.2	0	0.127	0.0078740157480315	0.21259842519685	0.499	0.0866141732283465	0.228346456692913	0.440944881889764	0.330708661417323	0.354330708661417	0.440944881889764	0.0078740157480315	0
80	80	0.2	0	0.249	0.00803212851405622	0.293172690763052	0.468	0.236947791164659	0.248995983935743	0.429718875502008	0.397590361445783	0.397590361445783	0.429718875502008	0.00803212851405622	0.00401606425702811
160	80	0.2	0	0.449	0.0289532293986637	0.461024498886414	0.475	0.434298440979955	0.34075723830735	0.494432071269488	0.478841870824053	0.478841870824053	0.494432071269488	0.0289532293986637	0.0400890868596882
320	80	0.2	0	0.697	0.0229555236728838	0.45480631276901	0.466	0.453371592539455	0.282639885222382	0.459110473457676	0.456241032998565	0.45480631276901	0.459110473457676	0.0229555236728838	0.0659971305595409
20	160	0.2	0	0.097	0.0206185567010309	0.103092783505155	0.469	0	0.195876288659794	0.381443298969072	0.22680412371134	0.268041237113402	0.422680412371134	0	0
40	160	0.2	0	0.127	0.015748031496063	0.196850393700787	0.492	0	0.236220472440945	0.543307086614173	0.322834645669291	0.37007874015748	0.566929133858268	0.015748031496063	0
80	160	0.2	0	0.249	0.0200803212851406	0.289156626506024	0.485	0.0803212851405622	0.261044176706827	0.469879518072289	0.401606425702811	0.409638554216867	0.48995983935743	0.0200803212851406	0
160	160	0.2	0	0.449	0.0311804008908686	0.387527839643653	0.502	0.244988864142539	0.251670378619154	0.478841870824053	0.412026726057906	0.416481069042316	0.483296213808463	0.0311804008908686	0.0089086859688196
320	160	0.2	0	0.697	0.024390243902439	0.466284074605452	0.489	0.371592539454806	0.242467718794835	0.48206599713056	0.440459110473458	0.443328550932568	0.483500717360115	0.024390243902439	0.03012912482066
20	320	0.2	0	0.097	0.0412371134020619	0.0721649484536082	0.506	0	0.164948453608247	0.443298969072165	0.164948453608247	0.216494845360825	0.536082474226804	0	0
40	320	0.2	0	0.127	0.031496062992126	0.125984251968504	0.509	0	0.149606299212598	0.488188976377953	0.196850393700787	0.236220472440945	0.590551181102362	0.0078740157480315	0
80	320	0.2	0	0.249	0.0160642570281124	0.156626506024096	0.526	0.00401606425702811	0.208835341365462	0.453815261044177	0.273092369477912	0.285140562248996	0.497991967871486	0.0160642570281124	0
160	320	0.2	0	0.449	0.022271714922049	0.307349665924276	0.521	0.0512249443207127	0.191536748329621	0.465478841870824	0.325167037861915	0.33184855233853	0.498886414253898	0.022271714922049	0
320	320	0.2	0	0.697	0.03012912482066	0.474892395982783	0.514	0.199426111908178	0.200860832137733	0.507890961262554	0.374461979913917	0.375896700143472	0.532281205164993	0.03012912482066	0.00717360114777618
20	20	0.5	0	0.374	0.0267379679144385	0.382352941176471	0.529	0.262032085561497	0.280748663101604	0.526737967914438	0.451871657754011	0.462566844919786	0.532085561497326	0.0267379679144385	0.0106951871657754
40	20	0.5	0	0.598	0.0284280936454849	0.48494983277592	0.525	0.439799331103679	0.290969899665552	0.521739130434783	0.486622073578595	0.498327759197324	0.525083612040134	0.0284280936454849	0.0384615384615385
80	20	0.5	0	0.889	0.0213723284589426	0.519685039370079	0.527	0.487064116985377	0.258717660292463	0.524184476940383	0.507311586051744	0.510686164229471	0.525309336332958	0.0213723284589426	0.0641169853768279
160	20	0.5	0	0.995	0.0231155778894472	0.528643216080402	0.527	0.514572864321608	0.208040201005025	0.528643216080402	0.521608040201005	0.525628140703518	0.528643216080402	0.0231155778894472	0.0743718592964824
320	20	0.5	0	1	0.023	0.527	0.527	0.524	0.137	0.527	0.525	0.525	0.527	0.023	0.066
20	40	0.5	0	0.374	0.0213903743315508	0.245989304812834	0.496	0.0508021390374332	0.224598930481283	0.449197860962567	0.304812834224599	0.328877005347594	0.473262032085562	0.0213903743315508	0
40	40	0.5	0	0.598	0.0250836120401338	0.406354515050167	0.488	0.214046822742475	0.22742474916388	0.479933110367893	0.38628762541806	0.403010033444816	0.491638795986622	0.0250836120401338	0.00501672240802676
80	40	0.5	0	0.889	0.0258717660292463	0.479190101237345	0.496	0.326209223847019	0.199100112485939	0.488188976377953	0.416197975253093	0.425196850393701	0.493813273340832	0.0258717660292463	0.0123734533183352
160	40	0.5	0	0.995	0.0251256281407035	0.495477386934673	0.496	0.371859296482412	0.136683417085427	0.491457286432161	0.424120603015075	0.42713567839196	0.495477386934673	0.0251256281407035	0.0190954773869347
320	40	0.5	0	1	0.026	0.496	0.496	0.381	0.08	0.488	0.411	0.416	0.496	0.026	0.018
20	80	0.5	0	0.374	0.018716577540107	0.144385026737968	0.479	0.0053475935828877	0.192513368983957	0.411764705882353	0.229946524064171	0.267379679144385	0.462566844919786	0.018716577540107	0
40	80	0.5	0	0.598	0.0217391304347826	0.311036789297659	0.469	0.0434782608695652	0.168896321070234	0.414715719063545	0.254180602006689	0.264214046822742	0.45819397993311	0.0217391304347826	0
80	80	0.5	0	0.889	0.0224971878515186	0.444319460067492	0.467	0.111361079865017	0.116985376827897	0.419572553430821	0.265466816647919	0.268841394825647	0.471316085489314	0.0224971878515186	0.00224971878515186
160	80	0.5	0	0.995	0.0201005025125628	0.465326633165829	0.467	0.160804020100503	0.0703517587939698	0.407035175879397	0.240201005025126	0.246231155778894	0.464321608040201	0.0201005025125628	0.00402010050251256
320	80	0.5	0	1	0.02	0.467	0.467	0.14	0.027	0.366	0.189	0.194	0.467	0.02	0.004
20	160	0.5	0	0.374	0.0320855614973262	0.122994652406417	0.48	0	0.125668449197861	0.331550802139037	0.141711229946524	0.149732620320856	0.467914438502674	0.00267379679144385	0
40	160	0.5	0	0.598	0.0250836120401338	0.195652173913043	0.488	0.00167224080267559	0.107023411371237	0.359531772575251	0.17056856187291	0.18561872909699	0.483277591973244	0.0250836120401338	0
80	160	0.5	0	0.889	0.0236220472440945	0.38132733408324	0.488	0.0247469066366704	0.0843644544431946	0.349831271091114	0.155230596175478	0.158605174353206	0.469066366704162	0.0236220472440945	0.00112485939257593
160	160	0.5	0	0.995	0.0261306532663317	0.485427135678392	0.488	0.0381909547738693	0.0381909547738693	0.282412060301508	0.105527638190955	0.107537688442211	0.465326633165829	0.0261306532663317	0
320	160	0.5	0	1	0.026	0.488	0.488	0.019	0.007	0.174	0.044	0.045	0.43	0.026	0
20	320	0.5	0	0.374	0.0240641711229947	0.072192513368984	0.511	0	0.0989304812834225	0.283422459893048	0.0962566844919786	0.114973262032086	0.489304812834225	0	0
40	320	0.5	0	0.598	0.0317725752508361	0.132107023411371	0.517	0	0.0752508361204013	0.301003344481605	0.100334448160535	0.11371237458194	0.489966555183946	0.00668896321070234	0
80	320	0.5	0	0.889	0.0258717660292463	0.318335208098988	0.517	0.00112485939257593	0.0539932508436445	0.244094488188976	0.0821147356580427	0.0866141732283465	0.479190101237345	0.0258717660292463	0
160	320	0.5	0	0.995	0.0251256281407035	0.499497487437186	0.517	0.00402010050251256	0.0160804020100503	0.161809045226131	0.0412060301507538	0.0422110552763819	0.420100502512563	0.0251256281407035	0
320	320	0.5	0	1	0.025	0.517	0.517	0.001	0.001	0.045	0.005	0.005	0.258	0.025	0
20	20	0.8	0	0.688	0.0188953488372093	0.444767441860465	0.529	0.168604651162791	0.20203488372093	0.51453488372093	0.36046511627907	0.401162790697674	0.537790697674419	0.0188953488372093	0.00581395348837209
40	20	0.8	0	0.948	0.0232067510548523	0.518987341772152	0.527	0.274261603375527	0.165611814345992	0.507383966244726	0.377637130801688	0.410337552742616	0.528481012658228	0.0232067510548523	0.0158227848101266
80	20	0.8	0	0.997	0.0230692076228686	0.527582748244734	0.527	0.309929789368104	0.0882647943831495	0.513540621865597	0.388164493480441	0.412236710130391	0.527582748244734	0.0230692076228686	0.0150451354062187
160	20	0.8	0	1	0.023	0.527	0.527	0.313	0.045	0.501	0.349	0.376	0.527	0.023	0.01
320	20	0.8	0	1	0.023	0.527	0.527	0.307	0.024	0.474	0.329	0.356	0.527	0.023	0.01
20	40	0.8	0	0.688	0.0203488372093023	0.303779069767442	0.49	0.0334302325581395	0.140988372093023	0.405523255813953	0.222383720930233	0.261627906976744	0.475290697674419	0.0203488372093023	0.00145348837209302
40	40	0.8	0	0.948	0.0274261603375527	0.456751054852321	0.496	0.112869198312236	0.119198312236287	0.417721518987342	0.244725738396624	0.264767932489451	0.488396624472574	0.0274261603375527	0.00210970464135021
80	40	0.8	0	0.997	0.0260782347041123	0.497492477432297	0.496	0.0942828485456369	0.0421263791374122	0.374122367101304	0.171514543630893	0.187562688064193	0.493480441323972	0.0260782347041123	0.00200601805416249
160	40	0.8	0	1	0.026	0.496	0.496	0.074	0.013	0.29	0.118	0.135	0.492	0.026	0.001
320	40	0.8	0	1	0.026	0.496	0.496	0.063	0.004	0.207	0.08	0.09	0.496	0.026	0.001
20	80	0.8	0	0.688	0.0130813953488372	0.175872093023256	0.465	0.00145348837209302	0.0828488372093023	0.306686046511628	0.117732558139535	0.143895348837209	0.446220930232558	0.0130813953488372	0
40	80	0.8	0	0.948	0.020042194092827	0.385021097046414	0.467	0.0210970464135021	0.0643459915611814	0.300632911392405	0.125527426160338	0.137130801687764	0.440928270042194	0.020042194092827	0.00105485232067511
80	80	0.8	0	0.997	0.0200601805416249	0.464393179538616	0.467	0.0240722166499498	0.0240722166499498	0.195586760280843	0.0591775325977934	0.0651955867602808	0.417251755265797	0.0200601805416249	0.00100300902708124
160	80	0.8	0	1	0.02	0.467	0.467	0.006	0.001	0.075	0.014	0.015	0.355	0.02	0
320	80	0.8	0	1	0.02	0.467	0.467	0.002	0.001	0.038	0.005	0.006	0.274	0.02	0
20	160	0.8	0	0.688	0.0319767441860465	0.126453488372093	0.49	0	0.0770348837209302	0.257267441860465	0.0828488372093023	0.11046511627907	0.465116279069767	0.00436046511627907	0
40	160	0.8	0	0.948	0.0274261603375527	0.292194092827004	0.488	0.00105485232067511	0.0411392405063291	0.197257383966245	0.0622362869198312	0.069620253164557	0.435654008438819	0.0274261603375527	0
80	160	0.8	0	0.997	0.0260782347041123	0.479438314944835	0.488	0.00100300902708124	0.00902708124373119	0.082246740220662	0.0160481444332999	0.0170511534603811	0.319959879638917	0.0260782347041123	0
160	160	0.8	0	1	0.026	0.488	0.488	0	0	0.017	0.001	0.001	0.113	0.026	0
320	160	0.8	0	1	0.026	0.488	0.488	0	0	0	0	0	0.037	0.026	0
20	320	0.8	0	0.688	0.0232558139534884	0.0784883720930233	0.515	0	0.0406976744186047	0.190406976744186	0.0377906976744186	0.059593023255814	0.48546511627907	0	0
40	320	0.8	0	0.948	0.0263713080168776	0.205696202531646	0.517	0	0.0242616033755274	0.133966244725738	0.0348101265822785	0.0453586497890295	0.419831223628692	0.00421940928270042	0
80	320	0.8	0	0.997	0.0250752256770311	0.472417251755266	0.517	0	0.00200601805416249	0.0310932798395186	0.00601805416248746	0.00601805416248746	0.210631895687061	0.0250752256770311	0
160	320	0.8	0	1	0.025	0.517	0.517	0	0	0	0	0	0.026	0.025	0
320	320	0.8	0	1	0.025	0.517	0.517	0	0	0	0	0	0.001	0.025	0
20	20	1	0	0.855	0.0187134502923977	0.457309941520468	0.528	0.123976608187135	0.147368421052632	0.472514619883041	0.291228070175439	0.336842105263158	0.512280701754386	0.0187134502923977	0.00701754385964912
40	20	1	0	0.989	0.0232558139534884	0.522750252780586	0.527	0.154701718907988	0.0738119312436805	0.469160768452983	0.247724974721941	0.288169868554095	0.524772497472194	0.0232558139534884	0.0070778564206269
80	20	1	0	1	0.023	0.527	0.527	0.151	0.031	0.396	0.207	0.233	0.527	0.023	0.003
160	20	1	0	1	0.023	0.527	0.527	0.138	0.012	0.337	0.168	0.186	0.527	0.023	0.004
320	20	1	0	1	0.023	0.527	0.527	0.132	0.006	0.268	0.143	0.163	0.527	0.023	0
20	40	1	0	0.855	0.0280701754385965	0.364912280701754	0.497	0.0198830409356725	0.095906432748538	0.376608187134503	0.155555555555556	0.184795321637427	0.478362573099415	0.0280701754385965	0
40	40	1	0	0.989	0.0252780586450961	0.494438827098079	0.496	0.0333670374115268	0.0364004044489383	0.31850353892821	0.0940343781597573	0.111223458038423	0.481294236602629	0.0252780586450961	0
80	40	1	0	1	0.026	0.496	0.496	0.029	0.011	0.193	0.056	0.06	0.452	0.026	0
160	40	1	0	1	0.026	0.496	0.496	0.015	0	0.095	0.028	0.031	0.434	0.026	0
320	40	1	0	1	0.026	0.496	0.496	0.012	0	0.056	0.016	0.018	0.4	0.026	0
20	80	1	0	0.855	0.0210526315789474	0.230409356725146	0.468	0.00350877192982456	0.0690058479532164	0.254970760233918	0.087719298245614	0.107602339181287	0.439766081871345	0.0210526315789474	0
40	80	1	0	0.989	0.0182002022244692	0.44994944388271	0.467	0.0070778564206269	0.0222446916076845	0.148634984833165	0.0364004044489383	0.0394337714863498	0.385237613751264	0.0182002022244692	0
80	80	1	0	1	0.02	0.467	0.467	0.003	0.003	0.055	0.012	0.015	0.253	0.02	0
160	80	1	0	1	0.02	0.467	0.467	0	0	0.011	0.001	0.002	0.123	0.02	0
320	80	1	0	1	0.02	0.467	0.467	0	0	0.002	0	0	0.05	0.02	0
20	160	1	0	0.855	0.0292397660818713	0.140350877192982	0.489	0	0.0409356725146199	0.188304093567251	0.0456140350877193	0.0584795321637427	0.43859649122807	0.00233918128654971	0
40	160	1	0	0.989	0.0262891809908999	0.38422649140546	0.488	0	0.00910010111223458	0.0637007077856421	0.0161779575328615	0.019211324570273	0.322548028311426	0.0262891809908999	0
80	160	1	0	1	0.026	0.488	0.488	0	0.001	0.013	0.001	0.001	0.111	0.026	0
160	160	1	0	1	0.026	0.488	0.488	0	0	0	0	0	0.008	0.026	0
320	160	1	0	1	0.026	0.488	0.488	0	0	0	0	0	0.001	0.026	0
20	320	1	0	0.855	0.0280701754385965	0.0982456140350877	0.518	0	0.0280701754385965	0.128654970760234	0.0269005847953216	0.0339181286549708	0.447953216374269	0	0
40	320	1	0	0.989	0.0252780586450961	0.273003033367037	0.517	0	0.00808897876643074	0.0455005055611729	0.0121334681496461	0.0151668351870576	0.274014155712841	0.00404448938321537	0
80	320	1	0	1	0.025	0.515	0.517	0	0	0.003	0.001	0.001	0.049	0.025	0
160	320	1	0	1	0.025	0.517	0.517	0	0	0	0	0	0.002	0.025	0
320	320	1	0	1	0.025	0.517	0.517	0	0	0	0	0	0	0.025	0
20	20	0	0.2	0.036	0.0277777777777778	0.444444444444444	0.518	0.361111111111111	0.388888888888889	0.472222222222222	0.472222222222222	0.472222222222222	0.472222222222222	0.0277777777777778	0.0277777777777778
40	20	0	0.2	0.047	0	0.404255319148936	0.503	0.531914893617021	0.446808510638298	0.531914893617021	0.531914893617021	0.531914893617021	0.531914893617021	NA	0.0425531914893617
80	20	0	0.2	0.05	0.02	0.36	0.488	0.4	0.34	0.4	0.4	0.4	0.4	0.02	0.14
160	20	0	0.2	0.047	0.0851063829787234	0.468085106382979	0.499	0.48936170212766	0.319148936170213	0.48936170212766	0.48936170212766	0.48936170212766	0.48936170212766	0.0851063829787234	0.297872340425532
320	20	0	0.2	0.041	0.0975609756097561	0.536585365853659	0.514	0.536585365853659	0.170731707317073	0.536585365853659	0.536585365853659	0.536585365853659	0.536585365853659	0.0975609756097561	0.414634146341463
20	40	0	0.2	0.036	0.111111111111111	0.333333333333333	0.505	0.166666666666667	0.361111111111111	0.527777777777778	0.472222222222222	0.472222222222222	0.527777777777778	0.111111111111111	0
40	40	0	0.2	0.047	0.0425531914893617	0.340425531914894	0.512	0.382978723404255	0.382978723404255	0.531914893617021	0.51063829787234	0.531914893617021	0.531914893617021	0.0425531914893617	0.0425531914893617
80	40	0	0.2	0.05	0.04	0.32	0.475	0.32	0.2	0.36	0.36	0.36	0.36	0.04	0.08
160	40	0	0.2	0.047	0.0425531914893617	0.425531914893617	0.476	0.468085106382979	0.382978723404255	0.468085106382979	0.468085106382979	0.468085106382979	0.468085106382979	0.0425531914893617	0.191489361702128
320	40	0	0.2	0.041	0.0731707317073171	0.560975609756098	0.497	0.560975609756098	0.268292682926829	0.560975609756098	0.560975609756098	0.560975609756098	0.560975609756098	0.0731707317073171	0.365853658536585
20	80	0	0.2	0.036	0.111111111111111	0.25	0.516	0.0555555555555556	0.333333333333333	0.472222222222222	0.388888888888889	0.444444444444444	0.472222222222222	0.111111111111111	0
40	80	0	0.2	0.047	0.148936170212766	0.404255319148936	0.493	0.276595744680851	0.48936170212766	0.48936170212766	0.48936170212766	0.48936170212766	0.51063829787234	0.148936170212766	0.0425531914893617
80	80	0	0.2	0.05	0.08	0.34	0.472	0.28	0.3	0.4	0.38	0.38	0.4	0.08	0.02
160	80	0	0.2	0.047	0.127659574468085	0.51063829787234	0.475	0.51063829787234	0.48936170212766	0.531914893617021	0.531914893617021	0.531914893617021	0.531914893617021	0.127659574468085	0.212765957446809
320	80	0	0.2	0.041	0.121951219512195	0.658536585365854	0.514	0.658536585365854	0.560975609756098	0.658536585365854	0.658536585365854	0.658536585365854	0.658536585365854	0.121951219512195	0.390243902439024
20	160	0	0.2	0.036	0.277777777777778	0.444444444444444	0.519	0	0.416666666666667	0.611111111111111	0.416666666666667	0.472222222222222	0.638888888888889	0.0833333333333333	0
40	160	0	0.2	0.047	0.276595744680851	0.446808510638298	0.496	0.170212765957447	0.48936170212766	0.553191489361702	0.48936170212766	0.531914893617021	0.553191489361702	0.276595744680851	0
80	160	0	0.2	0.05	0.16	0.34	0.469	0.24	0.3	0.36	0.34	0.34	0.38	0.16	0.02
160	160	0	0.2	0.047	0.319148936170213	0.51063829787234	0.478	0.51063829787234	0.51063829787234	0.553191489361702	0.553191489361702	0.553191489361702	0.553191489361702	0.319148936170213	0.170212765957447
320	160	0	0.2	0.041	0.219512195121951	0.585365853658537	0.513	0.560975609756098	0.48780487804878	0.585365853658537	0.585365853658537	0.585365853658537	0.585365853658537	0.219512195121951	0.341463414634146
20	320	0	0.2	0.036	0.555555555555556	0.611111111111111	0.53	0	0.444444444444444	0.638888888888889	0.444444444444444	0.472222222222222	0.638888888888889	0	0
40	320	0	0.2	0.047	0.319148936170213	0.48936170212766	0.497	0	0.48936170212766	0.531914893617021	0.48936170212766	0.48936170212766	0.553191489361702	0.212765957446809	0
80	320	0	0.2	0.05	0.3	0.36	0.47	0.14	0.38	0.4	0.4	0.4	0.4	0.3	0
160	320	0	0.2	0.047	0.340425531914894	0.48936170212766	0.493	0.425531914893617	0.531914893617021	0.553191489361702	0.553191489361702	0.553191489361702	0.553191489361702	0.340425531914894	0.106382978723404
320	320	0	0.2	0.041	0.390243902439024	0.609756097560976	0.516	0.51219512195122	0.51219512195122	0.634146341463415	0.634146341463415	0.634146341463415	0.634146341463415	0.390243902439024	0.341463414634146
20	20	0.2	0.2	0.097	0.0824742268041237	0.515463917525773	0.626	0.525773195876289	0.56701030927835	0.701030927835051	0.680412371134021	0.690721649484536	0.701030927835051	0.0824742268041237	0.0309278350515464
40	20	0.2	0.2	0.127	0.0708661417322835	0.598425196850394	0.641	0.637795275590551	0.543307086614173	0.645669291338583	0.645669291338583	0.645669291338583	0.645669291338583	0.0708661417322835	0.110236220472441
80	20	0.2	0.2	0.249	0.104417670682731	0.710843373493976	0.688	0.72289156626506	0.534136546184739	0.730923694779116	0.730923694779116	0.730923694779116	0.730923694779116	0.104417670682731	0.253012048192771
160	20	0.2	0.2	0.449	0.0913140311804009	0.712694877505568	0.717	0.708240534521158	0.452115812917595	0.717149220489978	0.710467706013363	0.708240534521158	0.717149220489978	0.0913140311804009	0.371937639198218
320	20	0.2	0.2	0.697	0.0903873744619799	0.740315638450502	0.73	0.72883787661406	0.373027259684362	0.738880918220947	0.733142037302726	0.727403156384505	0.741750358680057	0.0903873744619799	0.460545193687231
20	40	0.2	0.2	0.097	0.103092783505155	0.505154639175258	0.637	0.268041237113402	0.587628865979381	0.804123711340206	0.77319587628866	0.77319587628866	0.804123711340206	0.103092783505155	0.0309278350515464
40	40	0.2	0.2	0.127	0.125984251968504	0.677165354330709	0.7	0.559055118110236	0.574803149606299	0.795275590551181	0.755905511811024	0.779527559055118	0.795275590551181	0.125984251968504	0.078740157480315
80	40	0.2	0.2	0.249	0.112449799196787	0.779116465863454	0.763	0.815261044176707	0.686746987951807	0.839357429718876	0.835341365461847	0.835341365461847	0.839357429718876	0.112449799196787	0.184738955823293
160	40	0.2	0.2	0.449	0.102449888641425	0.815144766146993	0.818	0.824053452115813	0.654788418708241	0.835189309576837	0.832962138084632	0.826280623608018	0.835189309576837	0.102449888641425	0.32293986636971
320	40	0.2	0.2	0.697	0.12051649928264	0.817790530846485	0.821	0.802008608321377	0.461979913916786	0.81635581061693	0.806312769010043	0.804878048780488	0.817790530846485	0.12051649928264	0.426111908177905
20	80	0.2	0.2	0.097	0.278350515463918	0.587628865979381	0.68	0.0618556701030928	0.618556701030928	0.835051546391753	0.680412371134021	0.721649484536082	0.855670103092783	0.278350515463918	0
40	80	0.2	0.2	0.127	0.251968503937008	0.771653543307087	0.765	0.440944881889764	0.755905511811024	0.921259842519685	0.850393700787402	0.858267716535433	0.921259842519685	0.251968503937008	0.015748031496063
80	80	0.2	0.2	0.249	0.265060240963855	0.803212851405622	0.816	0.751004016064257	0.763052208835341	0.899598393574297	0.8714859437751	0.8714859437751	0.899598393574297	0.265060240963855	0.1285140562249
160	80	0.2	0.2	0.449	0.247216035634744	0.870824053452116	0.873	0.848552338530067	0.723830734966592	0.888641425389755	0.884187082405345	0.884187082405345	0.888641425389755	0.247216035634744	0.287305122494432
320	80	0.2	0.2	0.697	0.258249641319943	0.895265423242468	0.896	0.880918220946915	0.624103299856528	0.901004304160689	0.886657101865136	0.888091822094692	0.902439024390244	0.258249641319943	0.426111908177905
20	160	0.2	0.2	0.097	0.402061855670103	0.56701030927835	0.725	0	0.628865979381443	0.88659793814433	0.639175257731959	0.721649484536082	0.927835051546392	0.154639175257732	0
40	160	0.2	0.2	0.127	0.456692913385827	0.740157480314961	0.81	0.141732283464567	0.692913385826772	0.937007874015748	0.78740157480315	0.78740157480315	0.952755905511811	0.456692913385827	0
80	160	0.2	0.2	0.249	0.485943775100402	0.899598393574297	0.879	0.594377510040161	0.803212851405622	0.967871485943775	0.927710843373494	0.927710843373494	0.971887550200803	0.485943775100402	0.0682730923694779
160	160	0.2	0.2	0.449	0.405345211581292	0.942093541202673	0.95	0.792873051224944	0.797327394209354	0.982182628062361	0.935412026726058	0.937639198218263	0.982182628062361	0.405345211581292	0.187082405345212
320	160	0.2	0.2	0.697	0.469153515064562	0.972740315638451	0.969	0.912482065997131	0.767575322812052	0.978479196556671	0.959827833572453	0.959827833572453	0.978479196556671	0.469153515064562	0.410329985652798
20	320	0.2	0.2	0.097	0.505154639175258	0.711340206185567	0.736	0	0.639175257731959	0.896907216494845	0.618556701030928	0.680412371134021	0.958762886597938	0.0103092783505155	0
40	320	0.2	0.2	0.127	0.622047244094488	0.874015748031496	0.823	0.015748031496063	0.748031496062992	0.952755905511811	0.755905511811024	0.78740157480315	0.976377952755906	0.307086614173228	0
80	320	0.2	0.2	0.249	0.710843373493976	0.939759036144578	0.896	0.313253012048193	0.831325301204819	0.971887550200803	0.887550200803213	0.895582329317269	0.991967871485944	0.710843373493976	0.0120481927710843
160	320	0.2	0.2	0.449	0.690423162583519	0.973273942093541	0.969	0.728285077951002	0.879732739420935	0.997772828507795	0.942093541202673	0.946547884187082	1	0.690423162583519	0.140311804008909
320	320	0.2	0.2	0.697	0.688665710186514	0.995695839311334	0.99	0.865136298421808	0.866571018651363	0.992826398852224	0.959827833572453	0.959827833572453	0.997130559540889	0.688665710186514	0.328550932568149
20	20	0.5	0.2	0.374	0.101604278074866	0.582887700534759	0.699	0.46524064171123	0.494652406417112	0.70855614973262	0.620320855614973	0.644385026737968	0.716577540106952	0.101604278074866	0.0374331550802139
40	20	0.5	0.2	0.598	0.103678929765886	0.678929765886288	0.727	0.647157190635452	0.491638795986622	0.734113712374582	0.705685618729097	0.714046822742475	0.735785953177257	0.103678929765886	0.108695652173913
80	20	0.5	0.2	0.889	0.0899887514060742	0.728908886389201	0.733	0.698537682789651	0.434195725534308	0.733408323959505	0.718785151856018	0.719910011248594	0.733408323959505	0.0899887514060742	0.164229471316085
160	20	0.5	0.2	0.995	0.0934673366834171	0.732663316582915	0.733	0.727638190954774	0.330653266331658	0.733668341708543	0.728643216080402	0.730653266331658	0.733668341708543	0.0934673366834171	0.182914572864322
320	20	0.5	0.2	1	0.093	0.733	0.733	0.727	0.245	0.733	0.73	0.73	0.733	0.093	0.184
20	40	0.5	0.2	0.374	0.10427807486631	0.564171122994652	0.78	0.195187165775401	0.467914438502674	0.799465240641711	0.593582887700535	0.617647058823529	0.820855614973262	0.10427807486631	0.0053475935828877
40	40	0.5	0.2	0.598	0.115384615384615	0.765886287625418	0.82	0.479933110367893	0.494983277591973	0.824414715719064	0.705685618729097	0.730769230769231	0.836120401337793	0.115384615384615	0.0418060200668896
80	40	0.5	0.2	0.889	0.12710911136108	0.820022497187851	0.826	0.638920134983127	0.462317210348706	0.816647919010124	0.730033745781777	0.74578177727784	0.830146231721035	0.12710911136108	0.0911136107986502
160	40	0.5	0.2	0.995	0.124623115577889	0.82713567839196	0.826	0.707537688442211	0.348743718592965	0.823115577889447	0.749748743718593	0.758793969849246	0.82713567839196	0.124623115577889	0.116582914572864
320	40	0.5	0.2	1	0.125	0.826	0.826	0.709	0.242	0.82	0.744	0.752	0.826	0.125	0.105
20	80	0.5	0.2	0.374	0.245989304812834	0.620320855614973	0.853	0.0614973262032086	0.516042780748663	0.82620320855615	0.580213903743315	0.614973262032086	0.898395721925134	0.245989304812834	0
40	80	0.5	0.2	0.598	0.249163879598662	0.792642140468227	0.891	0.279264214046823	0.526755852842809	0.87123745819398	0.675585284280936	0.709030100334448	0.909698996655518	0.249163879598662	0.0117056856187291
80	80	0.5	0.2	0.889	0.25421822272216	0.880764904386952	0.899	0.464566929133858	0.469066366704162	0.860517435320585	0.670416197975253	0.678290213723285	0.899887514060742	0.25421822272216	0.046119235095613
160	80	0.5	0.2	0.995	0.250251256281407	0.898492462311558	0.899	0.530653266331658	0.369849246231156	0.853266331658291	0.67035175879397	0.678391959798995	0.898492462311558	0.250251256281407	0.0542713567839196
320	80	0.5	0.2	1	0.249	0.899	0.899	0.543	0.227	0.819	0.62	0.625	0.899	0.249	0.049
20	160	0.5	0.2	0.374	0.46524064171123	0.724598930481283	0.924	0.0106951871657754	0.521390374331551	0.823529411764706	0.542780748663102	0.612299465240642	0.96524064171123	0.179144385026738	0
40	160	0.5	0.2	0.598	0.463210702341137	0.824414715719064	0.964	0.102006688963211	0.510033444816054	0.874581939799331	0.612040133779264	0.642140468227425	0.971571906354515	0.463210702341137	0
80	160	0.5	0.2	0.889	0.457817772778403	0.9392575928009	0.974	0.255343082114736	0.469066366704162	0.852643419572553	0.626546681664792	0.636670416197975	0.96400449943757	0.457817772778403	0.0168728908886389
160	160	0.5	0.2	0.995	0.450251256281407	0.97286432160804	0.974	0.310552763819095	0.319597989949749	0.822110552763819	0.531658291457286	0.54070351758794	0.964824120603015	0.450251256281407	0.0281407035175879
320	160	0.5	0.2	1	0.449	0.974	0.974	0.287	0.153	0.713	0.433	0.438	0.944	0.449	0.018
20	320	0.5	0.2	0.374	0.687165775401069	0.863636363636364	0.941	0	0.518716577540107	0.786096256684492	0.508021390374332	0.550802139037433	0.986631016042781	0.0133689839572193	0
40	320	0.5	0.2	0.598	0.724080267558528	0.923076923076923	0.983	0.0133779264214047	0.526755852842809	0.831103678929766	0.570234113712375	0.593645484949833	0.983277591973244	0.453177257525084	0
80	320	0.5	0.2	0.889	0.691788526434196	0.965129358830146	0.995	0.104611923509561	0.446569178852643	0.80652418447694	0.534308211473566	0.550056242969629	0.977502812148481	0.691788526434196	0.00562429696287964
160	320	0.5	0.2	0.995	0.696482412060301	0.994974874371859	0.995	0.153768844221106	0.279396984924623	0.714572864321608	0.397989949748744	0.410050251256281	0.961809045226131	0.696482412060301	0.0100502512562814
320	320	0.5	0.2	1	0.697	0.995	0.995	0.097	0.101	0.541	0.246	0.253	0.898	0.697	0.001
20	20	0.8	0.2	0.688	0.0973837209302326	0.640988372093023	0.727	0.36046511627907	0.409883720930233	0.719476744186046	0.568313953488372	0.604651162790698	0.738372093023256	0.0973837209302326	0.0218023255813953
40	20	0.8	0.2	0.948	0.0917721518987342	0.721518987341772	0.733	0.473628691983122	0.325949367088608	0.717299578059072	0.595991561181435	0.621308016877637	0.732067510548523	0.0917721518987342	0.0474683544303797
80	20	0.8	0.2	0.997	0.0932798395185557	0.732196589769308	0.733	0.505516549648947	0.226680040120361	0.714142427281846	0.561685055165496	0.589769307923771	0.733199598796389	0.0932798395185557	0.0541624874623872
160	20	0.8	0.2	1	0.093	0.733	0.733	0.515	0.121	0.698	0.555	0.575	0.733	0.093	0.045
320	20	0.8	0.2	1	0.093	0.733	0.733	0.522	0.091	0.693	0.543	0.569	0.733	0.093	0.045
20	40	0.8	0.2	0.688	0.122093023255814	0.645348837209302	0.824	0.152616279069767	0.367732558139535	0.751453488372093	0.489825581395349	0.539244186046512	0.822674418604651	0.122093023255814	0.00290697674418605
40	40	0.8	0.2	0.948	0.128691983122363	0.804852320675105	0.826	0.290084388185654	0.30168776371308	0.734177215189873	0.484177215189873	0.514767932489452	0.820675105485232	0.128691983122363	0.0210970464135021
80	40	0.8	0.2	0.997	0.125376128385155	0.824473420260782	0.826	0.281845536609829	0.157472417251755	0.685055165496489	0.420260782347041	0.455366098294885	0.823470411233701	0.125376128385155	0.00702106318956871
160	40	0.8	0.2	1	0.125	0.826	0.826	0.262	0.059	0.588	0.331	0.347	0.822	0.125	0.008
320	40	0.8	0.2	1	0.125	0.826	0.826	0.259	0.037	0.497	0.289	0.31	0.826	0.125	0.003
20	80	0.8	0.2	0.688	0.26453488372093	0.664244186046512	0.893	0.0348837209302326	0.375	0.734011627906977	0.430232558139535	0.497093023255814	0.895348837209302	0.26453488372093	0
40	80	0.8	0.2	0.948	0.251054852320675	0.858649789029536	0.899	0.123417721518987	0.259493670886076	0.689873417721519	0.376582278481013	0.40506329113924	0.887130801687764	0.251054852320675	0.00632911392405063
80	80	0.8	0.2	0.997	0.24974924774323	0.895687061183551	0.899	0.103309929789368	0.108324974924774	0.570712136409228	0.252758274824473	0.276830491474423	0.855566700100301	0.24974924774323	0.00601805416248746
160	80	0.8	0.2	1	0.249	0.899	0.899	0.076	0.023	0.397	0.124	0.132	0.801	0.249	0
320	80	0.8	0.2	1	0.249	0.899	0.899	0.062	0.006	0.245	0.088	0.098	0.748	0.249	0
20	160	0.8	0.2	0.688	0.45203488372093	0.744186046511628	0.968	0.00145348837209302	0.347383720930233	0.6875	0.354651162790698	0.409883720930233	0.950581395348837	0.184593023255814	0
40	160	0.8	0.2	0.948	0.445147679324895	0.885021097046414	0.974	0.0327004219409283	0.246835443037975	0.613924050632911	0.308016877637131	0.330168776371308	0.925105485232067	0.445147679324895	0.00210970464135021
80	160	0.8	0.2	0.997	0.449348044132397	0.972918756268806	0.974	0.0320962888665998	0.0832497492477432	0.396188565697091	0.142427281845537	0.148445336008024	0.80641925777332	0.449348044132397	0
160	160	0.8	0.2	1	0.449	0.974	0.974	0.01	0.01	0.163	0.032	0.033	0.589	0.449	0
320	160	0.8	0.2	1	0.449	0.974	0.974	0.004	0.002	0.05	0.009	0.01	0.371	0.449	0
20	320	0.8	0.2	0.688	0.683139534883721	0.867732558139535	0.989	0	0.34156976744186	0.613372093023256	0.319767441860465	0.376453488372093	0.963662790697674	0.0145348837209302	0
40	320	0.8	0.2	0.948	0.70042194092827	0.943037974683544	0.995	0.00527426160337553	0.232067510548523	0.508438818565401	0.261603375527426	0.286919831223629	0.922995780590717	0.432489451476793	0
80	320	0.8	0.2	0.997	0.698094282848546	0.989969909729188	0.995	0.00401203610832497	0.0551654964894684	0.223671013039117	0.078234704112337	0.082246740220662	0.748244734202608	0.698094282848546	0
160	320	0.8	0.2	1	0.697	0.995	0.995	0	0.002	0.056	0.007	0.009	0.337	0.697	0
320	320	0.8	0.2	1	0.697	0.995	0.995	0	0	0.002	0	0	0.088	0.697	0
20	20	1	0.2	0.855	0.0947368421052632	0.686549707602339	0.732	0.259649122807018	0.286549707602339	0.690058479532164	0.461988304093567	0.516959064327485	0.736842105263158	0.0947368421052632	0.0187134502923977
40	20	1	0.2	0.989	0.0940343781597573	0.731041456016178	0.733	0.31850353892821	0.195146612740142	0.67644084934277	0.427704752275025	0.477249747219414	0.733063700707786	0.0940343781597573	0.0151668351870576
80	20	1	0.2	1	0.093	0.733	0.733	0.295	0.095	0.627	0.375	0.411	0.733	0.093	0.009
160	20	1	0.2	1	0.093	0.733	0.733	0.289	0.051	0.55	0.329	0.366	0.733	0.093	0.007
320	20	1	0.2	1	0.093	0.733	0.733	0.286	0.024	0.467	0.309	0.356	0.733	0.093	0.006
20	40	1	0.2	0.855	0.123976608187135	0.704093567251462	0.825	0.108771929824561	0.261988304093567	0.660818713450292	0.345029239766082	0.407017543859649	0.815204678362573	0.123976608187135	0.00116959064327485
40	40	1	0.2	0.989	0.124368048533873	0.817997977755308	0.826	0.124368048533873	0.136501516683519	0.584428715874621	0.249747219413549	0.281092012133468	0.799797775530839	0.124368048533873	0.00404448938321537
80	40	1	0.2	1	0.125	0.826	0.826	0.099	0.043	0.434	0.171	0.188	0.784	0.125	0.001
160	40	1	0.2	1	0.125	0.826	0.826	0.085	0.013	0.298	0.119	0.126	0.758	0.125	0
320	40	1	0.2	1	0.125	0.826	0.826	0.075	0.001	0.199	0.09	0.099	0.74	0.125	0
20	80	1	0.2	0.855	0.245614035087719	0.688888888888889	0.898	0.0222222222222222	0.23859649122807	0.633918128654971	0.280701754385965	0.326315789473684	0.857309941520468	0.245614035087719	0
40	80	1	0.2	0.989	0.248736097067745	0.887765419615773	0.899	0.0364004044489383	0.0920121334681496	0.44994944388271	0.157735085945399	0.179979777553084	0.801820020222447	0.248736097067745	0.00101112234580384
80	80	1	0.2	1	0.249	0.899	0.899	0.021	0.022	0.238	0.056	0.069	0.67	0.249	0
160	80	1	0.2	1	0.249	0.899	0.899	0.005	0.002	0.091	0.015	0.017	0.471	0.249	0
320	80	1	0.2	1	0.249	0.899	0.899	0.003	0	0.04	0.008	0.012	0.321	0.249	0
20	160	1	0.2	0.855	0.432748538011696	0.749707602339181	0.973	0.00116959064327485	0.209356725146199	0.526315789473684	0.214035087719298	0.252631578947368	0.909941520467836	0.15672514619883	0
40	160	1	0.2	0.989	0.448938321536906	0.928210313447927	0.974	0.0070778564206269	0.0687563195146613	0.307381193124368	0.0970677451971689	0.114256825075834	0.779575328614762	0.448938321536906	0.00101112234580384
80	160	1	0.2	1	0.449	0.974	0.974	0.001	0.008	0.097	0.017	0.018	0.448	0.449	0
160	160	1	0.2	1	0.449	0.974	0.974	0	0	0.022	0.002	0.003	0.147	0.449	0
320	160	1	0.2	1	0.449	0.974	0.974	0	0	0.001	0.001	0.001	0.042	0.449	0
20	320	1	0.2	0.855	0.699415204678363	0.894736842105263	0.994	0	0.221052631578947	0.429239766081871	0.212865497076023	0.24093567251462	0.911111111111111	0.016374269005848	0
40	320	1	0.2	0.989	0.69464105156724	0.961577350859454	0.995	0	0.0647118301314459	0.190091001011122	0.0758341759352882	0.0819009100101112	0.73407482305359	0.426693629929221	0
80	320	1	0.2	1	0.697	0.995	0.995	0	0.006	0.044	0.01	0.012	0.314	0.697	0
160	320	1	0.2	1	0.697	0.995	0.995	0	0	0.001	0	0	0.049	0.697	0
320	320	1	0.2	1	0.697	0.995	0.995	0	0	0	0	0	0.001	0.697	0
20	20	0	0.5	0.036	0.305555555555556	0.527777777777778	0.517	0.555555555555556	0.555555555555556	0.611111111111111	0.611111111111111	0.611111111111111	0.611111111111111	0.305555555555556	0.222222222222222
40	20	0	0.5	0.047	0.106382978723404	0.531914893617021	0.504	0.553191489361702	0.48936170212766	0.553191489361702	0.553191489361702	0.553191489361702	0.553191489361702	0.106382978723404	0.234042553191489
80	20	0	0.5	0.05	0.14	0.34	0.471	0.34	0.22	0.36	0.34	0.34	0.36	0.14	0.24
160	20	0	0.5	0.047	0.191489361702128	0.553191489361702	0.494	0.51063829787234	0.297872340425532	0.531914893617021	0.51063829787234	0.51063829787234	0.553191489361702	0.191489361702128	0.425531914893617
320	20	0	0.5	0.041	0.365853658536585	0.609756097560976	0.515	0.51219512195122	0.195121951219512	0.585365853658537	0.51219512195122	0.51219512195122	0.634146341463415	0.365853658536585	0.585365853658537
20	40	0	0.5	0.036	0.388888888888889	0.583333333333333	0.525	0.5	0.611111111111111	0.611111111111111	0.611111111111111	0.611111111111111	0.611111111111111	0.388888888888889	0.0277777777777778
40	40	0	0.5	0.047	0.361702127659574	0.553191489361702	0.496	0.553191489361702	0.553191489361702	0.574468085106383	0.574468085106383	0.553191489361702	0.574468085106383	0.361702127659574	0.25531914893617
80	40	0	0.5	0.05	0.26	0.38	0.463	0.4	0.34	0.4	0.4	0.4	0.4	0.26	0.26
160	40	0	0.5	0.047	0.361702127659574	0.531914893617021	0.49	0.404255319148936	0.212765957446809	0.51063829787234	0.446808510638298	0.446808510638298	0.531914893617021	0.361702127659574	0.48936170212766
320	40	0	0.5	0.041	0.341463414634146	0.585365853658537	0.511	0.439024390243902	0.170731707317073	0.51219512195122	0.463414634146341	0.439024390243902	0.585365853658537	0.341463414634146	0.51219512195122
20	80	0	0.5	0.036	0.583333333333333	0.638888888888889	0.527	0.388888888888889	0.638888888888889	0.638888888888889	0.638888888888889	0.638888888888889	0.638888888888889	0.583333333333333	0
40	80	0	0.5	0.047	0.531914893617021	0.553191489361702	0.496	0.51063829787234	0.531914893617021	0.553191489361702	0.553191489361702	0.553191489361702	0.553191489361702	0.531914893617021	0.25531914893617
80	80	0	0.5	0.05	0.36	0.4	0.467	0.36	0.36	0.4	0.4	0.4	0.4	0.36	0.26
160	80	0	0.5	0.047	0.48936170212766	0.553191489361702	0.488	0.468085106382979	0.297872340425532	0.531914893617021	0.51063829787234	0.51063829787234	0.553191489361702	0.48936170212766	0.51063829787234
320	80	0	0.5	0.041	0.48780487804878	0.609756097560976	0.517	0.268292682926829	0.146341463414634	0.463414634146341	0.317073170731707	0.317073170731707	0.585365853658537	0.48780487804878	0.560975609756098
20	160	0	0.5	0.036	0.611111111111111	0.638888888888889	0.527	0.166666666666667	0.638888888888889	0.638888888888889	0.638888888888889	0.638888888888889	0.638888888888889	0.583333333333333	0.0277777777777778
40	160	0	0.5	0.047	0.553191489361702	0.553191489361702	0.496	0.51063829787234	0.553191489361702	0.553191489361702	0.553191489361702	0.553191489361702	0.553191489361702	0.553191489361702	0.297872340425532
80	160	0	0.5	0.05	0.4	0.4	0.467	0.28	0.36	0.4	0.4	0.4	0.4	0.4	0.36
160	160	0	0.5	0.047	0.553191489361702	0.553191489361702	0.488	0.340425531914894	0.340425531914894	0.531914893617021	0.404255319148936	0.404255319148936	0.553191489361702	0.553191489361702	0.531914893617021
320	160	0	0.5	0.041	0.609756097560976	0.609756097560976	0.517	0.121951219512195	0	0.390243902439024	0.170731707317073	0.170731707317073	0.585365853658537	0.609756097560976	0.609756097560976
20	320	0	0.5	0.036	0.638888888888889	0.638888888888889	0.527	0.111111111111111	0.638888888888889	0.638888888888889	0.638888888888889	0.638888888888889	0.638888888888889	0.555555555555556	0
40	320	0	0.5	0.047	0.553191489361702	0.553191489361702	0.496	0.468085106382979	0.553191489361702	0.553191489361702	0.553191489361702	0.553191489361702	0.553191489361702	0.553191489361702	0.234042553191489
80	320	0	0.5	0.05	0.4	0.4	0.467	0.22	0.4	0.4	0.4	0.4	0.4	0.4	0.36
160	320	0	0.5	0.047	0.553191489361702	0.553191489361702	0.488	0.106382978723404	0.297872340425532	0.531914893617021	0.425531914893617	0.404255319148936	0.553191489361702	0.553191489361702	0.553191489361702
320	320	0	0.5	0.041	0.609756097560976	0.609756097560976	0.517	0	0	0.170731707317073	0.0487804878048781	0.0487804878048781	0.536585365853659	0.609756097560976	0.609756097560976
20	20	0.2	0.5	0.097	0.402061855670103	0.835051546391753	0.703	0.845360824742268	0.865979381443299	0.927835051546392	0.907216494845361	0.917525773195876	0.927835051546392	0.402061855670103	0.278350515463918
40	20	0.2	0.5	0.127	0.393700787401575	0.905511811023622	0.802	0.913385826771654	0.818897637795276	0.937007874015748	0.929133858267717	0.921259842519685	0.937007874015748	0.393700787401575	0.503937007874016
80	20	0.2	0.5	0.249	0.373493975903614	0.939759036144578	0.863	0.903614457831325	0.614457831325301	0.939759036144578	0.923694779116466	0.907630522088353	0.943775100401606	0.373493975903614	0.630522088353414
160	20	0.2	0.5	0.449	0.34075723830735	0.937639198218263	0.922	0.839643652561247	0.396436525612472	0.908685968819599	0.859688195991091	0.839643652561247	0.937639198218263	0.34075723830735	0.750556792873051
320	20	0.2	0.5	0.697	0.375896700143472	0.935437589670014	0.941	0.787661406025825	0.253945480631277	0.87661406025825	0.804878048780488	0.774748923959828	0.932568149210904	0.375896700143472	0.813486370157819
20	40	0.2	0.5	0.097	0.577319587628866	0.865979381443299	0.723	0.690721649484536	0.876288659793814	0.938144329896907	0.896907216494845	0.907216494845361	0.938144329896907	0.577319587628866	0.0824742268041237
40	40	0.2	0.5	0.127	0.598425196850394	0.94488188976378	0.818	0.929133858267717	0.929133858267717	0.968503937007874	0.968503937007874	0.968503937007874	0.968503937007874	0.598425196850394	0.401574803149606
80	40	0.2	0.5	0.249	0.622489959839357	0.987951807228916	0.891	0.911646586345382	0.72289156626506	0.991967871485944	0.959839357429719	0.959839357429719	0.991967871485944	0.622489959839357	0.694779116465863
160	40	0.2	0.5	0.449	0.594654788418708	0.986636971046771	0.962	0.837416481069042	0.496659242761693	0.959910913140312	0.884187082405345	0.873051224944321	0.988864142538975	0.594654788418708	0.815144766146993
320	40	0.2	0.5	0.697	0.586800573888092	0.984218077474892	0.983	0.763271162123386	0.312769010043042	0.90961262553802	0.807747489239598	0.781922525107604	0.979913916786227	0.586800573888092	0.870875179340029
20	80	0.2	0.5	0.097	0.824742268041237	0.948453608247423	0.733	0.577319587628866	0.927835051546392	0.958762886597938	0.948453608247423	0.958762886597938	0.958762886597938	0.824742268041237	0.0721649484536082
40	80	0.2	0.5	0.127	0.866141732283465	0.984251968503937	0.826	0.913385826771654	0.968503937007874	0.984251968503937	0.984251968503937	0.984251968503937	0.984251968503937	0.866141732283465	0.346456692913386
80	80	0.2	0.5	0.249	0.8714859437751	1	0.899	0.899598393574297	0.895582329317269	1	0.991967871485944	0.987951807228916	1	0.8714859437751	0.710843373493976
160	80	0.2	0.5	0.449	0.89977728285078	1	0.974	0.721603563474387	0.483296213808463	0.964365256124722	0.859688195991091	0.853006681514477	1	0.89977728285078	0.873051224944321
320	80	0.2	0.5	0.697	0.889526542324247	1	0.995	0.571018651362984	0.222381635581062	0.878048780487805	0.651362984218077	0.63558106169297	0.992826398852224	0.889526542324247	0.929698708751793
20	160	0.2	0.5	0.097	0.948453608247423	0.958762886597938	0.733	0.381443298969072	0.938144329896907	0.958762886597938	0.938144329896907	0.958762886597938	0.958762886597938	0.927835051546392	0.0412371134020619
40	160	0.2	0.5	0.127	0.984251968503937	0.984251968503937	0.826	0.795275590551181	0.984251968503937	0.984251968503937	0.984251968503937	0.984251968503937	0.984251968503937	0.984251968503937	0.322834645669291
80	160	0.2	0.5	0.249	0.995983935742972	1	0.899	0.831325301204819	0.959839357429719	1	0.991967871485944	0.983935742971888	1	0.995983935742972	0.771084337349398
160	160	0.2	0.5	0.449	0.99554565701559	1	0.974	0.579064587973274	0.567928730512249	0.982182628062361	0.819599109131403	0.815144766146993	1	0.99554565701559	0.935412026726058
320	160	0.2	0.5	0.697	0.997130559540889	1	0.995	0.375896700143472	0.193687230989957	0.842180774748924	0.556671449067432	0.54232424677188	0.988522238163558	0.997130559540889	0.978479196556671
20	320	0.2	0.5	0.097	0.958762886597938	0.958762886597938	0.733	0.175257731958763	0.958762886597938	0.958762886597938	0.958762886597938	0.958762886597938	0.958762886597938	0.948453608247423	0.0103092783505155
40	320	0.2	0.5	0.127	0.984251968503937	0.984251968503937	0.826	0.740157480314961	0.984251968503937	0.984251968503937	0.984251968503937	0.984251968503937	0.984251968503937	0.984251968503937	0.244094488188976
80	320	0.2	0.5	0.249	1	1	0.899	0.686746987951807	0.983935742971888	1	0.991967871485944	0.991967871485944	1	1	0.78714859437751
160	320	0.2	0.5	0.449	1	1	0.974	0.314031180400891	0.583518930957684	0.955456570155902	0.755011135857461	0.743875278396437	1	1	0.955456570155902
320	320	0.2	0.5	0.697	1	1	0.995	0.131994261119082	0.130559540889527	0.715925394548063	0.344332855093257	0.338593974175036	0.975609756097561	1	0.995695839311334
20	20	0.5	0.5	0.374	0.398395721925134	0.887700534759358	0.9	0.74331550802139	0.770053475935829	0.943850267379679	0.882352941176471	0.898395721925134	0.946524064171123	0.398395721925134	0.200534759358289
40	20	0.5	0.5	0.598	0.384615384615385	0.929765886287625	0.938	0.896321070234114	0.75752508361204	0.941471571906355	0.92809364548495	0.92809364548495	0.94314381270903	0.384615384615385	0.364548494983278
80	20	0.5	0.5	0.889	0.372328458942632	0.943757030371204	0.946	0.895388076490439	0.608548931383577	0.941507311586052	0.913385826771654	0.907761529808774	0.94488188976378	0.372328458942632	0.494938132733408
160	20	0.5	0.5	0.995	0.373869346733668	0.94572864321608	0.946	0.905527638190955	0.485427135678392	0.938693467336683	0.915577889447236	0.905527638190955	0.94572864321608	0.373869346733668	0.532663316582915
320	20	0.5	0.5	1	0.374	0.946	0.946	0.914	0.372	0.935	0.914	0.91	0.946	0.374	0.53
20	40	0.5	0.5	0.374	0.601604278074866	0.935828877005348	0.936	0.628342245989305	0.82620320855615	0.983957219251337	0.887700534759358	0.909090909090909	0.991978609625668	0.601604278074866	0.10427807486631
40	40	0.5	0.5	0.598	0.610367892976589	0.979933110367893	0.976	0.866220735785953	0.872909698996655	0.989966555183946	0.968227424749164	0.973244147157191	0.991638795986622	0.610367892976589	0.31438127090301
80	40	0.5	0.5	0.889	0.596175478065242	0.985376827896513	0.988	0.90326209223847	0.77615298087739	0.985376827896513	0.955005624296963	0.961754780652418	0.987626546681665	0.596175478065242	0.452193475815523
160	40	0.5	0.5	0.995	0.597989949748744	0.987939698492462	0.988	0.923618090452261	0.624120603015075	0.980904522613065	0.946733668341709	0.942713567839196	0.987939698492462	0.597989949748744	0.521608040201005
320	40	0.5	0.5	1	0.598	0.988	0.988	0.93	0.468	0.983	0.95	0.948	0.988	0.598	0.517
20	80	0.5	0.5	0.374	0.898395721925134	0.978609625668449	0.946	0.470588235294118	0.86096256684492	0.978609625668449	0.887700534759358	0.927807486631016	1	0.898395721925134	0.0320855614973262
40	80	0.5	0.5	0.598	0.872909698996655	0.998327759197324	0.988	0.755852842809365	0.911371237458194	0.996655518394649	0.956521739130435	0.964882943143813	1	0.872909698996655	0.229096989966555
80	80	0.5	0.5	0.889	0.892013498312711	1	1	0.870641169853768	0.870641169853768	0.99437570303712	0.959505061867267	0.962879640044994	1	0.892013498312711	0.46119235095613
160	80	0.5	0.5	0.995	0.890452261306533	1	1	0.891457286432161	0.748743718592965	0.994974874371859	0.95678391959799	0.954773869346734	1	0.890452261306533	0.517587939698492
320	80	0.5	0.5	1	0.889	1	1	0.918	0.623	0.992	0.939	0.939	1	0.889	0.532
20	160	0.5	0.5	0.374	0.989304812834225	1	0.946	0.232620320855615	0.877005347593583	0.978609625668449	0.874331550802139	0.906417112299465	1	0.967914438502674	0.0133689839572193
40	160	0.5	0.5	0.598	0.996655518394649	1	0.988	0.648829431438127	0.941471571906355	0.989966555183946	0.961538461538462	0.971571906354515	0.998327759197324	0.996655518394649	0.197324414715719
80	160	0.5	0.5	0.889	0.99437570303712	1	1	0.813273340832396	0.932508436445444	0.995500562429696	0.96400449943757	0.96400449943757	1	0.99437570303712	0.40607424071991
160	160	0.5	0.5	0.995	0.994974874371859	1	1	0.834170854271357	0.830150753768844	0.995979899497487	0.953768844221106	0.952763819095477	1	0.994974874371859	0.496482412060302
320	160	0.5	0.5	1	0.995	1	1	0.903	0.749	0.998	0.955	0.953	1	0.995	0.5
20	320	0.5	0.5	0.374	1	1	0.946	0.120320855614973	0.911764705882353	0.96524064171123	0.890374331550802	0.922459893048128	1	0.959893048128342	0.00267379679144385
40	320	0.5	0.5	0.598	1	1	0.988	0.543478260869565	0.941471571906355	0.989966555183946	0.944816053511706	0.953177257525084	1	1	0.172240802675585
80	320	0.5	0.5	0.889	1	1	1	0.680539932508436	0.942632170978628	0.991001124859393	0.968503937007874	0.976377952755906	1	1	0.403824521934758
160	320	0.5	0.5	0.995	1	1	1	0.75678391959799	0.906532663316583	0.998994974874372	0.960804020100502	0.962814070351759	1	1	0.487437185929648
320	320	0.5	0.5	1	1	1	1	0.843	0.84	0.993	0.957	0.955	1	1	0.495
20	20	0.8	0.5	0.688	0.366279069767442	0.914244186046512	0.94	0.652616279069767	0.699127906976744	0.940406976744186	0.843023255813954	0.872093023255814	0.954941860465116	0.366279069767442	0.132267441860465
40	20	0.8	0.5	0.948	0.369198312236287	0.937763713080169	0.946	0.779535864978903	0.614978902953586	0.939873417721519	0.870253164556962	0.885021097046414	0.944092827004219	0.369198312236287	0.221518987341772
80	20	0.8	0.5	0.997	0.374122367101304	0.945837512537613	0.946	0.81444332998997	0.489468405215647	0.937813440320963	0.861584754262788	0.872617853560682	0.945837512537613	0.374122367101304	0.243731193580742
160	20	0.8	0.5	1	0.374	0.946	0.946	0.822	0.372	0.932	0.85	0.861	0.946	0.374	0.227
320	20	0.8	0.5	1	0.374	0.946	0.946	0.831	0.273	0.921	0.843	0.862	0.946	0.374	0.217
20	40	0.8	0.5	0.688	0.588662790697674	0.954941860465116	0.982	0.48546511627907	0.722383720930233	0.950581395348837	0.790697674418605	0.841569767441861	0.986918604651163	0.588662790697674	0.0683139534883721
40	40	0.8	0.5	0.948	0.600210970464135	0.984177215189873	0.988	0.645569620253165	0.667721518987342	0.955696202531646	0.823839662447257	0.842827004219409	0.986286919831224	0.600210970464135	0.175105485232068
80	40	0.8	0.5	0.997	0.59679037111334	0.987963891675025	0.988	0.692076228686058	0.535606820461384	0.939819458375125	0.797392176529589	0.824473420260782	0.987963891675025	0.59679037111334	0.163490471414243
160	40	0.8	0.5	1	0.598	0.988	0.988	0.722	0.369	0.932	0.779	0.808	0.988	0.598	0.121
320	40	0.8	0.5	1	0.598	0.988	0.988	0.731	0.263	0.911	0.771	0.786	0.987	0.598	0.122
20	80	0.8	0.5	0.688	0.895348837209302	0.992732558139535	0.994	0.309593023255814	0.779069767441861	0.947674418604651	0.808139534883721	0.840116279069767	1	0.895348837209302	0.0305232558139535
40	80	0.8	0.5	0.948	0.887130801687764	0.998945147679325	1	0.505274261603376	0.718354430379747	0.947257383966245	0.802742616033755	0.827004219409283	0.99789029535865	0.887130801687764	0.116033755274262
80	80	0.8	0.5	0.997	0.889669007021063	1	1	0.53259779338014	0.552657973921765	0.936810431293882	0.741223671013039	0.762286860581745	0.995987963891675	0.889669007021063	0.108324974924774
160	80	0.8	0.5	1	0.889	1	1	0.537	0.374	0.906	0.675	0.704	0.991	0.889	0.068
320	80	0.8	0.5	1	0.889	1	1	0.562	0.231	0.85	0.639	0.673	0.987	0.889	0.058
20	160	0.8	0.5	0.688	0.992732558139535	1	0.994	0.140988372093023	0.765988372093023	0.92296511627907	0.757267441860465	0.803779069767442	0.998546511627907	0.957848837209302	0.0101744186046512
40	160	0.8	0.5	0.948	0.994725738396624	1	1	0.34493670886076	0.720464135021097	0.925105485232067	0.756329113924051	0.781645569620253	0.9957805907173	0.994725738396624	0.0748945147679325
80	160	0.8	0.5	0.997	0.994984954864594	1	1	0.34704112337011	0.54864593781344	0.889669007021063	0.655967903711133	0.676028084252758	0.992978936810431	0.994984954864594	0.0641925777331996
160	160	0.8	0.5	1	0.995	1	1	0.301	0.307	0.825	0.522	0.543	0.983	0.995	0.03
320	160	0.8	0.5	1	0.995	1	1	0.285	0.165	0.718	0.412	0.424	0.967	0.995	0.012
20	320	0.8	0.5	0.688	1	1	0.994	0.061046511627907	0.780523255813954	0.898255813953488	0.765988372093023	0.803779069767442	0.997093023255814	0.959302325581395	0.00290697674418605
40	320	0.8	0.5	0.948	1	1	1	0.237341772151899	0.732067510548523	0.908227848101266	0.74789029535865	0.776371308016878	0.992616033755274	1	0.0632911392405063
80	320	0.8	0.5	0.997	1	1	1	0.207622868605817	0.551654964894684	0.835506519558676	0.603811434302909	0.624874623871615	0.987963891675025	1	0.0531594784353059
160	320	0.8	0.5	1	1	1	1	0.139	0.288	0.724	0.415	0.431	0.975	1	0.015
320	320	0.8	0.5	1	1	1	1	0.111	0.116	0.559	0.268	0.275	0.91	1	0.006
20	20	1	0.5	0.855	0.382456140350877	0.923976608187134	0.945	0.55672514619883	0.604678362573099	0.911111111111111	0.743859649122807	0.796491228070175	0.941520467836257	0.382456140350877	0.0865497076023392
40	20	1	0.5	0.989	0.376137512639029	0.944388270980789	0.946	0.625884732052578	0.47118301314459	0.906976744186046	0.752275025278059	0.779575328614762	0.945399393326593	0.376137512639029	0.131445904954499
80	20	1	0.5	1	0.374	0.946	0.946	0.655	0.322	0.901	0.725	0.763	0.946	0.374	0.103
160	20	1	0.5	1	0.374	0.946	0.946	0.664	0.221	0.859	0.701	0.73	0.946	0.374	0.1
320	20	1	0.5	1	0.374	0.946	0.946	0.67	0.16	0.816	0.697	0.721	0.946	0.374	0.092
20	40	1	0.5	0.855	0.59766081871345	0.964912280701754	0.987	0.341520467836257	0.608187134502924	0.92280701754386	0.685380116959064	0.746198830409357	0.980116959064327	0.59766081871345	0.0350877192982456
40	40	1	0.5	0.989	0.596562184024267	0.985844287158746	0.988	0.42366026289181	0.443882709807887	0.88675429726997	0.645096056622851	0.678463094034378	0.980788675429727	0.596562184024267	0.0586450960566229
80	40	1	0.5	1	0.598	0.988	0.988	0.432	0.262	0.829	0.571	0.597	0.976	0.598	0.035
160	40	1	0.5	1	0.598	0.988	0.988	0.416	0.145	0.762	0.492	0.52	0.969	0.598	0.027
320	40	1	0.5	1	0.598	0.988	0.988	0.42	0.09	0.671	0.459	0.489	0.975	0.598	0.024
20	80	1	0.5	0.855	0.883040935672515	0.994152046783626	0.999	0.188304093567251	0.64093567251462	0.88187134502924	0.663157894736842	0.72046783625731	0.991812865497076	0.883040935672515	0.0198830409356725
40	80	1	0.5	0.989	0.889787664307381	1	1	0.250758341759353	0.445904954499494	0.823053589484328	0.553083923154702	0.600606673407482	0.985844287158746	0.889787664307381	0.0313447927199191
80	80	1	0.5	1	0.889	1	1	0.231	0.247	0.742	0.409	0.443	0.961	0.889	0.015
160	80	1	0.5	1	0.889	1	1	0.192	0.099	0.603	0.308	0.336	0.928	0.889	0.007
320	80	1	0.5	1	0.889	1	1	0.178	0.035	0.465	0.23	0.248	0.9	0.889	0.008
20	160	1	0.5	0.855	0.995321637426901	1	0.999	0.087719298245614	0.616374269005848	0.842105263157895	0.609356725146199	0.667836257309942	0.982456140350877	0.96140350877193	0.00233918128654971
40	160	1	0.5	0.989	0.994944388270981	1	1	0.117290192113246	0.427704752275025	0.757330637007078	0.481294236602629	0.514661274014156	0.972699696663296	0.994944388270981	0.0232558139534884
80	160	1	0.5	1	0.995	1	1	0.086	0.184	0.591	0.264	0.29	0.918	0.995	0.008
160	160	1	0.5	1	0.995	1	1	0.041	0.046	0.377	0.123	0.13	0.794	0.995	0.002
320	160	1	0.5	1	0.995	1	1	0.024	0.007	0.219	0.055	0.059	0.64	0.995	0
20	320	1	0.5	0.855	1	1	0.999	0.0339181286549708	0.632748538011696	0.801169590643275	0.595321637426901	0.657309941520468	0.981286549707602	0.962573099415205	0.00233918128654971
40	320	1	0.5	0.989	1	1	1	0.0758341759352882	0.41051567239636	0.686552072800809	0.420626895854398	0.460060667340748	0.963599595551062	1	0.0182002022244692
80	320	1	0.5	1	1	1	1	0.033	0.157	0.454	0.197	0.213	0.887	1	0.004
160	320	1	0.5	1	1	1	1	0.005	0.031	0.202	0.062	0.066	0.653	1	0
320	320	1	0.5	1	1	1	1	0.001	0.001	0.056	0.012	0.012	0.364	1	0
20	20	0	0.8	0.036	0.527777777777778	0.638888888888889	0.525	0.5	0.472222222222222	0.638888888888889	0.611111111111111	0.555555555555556	0.638888888888889	0.527777777777778	0.444444444444444
40	20	0	0.8	0.047	0.319148936170213	0.531914893617021	0.498	0.468085106382979	0.404255319148936	0.553191489361702	0.51063829787234	0.468085106382979	0.553191489361702	0.319148936170213	0.404255319148936
80	20	0	0.8	0.05	0.3	0.4	0.465	0.26	0.12	0.36	0.3	0.26	0.4	0.3	0.34
160	20	0	0.8	0.047	0.340425531914894	0.531914893617021	0.486	0.361702127659574	0.127659574468085	0.425531914893617	0.361702127659574	0.361702127659574	0.531914893617021	0.340425531914894	0.468085106382979
320	20	0	0.8	0.041	0.365853658536585	0.585365853658537	0.517	0.390243902439024	0.121951219512195	0.48780487804878	0.414634146341463	0.390243902439024	0.585365853658537	0.365853658536585	0.585365853658537
20	40	0	0.8	0.036	0.638888888888889	0.638888888888889	0.527	0.583333333333333	0.638888888888889	0.638888888888889	0.638888888888889	0.638888888888889	0.638888888888889	0.638888888888889	0.222222222222222
40	40	0	0.8	0.047	0.51063829787234	0.553191489361702	0.496	0.361702127659574	0.340425531914894	0.553191489361702	0.468085106382979	0.446808510638298	0.553191489361702	0.51063829787234	0.468085106382979
80	40	0	0.8	0.05	0.38	0.4	0.467	0.22	0.08	0.38	0.26	0.24	0.4	0.38	0.4
160	40	0	0.8	0.047	0.51063829787234	0.553191489361702	0.488	0.212765957446809	0.0638297872340425	0.382978723404255	0.276595744680851	0.25531914893617	0.48936170212766	0.51063829787234	0.531914893617021
320	40	0	0.8	0.041	0.585365853658537	0.609756097560976	0.517	0.170731707317073	0	0.292682926829268	0.170731707317073	0.170731707317073	0.51219512195122	0.585365853658537	0.609756097560976
20	80	0	0.8	0.036	0.638888888888889	0.638888888888889	0.527	0.638888888888889	0.638888888888889	0.638888888888889	0.638888888888889	0.638888888888889	0.638888888888889	0.638888888888889	0.472222222222222
40	80	0	0.8	0.047	0.553191489361702	0.553191489361702	0.496	0.297872340425532	0.425531914893617	0.553191489361702	0.48936170212766	0.468085106382979	0.553191489361702	0.553191489361702	0.531914893617021
80	80	0	0.8	0.05	0.4	0.4	0.467	0.08	0.06	0.4	0.3	0.28	0.4	0.4	0.4
160	80	0	0.8	0.047	0.553191489361702	0.553191489361702	0.488	0.0638297872340425	0.0212765957446809	0.276595744680851	0.0851063829787234	0.0851063829787234	0.553191489361702	0.553191489361702	0.553191489361702
320	80	0	0.8	0.041	0.609756097560976	0.609756097560976	0.517	0	0	0.0975609756097561	0.024390243902439	0.024390243902439	0.439024390243902	0.609756097560976	0.609756097560976
20	160	0	0.8	0.036	0.638888888888889	0.638888888888889	0.527	0.472222222222222	0.638888888888889	0.638888888888889	0.638888888888889	0.638888888888889	0.638888888888889	0.638888888888889	0.388888888888889
40	160	0	0.8	0.047	0.553191489361702	0.553191489361702	0.496	0.191489361702128	0.51063829787234	0.553191489361702	0.531914893617021	0.531914893617021	0.553191489361702	0.553191489361702	0.553191489361702
80	160	0	0.8	0.05	0.4	0.4	0.467	0.02	0.08	0.4	0.22	0.22	0.4	0.4	0.4
160	160	0	0.8	0.047	0.553191489361702	0.553191489361702	0.488	0	0	0.106382978723404	0	0	0.531914893617021	0.553191489361702	0.553191489361702
320	160	0	0.8	0.041	0.609756097560976	0.609756097560976	0.517	0	0	0	0	0	0.170731707317073	0.609756097560976	0.609756097560976
20	320	0	0.8	0.036	0.638888888888889	0.638888888888889	0.527	0.361111111111111	0.638888888888889	0.638888888888889	0.638888888888889	0.638888888888889	0.638888888888889	0.638888888888889	0.444444444444444
40	320	0	0.8	0.047	0.553191489361702	0.553191489361702	0.496	0.0851063829787234	0.531914893617021	0.553191489361702	0.553191489361702	0.531914893617021	0.553191489361702	0.553191489361702	0.531914893617021
80	320	0	0.8	0.05	0.4	0.4	0.467	0.02	0.12	0.32	0.18	0.18	0.4	0.4	0.4
160	320	0	0.8	0.047	0.553191489361702	0.553191489361702	0.488	0	0	0.0638297872340425	0	0	0.297872340425532	0.553191489361702	0.553191489361702
320	320	0	0.8	0.041	0.609756097560976	0.609756097560976	0.517	0	0	0	0	0	0.024390243902439	0.609756097560976	0.609756097560976
20	20	0.2	0.8	0.097	0.670103092783505	0.917525773195876	0.727	0.855670103092783	0.835051546391753	0.927835051546392	0.907216494845361	0.88659793814433	0.927835051546392	0.670103092783505	0.505154639175258
40	20	0.2	0.8	0.127	0.692913385826772	0.976377952755906	0.82	0.866141732283465	0.708661417322835	0.968503937007874	0.937007874015748	0.929133858267717	0.976377952755906	0.692913385826772	0.748031496062992
80	20	0.2	0.8	0.249	0.662650602409639	0.995983935742972	0.893	0.775100401606426	0.405622489959839	0.93574297188755	0.831325301204819	0.815261044176707	0.995983935742972	0.662650602409639	0.879518072289157
160	20	0.2	0.8	0.449	0.694877505567929	0.99109131403118	0.968	0.685968819599109	0.184855233853007	0.888641425389755	0.726057906458797	0.690423162583519	0.982182628062361	0.694877505567929	0.922048997772829
320	20	0.2	0.8	0.697	0.703012912482066	0.997130559540889	0.989	0.566714490674319	0.0903873744619799	0.754662840746054	0.589670014347202	0.555236728837877	0.975609756097561	0.703012912482066	0.959827833572453
20	40	0.2	0.8	0.097	0.948453608247423	0.958762886597938	0.733	0.917525773195876	0.948453608247423	0.958762886597938	0.958762886597938	0.958762886597938	0.958762886597938	0.948453608247423	0.515463917525773
40	40	0.2	0.8	0.127	0.929133858267717	0.984251968503937	0.826	0.826771653543307	0.826771653543307	0.976377952755906	0.960629921259842	0.952755905511811	0.984251968503937	0.929133858267717	0.803149606299213
80	40	0.2	0.8	0.249	0.943775100401606	1	0.899	0.550200803212851	0.337349397590361	0.93574297188755	0.726907630522088	0.710843373493976	1	0.943775100401606	0.927710843373494
160	40	0.2	0.8	0.449	0.962138084632517	1	0.974	0.44097995545657	0.10913140311804	0.766146993318486	0.5456570155902	0.510022271714922	0.99109131403118	0.962138084632517	0.986636971046771
320	40	0.2	0.8	0.697	0.944045911047346	1	0.995	0.340028694404591	0.0387374461979914	0.582496413199426	0.381635581061693	0.36154949784792	0.948350071736011	0.944045911047346	0.995695839311334
20	80	0.2	0.8	0.097	0.958762886597938	0.958762886597938	0.733	0.896907216494845	0.958762886597938	0.958762886597938	0.958762886597938	0.958762886597938	0.958762886597938	0.958762886597938	0.577319587628866
40	80	0.2	0.8	0.127	0.976377952755906	0.984251968503937	0.826	0.677165354330709	0.874015748031496	0.984251968503937	0.968503937007874	0.952755905511811	0.984251968503937	0.976377952755906	0.874015748031496
80	80	0.2	0.8	0.249	0.995983935742972	1	0.899	0.325301204819277	0.313253012048193	0.91566265060241	0.650602409638554	0.602409638554217	0.995983935742972	0.995983935742972	0.975903614457831
160	80	0.2	0.8	0.449	1	1	0.974	0.149220489977728	0.0623608017817372	0.621380846325167	0.287305122494432	0.267260579064588	0.942093541202673	1	1
320	80	0.2	0.8	0.697	0.995695839311334	1	0.995	0.0817790530846485	0.0114777618364419	0.324246771879483	0.126255380200861	0.12051649928264	0.812051649928264	0.995695839311334	0.998565279770445
20	160	0.2	0.8	0.097	0.958762886597938	0.958762886597938	0.733	0.814432989690722	0.958762886597938	0.958762886597938	0.958762886597938	0.958762886597938	0.958762886597938	0.958762886597938	0.536082474226804
40	160	0.2	0.8	0.127	0.984251968503937	0.984251968503937	0.826	0.456692913385827	0.921259842519685	0.984251968503937	0.929133858267717	0.929133858267717	0.984251968503937	0.984251968503937	0.889763779527559
80	160	0.2	0.8	0.249	1	1	0.899	0.116465863453815	0.269076305220884	0.859437751004016	0.477911646586345	0.449799196787149	1	1	1
160	160	0.2	0.8	0.449	1	1	0.974	0.0133630289532294	0.0111358574610245	0.32293986636971	0.0623608017817372	0.0623608017817372	0.853006681514477	1	0.997772828507795
320	160	0.2	0.8	0.697	1	1	0.995	0.00430416068866571	0	0.084648493543759	0.0100430416068867	0.0100430416068867	0.466284074605452	1	1
20	320	0.2	0.8	0.097	0.958762886597938	0.958762886597938	0.733	0.701030927835051	0.958762886597938	0.958762886597938	0.958762886597938	0.958762886597938	0.958762886597938	0.958762886597938	0.525773195876289
40	320	0.2	0.8	0.127	0.984251968503937	0.984251968503937	0.826	0.307086614173228	0.968503937007874	0.984251968503937	0.984251968503937	0.984251968503937	0.984251968503937	0.984251968503937	0.960629921259842
80	320	0.2	0.8	0.249	1	1	0.899	0.036144578313253	0.248995983935743	0.779116465863454	0.389558232931727	0.373493975903614	1	1	0.995983935742972
160	320	0.2	0.8	0.449	1	1	0.974	0.0022271714922049	0.0044543429844098	0.122494432071269	0.0133630289532294	0.0133630289532294	0.654788418708241	1	1
320	320	0.2	0.8	0.697	1	1	0.995	0	0	0.00717360114777618	0	0	0.121951219512195	1	1
20	20	0.5	0.8	0.374	0.713903743315508	0.981283422459893	0.94	0.914438502673797	0.925133689839572	0.997326203208556	0.978609625668449	0.981283422459893	0.997326203208556	0.713903743315508	0.449197860962567
40	20	0.5	0.8	0.598	0.675585284280936	0.986622073578595	0.982	0.896321070234114	0.734113712374582	0.983277591973244	0.951505016722408	0.936454849498328	0.993311036789298	0.675585284280936	0.648829431438127
80	20	0.5	0.8	0.889	0.682789651293588	0.993250843644544	0.994	0.861642294713161	0.528683914510686	0.966254218222722	0.905511811023622	0.886389201349831	0.993250843644544	0.682789651293588	0.762654668166479
160	20	0.5	0.8	0.995	0.689447236180905	0.993969849246231	0.994	0.840201005025126	0.346733668341709	0.941708542713568	0.861306532663317	0.834170854271357	0.992964824120603	0.689447236180905	0.809045226130653
320	20	0.5	0.8	1	0.688	0.994	0.994	0.865	0.253	0.927	0.875	0.841	0.993	0.688	0.829
20	40	0.5	0.8	0.374	0.949197860962567	0.997326203208556	0.946	0.858288770053476	0.96524064171123	1	0.983957219251337	0.983957219251337	1	0.949197860962567	0.393048128342246
40	40	0.5	0.8	0.598	0.94314381270903	1	0.988	0.882943143812709	0.861204013377926	0.998327759197324	0.979933110367893	0.976588628762542	1	0.94314381270903	0.687290969899666
80	40	0.5	0.8	0.889	0.94488188976378	1	1	0.793025871766029	0.578177727784027	0.982002249718785	0.886389201349831	0.866141732283465	0.997750281214848	0.94488188976378	0.824521934758155
160	40	0.5	0.8	0.995	0.947738693467337	1	1	0.737688442211055	0.374874371859297	0.932663316582915	0.803015075376884	0.775879396984925	0.995979899497487	0.947738693467337	0.889447236180904
320	40	0.5	0.8	1	0.948	1	1	0.752	0.242	0.92	0.784	0.76	0.996	0.948	0.895
20	80	0.5	0.8	0.374	0.997326203208556	1	0.946	0.812834224598931	0.973262032085562	0.994652406417112	0.973262032085562	0.978609625668449	1	0.997326203208556	0.459893048128342
40	80	0.5	0.8	0.598	0.996655518394649	1	0.988	0.755852842809365	0.911371237458194	0.998327759197324	0.979933110367893	0.968227424749164	1	0.996655518394649	0.760869565217391
80	80	0.5	0.8	0.889	0.996625421822272	1	1	0.605174353205849	0.592800899887514	0.968503937007874	0.823397075365579	0.802024746906637	0.998875140607424	0.996625421822272	0.875140607424072
160	80	0.5	0.8	0.995	0.997989949748744	1	1	0.54070351758794	0.346733668341709	0.899497487437186	0.678391959798995	0.655276381909548	0.992964824120603	0.997989949748744	0.932663316582915
320	80	0.5	0.8	1	0.997	1	1	0.558	0.215	0.824	0.634	0.62	0.992	0.997	0.953
20	160	0.5	0.8	0.374	1	1	0.946	0.713903743315508	0.983957219251337	0.997326203208556	0.981283422459893	0.983957219251337	1	1	0.425133689839572
40	160	0.5	0.8	0.598	1	1	0.988	0.608695652173913	0.956521739130435	1	0.979933110367893	0.978260869565217	1	1	0.790969899665552
80	160	0.5	0.8	0.889	1	1	1	0.399325084364454	0.607424071991001	0.959505061867267	0.796400449943757	0.773903262092238	1	1	0.930258717660292
160	160	0.5	0.8	0.995	1	1	1	0.309547738693467	0.300502512562814	0.828140703517588	0.558793969849246	0.534673366834171	0.985929648241206	1	0.975879396984925
320	160	0.5	0.8	1	1	1	1	0.278	0.146	0.74	0.43	0.415	0.971	1	0.986
20	320	0.5	0.8	0.374	1	1	0.946	0.609625668449198	0.986631016042781	0.994652406417112	0.978609625668449	0.986631016042781	1	1	0.409090909090909
40	320	0.5	0.8	0.598	1	1	0.988	0.451505016722408	0.989966555183946	1	0.996655518394649	0.996655518394649	1	1	0.806020066889632
80	320	0.5	0.8	0.889	1	1	1	0.260967379077615	0.641169853768279	0.929133858267717	0.743532058492688	0.716535433070866	1	1	0.946006749156355
160	320	0.5	0.8	0.995	1	1	1	0.155778894472362	0.299497487437186	0.720603015075377	0.438190954773869	0.430150753768844	0.965829145728643	1	0.98391959798995
320	320	0.5	0.8	1	1	1	1	0.122	0.117	0.562	0.252	0.246	0.911	1	0.997
20	20	0.8	0.8	0.688	0.696220930232558	0.988372093023256	0.988	0.832848837209302	0.845930232558139	0.991279069767442	0.943313953488372	0.963662790697674	0.994186046511628	0.696220930232558	0.353197674418605
40	20	0.8	0.8	0.948	0.693037974683544	0.993670886075949	0.994	0.914556962025316	0.775316455696203	0.990506329113924	0.965189873417722	0.963080168776371	0.993670886075949	0.693037974683544	0.489451476793249
80	20	0.8	0.8	0.997	0.688064192577733	0.993981945837513	0.994	0.919759277833501	0.630892678034102	0.985957873620863	0.954864593781344	0.946840521564694	0.993981945837513	0.688064192577733	0.511534603811434
160	20	0.8	0.8	1	0.688	0.994	0.994	0.936	0.487	0.986	0.955	0.942	0.994	0.688	0.509
320	20	0.8	0.8	1	0.688	0.994	0.994	0.94	0.37	0.972	0.949	0.936	0.994	0.688	0.507
20	40	0.8	0.8	0.688	0.946220930232558	1	0.994	0.760174418604651	0.918604651162791	0.992732558139535	0.95203488372093	0.965116279069767	0.998546511627907	0.946220930232558	0.313953488372093
40	40	0.8	0.8	0.948	0.947257383966245	1	1	0.858649789029536	0.860759493670886	0.996835443037975	0.960970464135021	0.959915611814346	1	0.947257383966245	0.474683544303797
80	40	0.8	0.8	0.997	0.947843530591775	1	1	0.896690070210632	0.760280842527583	0.994984954864594	0.953861584754263	0.949849548645938	1	0.947843530591775	0.492477432296891
160	40	0.8	0.8	1	0.948	1	1	0.931	0.628	0.996	0.958	0.953	1	0.948	0.508
320	40	0.8	0.8	1	0.948	1	1	0.945	0.483	0.988	0.958	0.954	1	0.948	0.503
20	80	0.8	0.8	0.688	0.997093023255814	1	0.994	0.683139534883721	0.934593023255814	0.991279069767442	0.940406976744186	0.963662790697674	1	0.997093023255814	0.299418604651163
40	80	0.8	0.8	0.948	0.996835443037975	1	1	0.781645569620253	0.919831223628692	0.996835443037975	0.965189873417722	0.967299578059072	1	0.996835443037975	0.482067510548523
80	80	0.8	0.8	0.997	0.996990972918756	1	1	0.833500501504513	0.831494483450351	0.993981945837513	0.940822467402207	0.939819458375125	1	0.996990972918756	0.503510531594784
160	80	0.8	0.8	1	0.997	1	1	0.887	0.733	0.993	0.953	0.951	1	0.997	0.5
320	80	0.8	0.8	1	0.997	1	1	0.921	0.623	0.985	0.95	0.951	1	0.997	0.51
20	160	0.8	0.8	0.688	1	1	0.994	0.594476744186046	0.960755813953488	0.986918604651163	0.957848837209302	0.969476744186046	1	1	0.267441860465116
40	160	0.8	0.8	0.948	1	1	1	0.674050632911392	0.956751054852321	0.992616033755274	0.968354430379747	0.969409282700422	1	1	0.489451476793249
80	160	0.8	0.8	0.997	1	1	1	0.740220661985958	0.890672016048144	0.993981945837513	0.952858575727182	0.952858575727182	0.998996990972919	1	0.494483450351053
160	160	0.8	0.8	1	1	1	1	0.85	0.845	0.994	0.959	0.958	1	1	0.508
320	160	0.8	0.8	1	1	1	1	0.916	0.777	0.996	0.962	0.962	1	1	0.502
20	320	0.8	0.8	0.688	1	1	0.994	0.475290697674419	0.959302325581395	0.981104651162791	0.946220930232558	0.965116279069767	1	1	0.267441860465116
40	320	0.8	0.8	0.948	1	1	1	0.527426160337553	0.968354430379747	0.990506329113924	0.970464135021097	0.971518987341772	1	1	0.475738396624473
80	320	0.8	0.8	0.997	1	1	1	0.633901705115346	0.923771313941825	0.994984954864594	0.950852557673019	0.9518555667001	1	1	0.494483450351053
160	320	0.8	0.8	1	1	1	1	0.756	0.913	0.998	0.959	0.963	1	1	0.498
320	320	0.8	0.8	1	1	1	1	0.843	0.84	0.995	0.949	0.945	1	1	0.509
20	20	1	0.8	0.855	0.695906432748538	0.980116959064327	0.993	0.778947368421053	0.808187134502924	0.980116959064327	0.911111111111111	0.925146198830409	0.994152046783626	0.695906432748538	0.269005847953216
40	20	1	0.8	0.989	0.687563195146613	0.993933265925177	0.994	0.829120323559151	0.675429726996967	0.983822042467139	0.910010111223458	0.924165824064712	0.992922143579373	0.687563195146613	0.306370070778564
80	20	1	0.8	1	0.688	0.994	0.994	0.869	0.552	0.974	0.908	0.922	0.994	0.688	0.302
160	20	1	0.8	1	0.688	0.994	0.994	0.877	0.43	0.971	0.901	0.916	0.994	0.688	0.288
320	20	1	0.8	1	0.688	0.994	0.994	0.89	0.304	0.962	0.903	0.919	0.994	0.688	0.289
20	40	1	0.8	0.855	0.947368421052632	0.998830409356725	0.999	0.64327485380117	0.849122807017544	0.977777777777778	0.891228070175439	0.930994152046784	0.996491228070175	0.947368421052632	0.210526315789474
40	40	1	0.8	0.989	0.948432760364004	1	1	0.73407482305359	0.758341759352882	0.985844287158746	0.883720930232558	0.912032355915066	0.998988877654196	0.948432760364004	0.254802831142568
80	40	1	0.8	1	0.948	1	1	0.783	0.633	0.977	0.874	0.89	1	0.948	0.236
160	40	1	0.8	1	0.948	1	1	0.826	0.497	0.975	0.863	0.882	0.999	0.948	0.214
320	40	1	0.8	1	0.948	1	1	0.828	0.366	0.965	0.858	0.878	1	0.948	0.2
20	80	1	0.8	0.855	0.996491228070175	1	0.999	0.527485380116959	0.867836257309942	0.960233918128655	0.876023391812865	0.897076023391813	0.998830409356725	0.996491228070175	0.191812865497076
40	80	1	0.8	0.989	0.996966632962588	1	1	0.608695652173913	0.82103134479272	0.971688574317492	0.876643073811931	0.900910010111223	0.996966632962588	0.996966632962588	0.215369059656218
80	80	1	0.8	1	0.997	1	1	0.674	0.688	0.971	0.842	0.859	0.998	0.997	0.198
160	80	1	0.8	1	0.997	1	1	0.704	0.543	0.952	0.808	0.836	0.999	0.997	0.161
320	80	1	0.8	1	0.997	1	1	0.737	0.401	0.929	0.799	0.815	0.998	0.997	0.138
20	160	1	0.8	0.855	1	1	0.999	0.418713450292398	0.894736842105263	0.957894736842105	0.884210526315789	0.909941520467836	1	1	0.154385964912281
40	160	1	0.8	0.989	1	1	1	0.494438827098079	0.845298281092012	0.970677451971689	0.861476238624874	0.888776541961577	1	1	0.173913043478261
80	160	1	0.8	1	1	1	1	0.552	0.738	0.962	0.821	0.844	0.998	1	0.154
160	160	1	0.8	1	1	1	1	0.552	0.571	0.94	0.751	0.77	0.996	1	0.122
320	160	1	0.8	1	1	1	1	0.566	0.407	0.914	0.726	0.748	0.992	1	0.081
20	320	1	0.8	0.855	1	1	0.999	0.329824561403509	0.893567251461988	0.947368421052632	0.878362573099415	0.902923976608187	0.998830409356725	1	0.142690058479532
40	320	1	0.8	0.989	1	1	1	0.337714863498483	0.852376137512639	0.951466127401416	0.853387259858443	0.872598584428716	0.996966632962588	1	0.170879676440849
80	320	1	0.8	1	1	1	1	0.373	0.751	0.931	0.783	0.806	0.992	1	0.139
160	320	1	0.8	1	1	1	1	0.384	0.597	0.894	0.693	0.706	0.995	1	0.073
320	320	1	0.8	1	1	1	1	0.367	0.373	0.843	0.585	0.604	0.986	1	0.04
20	20	0	1	0.036	0.527777777777778	0.638888888888889	0.526	0.611111111111111	0.583333333333333	0.638888888888889	0.611111111111111	0.611111111111111	0.638888888888889	0.527777777777778	0.5
40	20	0	1	0.047	0.51063829787234	0.553191489361702	0.497	0.382978723404255	0.191489361702128	0.531914893617021	0.468085106382979	0.425531914893617	0.553191489361702	0.51063829787234	0.553191489361702
80	20	0	1	0.05	0.38	0.4	0.468	0.24	0.08	0.36	0.28	0.26	0.4	0.38	0.4
160	20	0	1	0.047	0.446808510638298	0.553191489361702	0.487	0.340425531914894	0.0425531914893617	0.404255319148936	0.340425531914894	0.340425531914894	0.553191489361702	0.446808510638298	0.553191489361702
320	20	0	1	0.041	0.536585365853659	0.609756097560976	0.518	0.195121951219512	0	0.317073170731707	0.219512195121951	0.146341463414634	0.560975609756098	0.536585365853659	0.609756097560976
20	40	0	1	0.036	0.638888888888889	0.638888888888889	0.527	0.527777777777778	0.638888888888889	0.638888888888889	0.638888888888889	0.638888888888889	0.638888888888889	0.638888888888889	0.583333333333333
40	40	0	1	0.047	0.553191489361702	0.553191489361702	0.496	0.170212765957447	0.148936170212766	0.48936170212766	0.382978723404255	0.382978723404255	0.553191489361702	0.553191489361702	0.553191489361702
80	40	0	1	0.05	0.4	0.4	0.467	0.1	0.04	0.32	0.18	0.16	0.4	0.4	0.4
160	40	0	1	0.047	0.531914893617021	0.553191489361702	0.488	0.0638297872340425	0.0212765957446809	0.234042553191489	0.0638297872340425	0.0638297872340425	0.51063829787234	0.531914893617021	0.553191489361702
320	40	0	1	0.041	0.609756097560976	0.609756097560976	0.517	0	0	0.121951219512195	0.024390243902439	0	0.463414634146341	0.609756097560976	0.609756097560976
20	80	0	1	0.036	0.638888888888889	0.638888888888889	0.527	0.5	0.611111111111111	0.638888888888889	0.638888888888889	0.638888888888889	0.638888888888889	0.638888888888889	0.527777777777778
40	80	0	1	0.047	0.553191489361702	0.553191489361702	0.496	0.0638297872340425	0.191489361702128	0.531914893617021	0.319148936170213	0.276595744680851	0.553191489361702	0.553191489361702	0.553191489361702
80	80	0	1	0.05	0.4	0.4	0.467	0.04	0.04	0.28	0.16	0.14	0.4	0.4	0.4
160	80	0	1	0.047	0.553191489361702	0.553191489361702	0.488	0	0	0.0851063829787234	0.0212765957446809	0.0212765957446809	0.361702127659574	0.553191489361702	0.553191489361702
320	80	0	1	0.041	0.609756097560976	0.609756097560976	0.517	0	0	0	0	0	0.121951219512195	0.609756097560976	0.609756097560976
20	160	0	1	0.036	0.638888888888889	0.638888888888889	0.527	0.305555555555556	0.638888888888889	0.638888888888889	0.638888888888889	0.638888888888889	0.638888888888889	0.638888888888889	0.555555555555556
40	160	0	1	0.047	0.553191489361702	0.553191489361702	0.496	0.0425531914893617	0.234042553191489	0.48936170212766	0.319148936170213	0.319148936170213	0.553191489361702	0.553191489361702	0.553191489361702
80	160	0	1	0.05	0.4	0.4	0.467	0.02	0.02	0.14	0.04	0.02	0.38	0.4	0.4
160	160	0	1	0.047	0.553191489361702	0.553191489361702	0.488	0	0	0	0	0	0.106382978723404	0.553191489361702	0.553191489361702
320	160	0	1	0.041	0.609756097560976	0.609756097560976	0.517	0	0	0	0	0	0	0.609756097560976	0.609756097560976
20	320	0	1	0.036	0.638888888888889	0.638888888888889	0.527	0.277777777777778	0.638888888888889	0.638888888888889	0.638888888888889	0.638888888888889	0.638888888888889	0.638888888888889	0.583333333333333
40	320	0	1	0.047	0.553191489361702	0.553191489361702	0.496	0	0.191489361702128	0.446808510638298	0.25531914893617	0.234042553191489	0.553191489361702	0.553191489361702	0.553191489361702
80	320	0	1	0.05	0.4	0.4	0.467	0	0	0.04	0	0	0.3	0.4	0.4
160	320	0	1	0.047	0.553191489361702	0.553191489361702	0.488	0	0	0	0	0	0.0425531914893617	0.553191489361702	0.553191489361702
320	320	0	1	0.041	0.609756097560976	0.609756097560976	0.517	0	0	0	0	0	0	0.609756097560976	0.609756097560976
20	20	0.2	1	0.097	0.855670103092783	0.958762886597938	0.734	0.855670103092783	0.845360824742268	0.948453608247423	0.927835051546392	0.907216494845361	0.958762886597938	0.855670103092783	0.752577319587629
40	20	0.2	1	0.127	0.834645669291339	0.984251968503937	0.825	0.732283464566929	0.511811023622047	0.960629921259842	0.858267716535433	0.811023622047244	0.984251968503937	0.834645669291339	0.84251968503937
80	20	0.2	1	0.249	0.831325301204819	1	0.898	0.55421686746988	0.204819277108434	0.859437751004016	0.65863453815261	0.590361445783133	0.987951807228916	0.831325301204819	0.947791164658635
160	20	0.2	1	0.449	0.853006681514477	1	0.973	0.456570155902004	0.0734966592427617	0.712694877505568	0.501113585746102	0.456570155902004	0.962138084632517	0.853006681514477	0.982182628062361
320	20	0.2	1	0.697	0.856527977044476	0.998565279770445	0.994	0.354375896700143	0.03012912482066	0.5480631276901	0.377331420373027	0.335724533715925	0.934002869440459	0.856527977044476	0.988522238163558
20	40	0.2	1	0.097	0.948453608247423	0.958762886597938	0.733	0.752577319587629	0.896907216494845	0.958762886597938	0.958762886597938	0.938144329896907	0.958762886597938	0.948453608247423	0.783505154639175
40	40	0.2	1	0.127	0.976377952755906	0.984251968503937	0.826	0.598425196850394	0.543307086614173	0.952755905511811	0.811023622047244	0.771653543307087	0.984251968503937	0.976377952755906	0.913385826771654
80	40	0.2	1	0.249	0.991967871485944	1	0.899	0.248995983935743	0.120481927710843	0.746987951807229	0.437751004016064	0.389558232931727	0.979919678714859	0.991967871485944	0.979919678714859
160	40	0.2	1	0.449	0.986636971046771	1	0.974	0.169265033407572	0.0467706013363029	0.478841870824053	0.22271714922049	0.198218262806236	0.913140311804009	0.986636971046771	0.997772828507795
320	40	0.2	1	0.697	0.991391678622669	1	0.995	0.0817790530846485	0.00573888091822095	0.262553802008608	0.110473457675753	0.0961262553802009	0.777618364418938	0.991391678622669	1
20	80	0.2	1	0.097	0.958762886597938	0.958762886597938	0.733	0.628865979381443	0.917525773195876	0.958762886597938	0.948453608247423	0.938144329896907	0.958762886597938	0.958762886597938	0.824742268041237
40	80	0.2	1	0.127	0.984251968503937	0.984251968503937	0.826	0.236220472440945	0.519685039370079	0.952755905511811	0.779527559055118	0.708661417322835	0.984251968503937	0.984251968503937	0.968503937007874
80	80	0.2	1	0.249	1	1	0.899	0.072289156626506	0.0682730923694779	0.586345381526104	0.216867469879518	0.204819277108434	0.947791164658635	1	1
160	80	0.2	1	0.449	1	1	0.974	0.022271714922049	0.0044543429844098	0.187082405345212	0.0579064587973274	0.0556792873051225	0.66369710467706	1	1
320	80	0.2	1	0.697	1	1	0.995	0.00717360114777618	0.00143472022955524	0.0602582496413199	0.0129124820659971	0.0114777618364419	0.39454806312769	1	1
20	160	0.2	1	0.097	0.958762886597938	0.958762886597938	0.733	0.474226804123711	0.948453608247423	0.958762886597938	0.958762886597938	0.958762886597938	0.958762886597938	0.958762886597938	0.917525773195876
40	160	0.2	1	0.127	0.984251968503937	0.984251968503937	0.826	0.125984251968504	0.519685039370079	0.94488188976378	0.700787401574803	0.661417322834646	0.984251968503937	0.984251968503937	0.984251968503937
80	160	0.2	1	0.249	1	1	0.899	0	0.0281124497991968	0.365461847389558	0.0923694779116466	0.0763052208835341	0.91566265060241	1	1
160	160	0.2	1	0.449	1	1	0.974	0	0	0.0356347438752784	0.0089086859688196	0.0089086859688196	0.305122494432071	1	1
320	160	0.2	1	0.697	1	1	0.995	0	0	0	0	0	0.0516499282639885	1	1
20	320	0.2	1	0.097	0.958762886597938	0.958762886597938	0.733	0.288659793814433	0.958762886597938	0.958762886597938	0.958762886597938	0.958762886597938	0.958762886597938	0.958762886597938	0.88659793814433
40	320	0.2	1	0.127	0.984251968503937	0.984251968503937	0.826	0.0236220472440945	0.47244094488189	0.921259842519685	0.669291338582677	0.598425196850394	0.984251968503937	0.984251968503937	0.984251968503937
80	320	0.2	1	0.249	1	1	0.899	0.00401606425702811	0.0120481927710843	0.14859437751004	0.0321285140562249	0.0240963855421687	0.85140562248996	1	1
160	320	0.2	1	0.449	1	1	0.974	0	0	0.0022271714922049	0	0	0.0645879732739421	1	1
320	320	0.2	1	0.697	1	1	0.995	0	0	0	0	0	0.00430416068866571	1	1
20	20	0.5	1	0.374	0.877005347593583	0.994652406417112	0.945	0.885026737967914	0.858288770053476	0.997326203208556	0.970588235294118	0.959893048128342	0.997326203208556	0.877005347593583	0.660427807486631
40	20	0.5	1	0.598	0.857859531772575	0.998327759197324	0.987	0.816053511705686	0.581939799331104	0.968227424749164	0.889632107023411	0.862876254180602	0.996655518394649	0.857859531772575	0.834448160535117
80	20	0.5	1	0.889	0.856017997750281	0.997750281214848	0.999	0.709786276715411	0.335208098987627	0.920134983127109	0.780652418447694	0.730033745781777	0.992125984251969	0.856017997750281	0.886389201349831
160	20	0.5	1	0.995	0.85427135678392	0.998994974874372	0.999	0.684422110552764	0.184924623115578	0.85929648241206	0.726633165829146	0.674371859296482	0.98391959798995	0.85427135678392	0.911557788944724
320	20	0.5	1	1	0.855	0.999	0.999	0.693	0.144	0.824	0.711	0.658	0.98	0.855	0.923
20	40	0.5	1	0.374	0.983957219251337	1	0.946	0.844919786096257	0.946524064171123	1	0.989304812834225	0.981283422459893	1	0.983957219251337	0.697860962566845
40	40	0.5	1	0.598	0.996655518394649	1	0.988	0.633779264214047	0.59866220735786	0.973244147157191	0.847826086956522	0.811036789297659	1	0.996655518394649	0.897993311036789
80	40	0.5	1	0.889	0.989876265466817	1	1	0.503937007874016	0.260967379077615	0.886389201349831	0.647919010123735	0.614173228346457	0.993250843644544	0.989876265466817	0.959505061867267
160	40	0.5	1	0.995	0.98894472361809	1	1	0.431155778894472	0.120603015075377	0.752763819095477	0.506532663316583	0.474371859296482	0.97286432160804	0.98894472361809	0.960804020100502
320	40	0.5	1	1	0.989	1	1	0.421	0.067	0.688	0.474	0.433	0.965	0.989	0.979
20	80	0.5	1	0.374	1	1	0.946	0.711229946524064	0.981283422459893	1	0.997326203208556	0.997326203208556	1	1	0.711229946524064
40	80	0.5	1	0.598	1	1	0.988	0.468227424749164	0.667224080267559	0.986622073578595	0.846153846153846	0.824414715719064	1	1	0.926421404682274
80	80	0.5	1	0.889	1	1	1	0.277840269966254	0.264341957255343	0.798650168728909	0.496062992125984	0.465691788526434	0.983127109111361	1	0.976377952755906
160	80	0.5	1	0.995	1	1	1	0.197989949748744	0.0814070351758794	0.581909547738694	0.287437185929648	0.271356783919598	0.922613065326633	1	0.993969849246231
320	80	0.5	1	1	1	1	1	0.168	0.029	0.439	0.228	0.214	0.886	1	0.996
20	160	0.5	1	0.374	1	1	0.946	0.56951871657754	0.994652406417112	1	0.997326203208556	0.994652406417112	1	1	0.762032085561497
40	160	0.5	1	0.598	1	1	0.988	0.252508361204013	0.682274247491639	0.971571906354515	0.857859531772575	0.817725752508361	1	1	0.956521739130435
80	160	0.5	1	0.889	1	1	1	0.0978627671541057	0.217097862767154	0.669291338582677	0.352080989876265	0.335208098987627	0.979752530933633	1	0.988751406074241
160	160	0.5	1	0.995	1	1	1	0.0402010050251256	0.0361809045226131	0.376884422110553	0.150753768844221	0.138693467336683	0.801005025125628	1	1
320	160	0.5	1	1	1	1	1	0.019	0.006	0.22	0.055	0.05	0.636	1	1
20	320	0.5	1	0.374	1	1	0.946	0.36096256684492	0.997326203208556	1	0.997326203208556	0.997326203208556	1	1	0.767379679144385
40	320	0.5	1	0.598	1	1	0.988	0.140468227424749	0.698996655518395	0.968227424749164	0.811036789297659	0.759197324414716	1	1	0.956521739130435
80	320	0.5	1	0.889	1	1	1	0.046119235095613	0.196850393700787	0.550056242969629	0.275590551181102	0.24859392575928	0.955005624296963	1	0.997750281214848
160	320	0.5	1	0.995	1	1	1	0.0050251256281407	0.0190954773869347	0.204020100502513	0.0603015075376884	0.0522613065326633	0.666331658291457	1	1
320	320	0.5	1	1	1	1	1	0.002	0.002	0.073	0.011	0.011	0.352	1	1
20	20	0.8	1	0.688	0.854651162790698	0.995639534883721	0.993	0.872093023255814	0.863372093023256	0.994186046511628	0.954941860465116	0.953488372093023	0.998546511627907	0.854651162790698	0.531976744186046
40	20	0.8	1	0.948	0.857594936708861	0.998945147679325	0.999	0.873417721518987	0.691983122362869	0.988396624472574	0.937763713080169	0.916666666666667	0.998945147679325	0.857594936708861	0.671940928270042
80	20	0.8	1	0.997	0.855566700100301	0.998996990972919	0.999	0.887662988966901	0.525576730190572	0.969909729187563	0.917753259779338	0.898696088264794	0.997993981945838	0.855566700100301	0.707121364092277
160	20	0.8	1	1	0.855	0.999	0.999	0.888	0.414	0.964	0.904	0.88	0.999	0.855	0.722
320	20	0.8	1	1	0.855	0.999	0.999	0.896	0.278	0.953	0.904	0.883	0.998	0.855	0.71
20	40	0.8	1	0.688	0.991279069767442	1	0.994	0.835755813953488	0.954941860465116	0.998546511627907	0.979651162790698	0.984011627906977	1	0.991279069767442	0.556686046511628
40	40	0.8	1	0.948	0.989451476793249	1	1	0.793248945147679	0.776371308016878	0.992616033755274	0.941983122362869	0.927215189873418	1	0.989451476793249	0.741561181434599
80	40	0.8	1	0.997	0.988966900702106	1	1	0.79839518555667	0.613841524573721	0.981945837512538	0.891675025075226	0.861584754262788	1	0.988966900702106	0.767301905717151
160	40	0.8	1	1	0.989	1	1	0.827	0.484	0.965	0.882	0.854	0.999	0.989	0.801
320	40	0.8	1	1	0.989	1	1	0.842	0.342	0.946	0.875	0.843	0.999	0.989	0.81
20	80	0.8	1	0.688	1	1	0.994	0.739825581395349	0.978197674418605	0.998546511627907	0.981104651162791	0.986918604651163	1	1	0.593023255813954
40	80	0.8	1	0.948	1	1	1	0.663502109704641	0.825949367088608	0.989451476793249	0.938818565400844	0.918776371308017	1	1	0.7542194092827
80	80	0.8	1	0.997	1	1	1	0.694082246740221	0.682046138415246	0.972918756268806	0.873620862587763	0.848545636910732	1	1	0.803410230692076
160	80	0.8	1	1	1	1	1	0.739	0.535	0.96	0.831	0.816	0.998	1	0.848
320	80	0.8	1	1	1	1	1	0.736	0.358	0.926	0.809	0.786	0.998	1	0.87
20	160	0.8	1	0.688	1	1	0.994	0.555232558139535	0.989825581395349	0.998546511627907	0.988372093023256	0.991279069767442	1	1	0.598837209302326
40	160	0.8	1	0.948	1	1	1	0.516877637130802	0.857594936708861	0.992616033755274	0.921940928270042	0.90295358649789	1	1	0.759493670886076
80	160	0.8	1	0.997	1	1	1	0.54864593781344	0.713139418254764	0.95987963891675	0.848545636910732	0.825476429287864	0.996990972918756	1	0.843530591775326
160	160	0.8	1	1	1	1	1	0.572	0.553	0.942	0.783	0.764	0.999	1	0.9
320	160	0.8	1	1	1	1	1	0.574	0.367	0.9	0.691	0.673	0.993	1	0.907
20	320	0.8	1	0.688	1	1	0.994	0.449127906976744	0.992732558139535	0.997093023255814	0.986918604651163	0.992732558139535	1	1	0.572674418604651
40	320	0.8	1	0.948	1	1	1	0.357594936708861	0.888185654008439	0.985232067510548	0.934599156118143	0.911392405063291	1	1	0.792194092827004
80	320	0.8	1	0.997	1	1	1	0.388164493480441	0.72617853560682	0.9358074222668	0.817452357071214	0.797392176529589	0.997993981945838	1	0.845536609829488
160	320	0.8	1	1	1	1	1	0.391	0.577	0.912	0.737	0.712	0.993	1	0.916
320	320	0.8	1	1	1	1	1	0.361	0.355	0.847	0.601	0.587	0.993	1	0.946
20	20	1	1	0.855	0.845614035087719	1	0.998	0.828070175438597	0.83625730994152	0.992982456140351	0.936842105263158	0.952046783625731	1	0.845614035087719	0.432748538011696
40	20	1	1	0.989	0.856420626895854	0.998988877654196	0.999	0.88675429726997	0.748230535894843	0.990899898887765	0.939332659251769	0.929221435793731	0.998988877654196	0.856420626895854	0.48938321536906
80	20	1	1	1	0.855	0.999	0.999	0.91	0.604	0.982	0.933	0.933	0.999	0.855	0.505
160	20	1	1	1	0.855	0.999	0.999	0.916	0.445	0.976	0.933	0.922	0.999	0.855	0.509
320	20	1	1	1	0.855	0.999	0.999	0.92	0.348	0.971	0.932	0.926	0.999	0.855	0.524
20	40	1	1	0.855	0.989473684210526	1	0.999	0.764912280701754	0.907602339181287	0.994152046783626	0.952046783625731	0.957894736842105	1	0.989473684210526	0.422222222222222
40	40	1	1	0.989	0.988877654196158	1	1	0.830131445904954	0.839231547017189	0.993933265925177	0.952477249747219	0.953488372093023	1	0.988877654196158	0.49747219413549
80	40	1	1	1	0.989	1	1	0.881	0.725	0.993	0.951	0.95	1	0.989	0.526
160	40	1	1	1	0.989	1	1	0.915	0.626	0.989	0.94	0.941	1	0.989	0.529
320	40	1	1	1	0.989	1	1	0.929	0.488	0.981	0.947	0.939	1	0.989	0.522
20	80	1	1	0.855	1	1	0.999	0.680701754385965	0.939181286549708	0.988304093567251	0.942690058479532	0.954385964912281	1	1	0.437426900584795
40	80	1	1	0.989	1	1	1	0.741152679474216	0.882709807886754	0.997977755308392	0.9474216380182	0.948432760364004	1	1	0.509605662285136
80	80	1	1	1	1	1	1	0.833	0.833	0.988	0.94	0.936	1	1	0.493
160	80	1	1	1	1	1	1	0.894	0.744	0.991	0.953	0.954	1	1	0.507
320	80	1	1	1	1	1	1	0.921	0.609	0.99	0.95	0.949	1	1	0.517
20	160	1	1	0.855	1	1	0.999	0.547368421052632	0.952046783625731	0.987134502923977	0.947368421052632	0.96374269005848	1	1	0.40233918128655
40	160	1	1	0.989	1	1	1	0.62891809908999	0.925176946410516	0.992922143579373	0.950455005055612	0.949443882709808	1	1	0.474216380182002
80	160	1	1	1	1	1	1	0.739	0.875	0.991	0.943	0.943	1	1	0.5
160	160	1	1	1	1	1	1	0.821	0.817	0.994	0.939	0.939	1	1	0.498
320	160	1	1	1	1	1	1	0.893	0.727	0.991	0.953	0.951	1	1	0.504
20	320	1	1	0.855	1	1	0.999	0.421052631578947	0.955555555555556	0.980116959064327	0.943859649122807	0.95906432748538	1	1	0.381286549707602
40	320	1	1	0.989	1	1	1	0.493427704752275	0.937310414560162	0.994944388270981	0.9474216380182	0.956521739130435	1	1	0.44994944388271
80	320	1	1	1	1	1	1	0.617	0.911	0.991	0.947	0.945	1	1	0.484
160	320	1	1	1	1	1	1	0.715	0.875	0.993	0.942	0.95	1	1	0.48
320	320	1	1	1	1	1	1	0.805	0.807	0.991	0.934	0.943	1	1	0.487
