n1	n2	d1	d2	sig1	sig2	sigm	sdir	d1.c2	d2.c1	c1.c2	d1.p2	d2.p1	p1.p2	big2
20	20	0	0	0.5	0.0238095238095238	0.238095238095238	0.5	0.285714285714286	0.30952380952381	0.5	0.5	0.5	0.5	0
40	20	0	0	0.520833333333333	0.0416666666666667	0.4375	0.520833333333333	0.520833333333333	0.416666666666667	0.520833333333333	0.520833333333333	0.520833333333333	0.520833333333333	0.0416666666666667
80	20	0	0	0.318181818181818	0.0227272727272727	0.272727272727273	0.318181818181818	0.318181818181818	0.272727272727273	0.318181818181818	0.318181818181818	0.318181818181818	0.318181818181818	0.136363636363636
160	20	0	0	0.408163265306122	0	0.408163265306122	0.408163265306122	0.408163265306122	0.326530612244898	0.408163265306122	0.408163265306122	0.408163265306122	0.408163265306122	0.183673469387755
320	20	0	0	0.534883720930233	0.0465116279069767	0.534883720930233	0.534883720930233	0.534883720930233	0.372093023255814	0.534883720930233	0.534883720930233	0.534883720930233	0.534883720930233	0.325581395348837
20	40	0	0	0.69047619047619	0.0476190476190476	0.404761904761905	0.69047619047619	0.214285714285714	0.476190476190476	0.69047619047619	0.619047619047619	0.642857142857143	0.69047619047619	0
40	40	0	0	0.520833333333333	0	0.375	0.520833333333333	0.333333333333333	0.375	0.520833333333333	0.520833333333333	0.520833333333333	0.520833333333333	0
80	40	0	0	0.545454545454545	0.0227272727272727	0.5	0.545454545454545	0.545454545454545	0.454545454545455	0.545454545454545	0.545454545454545	0.545454545454545	0.545454545454545	0.0681818181818182
160	40	0	0	0.387755102040816	0.0408163265306122	0.36734693877551	0.387755102040816	0.387755102040816	0.306122448979592	0.387755102040816	0.387755102040816	0.387755102040816	0.387755102040816	0.0612244897959184
320	40	0	0	0.511627906976744	0.0232558139534884	0.465116279069767	0.511627906976744	0.511627906976744	0.372093023255814	0.511627906976744	0.511627906976744	0.511627906976744	0.511627906976744	0.162790697674419
20	80	0	0	0.69047619047619	0	0.0952380952380952	0.69047619047619	0	0.357142857142857	0.69047619047619	0.452380952380952	0.523809523809524	0.69047619047619	0
40	80	0	0	0.583333333333333	0.0208333333333333	0.145833333333333	0.583333333333333	0.0416666666666667	0.3125	0.583333333333333	0.479166666666667	0.5	0.583333333333333	0
80	80	0	0	0.477272727272727	0	0.227272727272727	0.477272727272727	0.340909090909091	0.340909090909091	0.477272727272727	0.477272727272727	0.477272727272727	0.477272727272727	0
160	80	0	0	0.36734693877551	0	0.285714285714286	0.36734693877551	0.36734693877551	0.326530612244898	0.36734693877551	0.36734693877551	0.36734693877551	0.36734693877551	0
320	80	0	0	0.441860465116279	0	0.395348837209302	0.441860465116279	0.441860465116279	0.348837209302326	0.441860465116279	0.441860465116279	0.441860465116279	0.441860465116279	0.0930232558139535
20	160	0	0	0.476190476190476	0	0.0952380952380952	0.476190476190476	0	0.0952380952380952	0.452380952380952	0.166666666666667	0.19047619047619	0.476190476190476	0
40	160	0	0	0.541666666666667	0.0625	0.145833333333333	0.541666666666667	0	0.1875	0.520833333333333	0.3125	0.3125	0.541666666666667	0
80	160	0	0	0.522727272727273	0.0227272727272727	0.204545454545455	0.522727272727273	0.0681818181818182	0.204545454545455	0.522727272727273	0.409090909090909	0.409090909090909	0.522727272727273	0
160	160	0	0	0.63265306122449	0.0204081632653061	0.36734693877551	0.63265306122449	0.346938775510204	0.36734693877551	0.63265306122449	0.612244897959184	0.63265306122449	0.63265306122449	0.0204081632653061
320	160	0	0	0.418604651162791	0.0232558139534884	0.372093023255814	0.418604651162791	0.418604651162791	0.348837209302326	0.418604651162791	0.418604651162791	0.418604651162791	0.418604651162791	0.0465116279069767
20	320	0	0	0.476190476190476	0.0476190476190476	0.119047619047619	0.476190476190476	0	0.142857142857143	0.30952380952381	0.142857142857143	0.166666666666667	0.476190476190476	0
40	320	0	0	0.416666666666667	0.0208333333333333	0.125	0.416666666666667	0	0.145833333333333	0.354166666666667	0.166666666666667	0.1875	0.416666666666667	0
80	320	0	0	0.454545454545455	0.0227272727272727	0.159090909090909	0.454545454545455	0	0.25	0.431818181818182	0.340909090909091	0.340909090909091	0.454545454545455	0
160	320	0	0	0.489795918367347	0	0.26530612244898	0.489795918367347	0.102040816326531	0.346938775510204	0.489795918367347	0.448979591836735	0.448979591836735	0.489795918367347	0
320	320	0	0	0.418604651162791	0.0465116279069767	0.27906976744186	0.418604651162791	0.27906976744186	0.27906976744186	0.418604651162791	0.348837209302326	0.372093023255814	0.418604651162791	0.0232558139534884
20	20	0.2	0	0.454545454545455	0.0606060606060606	0.272727272727273	0.454545454545455	0.272727272727273	0.313131313131313	0.454545454545455	0.444444444444444	0.454545454545455	0.454545454545455	0.0202020202020202
40	20	0.2	0	0.413333333333333	0.02	0.38	0.413333333333333	0.413333333333333	0.34	0.413333333333333	0.413333333333333	0.413333333333333	0.413333333333333	0.0266666666666667
80	20	0.2	0	0.477064220183486	0.00917431192660551	0.435779816513761	0.477064220183486	0.477064220183486	0.394495412844037	0.477064220183486	0.477064220183486	0.477064220183486	0.477064220183486	0.0596330275229358
160	20	0.2	0	0.506787330316742	0.0203619909502262	0.490950226244344	0.506787330316742	0.506787330316742	0.3710407239819	0.506787330316742	0.506787330316742	0.506787330316742	0.506787330316742	0.167420814479638
320	20	0.2	0	0.507823613086771	0.0227596017069701	0.507823613086771	0.507823613086771	0.503556187766714	0.318634423897582	0.507823613086771	0.5049786628734	0.503556187766714	0.507823613086771	0.210526315789474
20	40	0.2	0	0.444444444444444	0.0505050505050505	0.242424242424242	0.444444444444444	0.101010101010101	0.222222222222222	0.444444444444444	0.343434343434343	0.353535353535354	0.444444444444444	0
40	40	0.2	0	0.586666666666667	0.0333333333333333	0.42	0.586666666666667	0.38	0.406666666666667	0.586666666666667	0.566666666666667	0.573333333333333	0.586666666666667	0.0266666666666667
80	40	0.2	0	0.504587155963303	0.0321100917431193	0.422018348623853	0.504587155963303	0.477064220183486	0.371559633027523	0.504587155963303	0.495412844036697	0.495412844036697	0.504587155963303	0.0642201834862385
160	40	0.2	0	0.538461538461538	0.0158371040723982	0.520361990950226	0.538461538461538	0.538461538461538	0.380090497737557	0.538461538461538	0.538461538461538	0.538461538461538	0.538461538461538	0.104072398190045
320	40	0.2	0	0.5049786628734	0.0213371266002845	0.502133712660028	0.5049786628734	0.502133712660028	0.34850640113798	0.503556187766714	0.503556187766714	0.502133712660028	0.5049786628734	0.160739687055477
20	80	0.2	0	0.474747474747475	0.0202020202020202	0.191919191919192	0.474747474747475	0.0101010101010101	0.232323232323232	0.454545454545455	0.272727272727273	0.313131313131313	0.474747474747475	0
40	80	0.2	0	0.533333333333333	0.02	0.24	0.533333333333333	0.08	0.3	0.533333333333333	0.46	0.48	0.533333333333333	0
80	80	0.2	0	0.509174311926605	0.036697247706422	0.357798165137615	0.509174311926605	0.256880733944954	0.270642201834862	0.509174311926605	0.481651376146789	0.486238532110092	0.509174311926605	0.0229357798165138
160	80	0.2	0	0.518099547511312	0.0158371040723982	0.463800904977376	0.518099547511312	0.475113122171946	0.312217194570136	0.518099547511312	0.502262443438914	0.504524886877828	0.518099547511312	0.0339366515837104
320	80	0.2	0	0.522048364153627	0.0312944523470839	0.514935988620199	0.522048364153627	0.510668563300142	0.290184921763869	0.522048364153627	0.519203413940256	0.519203413940256	0.522048364153627	0.0782361308677098
20	160	0.2	0	0.575757575757576	0.0505050505050505	0.101010101010101	0.575757575757576	0	0.232323232323232	0.515151515151515	0.272727272727273	0.323232323232323	0.575757575757576	0
40	160	0.2	0	0.546666666666667	0.0466666666666667	0.12	0.546666666666667	0	0.22	0.54	0.346666666666667	0.373333333333333	0.546666666666667	0
80	160	0.2	0	0.426605504587156	0.0321100917431193	0.261467889908257	0.426605504587156	0.0871559633027523	0.201834862385321	0.422018348623853	0.325688073394495	0.334862385321101	0.426605504587156	0
160	160	0.2	0	0.48868778280543	0.0271493212669683	0.384615384615385	0.48868778280543	0.260180995475113	0.260180995475113	0.484162895927602	0.420814479638009	0.423076923076923	0.48868778280543	0.00678733031674208
320	160	0.2	0	0.467994310099573	0.0227596017069701	0.438122332859175	0.467994310099573	0.375533428165007	0.240398293029872	0.465149359886202	0.436699857752489	0.436699857752489	0.467994310099573	0.0227596017069701
20	320	0.2	0	0.535353535353535	0.0202020202020202	0.0606060606060606	0.535353535353535	0	0.131313131313131	0.424242424242424	0.131313131313131	0.202020202020202	0.535353535353535	0
40	320	0.2	0	0.486666666666667	0.02	0.106666666666667	0.486666666666667	0	0.14	0.44	0.18	0.22	0.486666666666667	0
80	320	0.2	0	0.495412844036697	0.0137614678899083	0.160550458715596	0.495412844036697	0.00458715596330275	0.188073394495413	0.444954128440367	0.261467889908257	0.270642201834862	0.490825688073394	0
160	320	0.2	0	0.468325791855204	0.0180995475113122	0.260180995475113	0.468325791855204	0.0588235294117647	0.194570135746606	0.447963800904977	0.309954751131222	0.31447963800905	0.468325791855204	0
320	320	0.2	0	0.512091038406828	0.0184921763869132	0.438122332859175	0.512091038406828	0.170697012802276	0.172119487908962	0.500711237553343	0.38122332859175	0.38122332859175	0.512091038406828	0
20	20	0.5	0	0.505681818181818	0.0227272727272727	0.363636363636364	0.505681818181818	0.232954545454545	0.272727272727273	0.502840909090909	0.426136363636364	0.465909090909091	0.505681818181818	0.00284090909090909
40	20	0.5	0	0.513513513513513	0.0206677265500795	0.462639109697933	0.513513513513513	0.416534181240064	0.276629570747218	0.513513513513513	0.488076311605723	0.492845786963434	0.513513513513513	0.0333863275039746
80	20	0.5	0	0.505656108597285	0.0180995475113122	0.5	0.505656108597285	0.473981900452489	0.237556561085973	0.505656108597285	0.48868778280543	0.495475113122172	0.505656108597285	0.0531674208144796
160	20	0.5	0	0.510552763819095	0.0190954773869347	0.510552763819095	0.510552763819095	0.496482412060302	0.176884422110553	0.510552763819095	0.500502512562814	0.507537688442211	0.510552763819095	0.057286432160804
320	20	0.5	0	0.509	0.019	0.509	0.509	0.502	0.101	0.509	0.504	0.507	0.509	0.055
20	40	0.5	0	0.519886363636364	0.03125	0.267045454545455	0.519886363636364	0.0767045454545455	0.238636363636364	0.491477272727273	0.329545454545455	0.372159090909091	0.517045454545455	0
40	40	0.5	0	0.508744038155803	0.0222575516693164	0.434022257551669	0.508744038155803	0.213036565977742	0.227344992050874	0.492845786963434	0.3879173290938	0.400635930047695	0.508744038155803	0.00635930047694754
80	40	0.5	0	0.528280542986425	0.0237556561085973	0.513574660633484	0.528280542986425	0.345022624434389	0.213800904977376	0.518099547511312	0.443438914027149	0.452488687782805	0.528280542986425	0.0180995475113122
160	40	0.5	0	0.527638190954774	0.0221105527638191	0.527638190954774	0.527638190954774	0.397989949748744	0.14070351758794	0.521608040201005	0.447236180904523	0.452261306532663	0.527638190954774	0.0261306532663317
320	40	0.5	0	0.528	0.022	0.528	0.528	0.391	0.069	0.516	0.416	0.421	0.528	0.024
20	80	0.5	0	0.576704545454545	0.03125	0.167613636363636	0.576704545454545	0	0.215909090909091	0.502840909090909	0.289772727272727	0.323863636363636	0.573863636363636	0
40	80	0.5	0	0.51033386327504	0.0333863275039746	0.319554848966614	0.51033386327504	0.0476947535771065	0.186009538950715	0.465818759936407	0.29570747217806	0.310015898251192	0.51033386327504	0.00158982511923688
80	80	0.5	0	0.515837104072398	0.0226244343891403	0.473981900452489	0.515837104072398	0.149321266968326	0.157239819004525	0.459276018099547	0.299773755656109	0.307692307692308	0.513574660633484	0.00339366515837104
160	80	0.5	0	0.517587939698492	0.0241206030150754	0.516582914572864	0.517587939698492	0.164824120603015	0.0673366834170854	0.452261306532663	0.265326633165829	0.269346733668342	0.516582914572864	0.00100502512562814
320	80	0.5	0	0.518	0.025	0.518	0.518	0.148	0.033	0.391	0.197	0.199	0.518	0.005
20	160	0.5	0	0.505681818181818	0.0170454545454545	0.0994318181818182	0.505681818181818	0	0.122159090909091	0.340909090909091	0.122159090909091	0.150568181818182	0.5	0
40	160	0.5	0	0.478537360890302	0.0222575516693164	0.211446740858506	0.478537360890302	0	0.120826709062003	0.384737678855326	0.16852146263911	0.181240063593005	0.476947535771065	0
80	160	0.5	0	0.469457013574661	0.0203619909502262	0.384615384615385	0.469457013574661	0.0237556561085973	0.083710407239819	0.334841628959276	0.159502262443439	0.165158371040724	0.457013574660633	0
160	160	0.5	0	0.482412060301508	0.0231155778894472	0.479396984924623	0.482412060301508	0.0321608040201005	0.0321608040201005	0.299497487437186	0.106532663316583	0.11356783919598	0.462311557788945	0
320	160	0.5	0	0.483	0.023	0.483	0.483	0.018	0.006	0.198	0.052	0.055	0.434	0
20	320	0.5	0	0.497159090909091	0.0170454545454545	0.0738636363636364	0.497159090909091	0	0.102272727272727	0.292613636363636	0.0909090909090909	0.119318181818182	0.494318181818182	0
40	320	0.5	0	0.483306836248013	0.0206677265500795	0.127186009538951	0.483306836248013	0	0.0969793322734499	0.267090620031797	0.112877583465819	0.120826709062003	0.473767885532591	0
80	320	0.5	0	0.505656108597285	0.0203619909502262	0.299773755656109	0.505656108597285	0.00226244343891403	0.0633484162895928	0.254524886877828	0.0916289592760181	0.0961538461538462	0.468325791855204	0
160	320	0.5	0	0.494472361809045	0.0190954773869347	0.474371859296482	0.494472361809045	0.00301507537688442	0.014070351758794	0.150753768844221	0.04321608040201	0.0442211055276382	0.389949748743719	0
320	320	0.5	0	0.494	0.019	0.494	0.494	0.003	0.003	0.046	0.009	0.009	0.249	0
20	20	0.8	0	0.507183908045977	0.021551724137931	0.40948275862069	0.507183908045977	0.169540229885057	0.195402298850575	0.489942528735632	0.357758620689655	0.386494252873563	0.507183908045977	0.0028735632183908
40	20	0.8	0	0.508510638297872	0.0180851063829787	0.502127659574468	0.508510638297872	0.263829787234043	0.138297872340426	0.496808510638298	0.374468085106383	0.387234042553191	0.508510638297872	0.00638297872340425
80	20	0.8	0	0.509	0.019	0.508	0.509	0.293	0.074	0.479	0.354	0.377	0.509	0.008
160	20	0.8	0	0.509	0.019	0.509	0.509	0.289	0.041	0.48	0.328	0.347	0.509	0.01
320	20	0.8	0	0.509	0.019	0.509	0.509	0.276	0.019	0.453	0.295	0.32	0.509	0.008
20	40	0.8	0	0.540229885057471	0.0258620689655172	0.311781609195402	0.540229885057471	0.0387931034482759	0.17816091954023	0.477011494252874	0.260057471264368	0.295977011494253	0.535919540229885	0
40	40	0.8	0	0.525531914893617	0.0212765957446809	0.493617021276596	0.525531914893617	0.1	0.104255319148936	0.453191489361702	0.237234042553191	0.251063829787234	0.523404255319149	0.00425531914893617
80	40	0.8	0	0.528	0.022	0.528	0.528	0.104	0.043	0.393	0.17	0.181	0.52	0.002
160	40	0.8	0	0.528	0.022	0.528	0.528	0.084	0.013	0.309	0.107	0.119	0.526	0.002
320	40	0.8	0	0.528	0.022	0.528	0.528	0.075	0.005	0.213	0.095	0.106	0.524	0.001
20	80	0.8	0	0.531609195402299	0.021551724137931	0.185344827586207	0.531609195402299	0.0014367816091954	0.113505747126437	0.385057471264368	0.15948275862069	0.191091954022989	0.520114942528736	0
40	80	0.8	0	0.512765957446809	0.0234042553191489	0.426595744680851	0.512765957446809	0.0180851063829787	0.0648936170212766	0.306382978723404	0.117021276595745	0.131914893617021	0.493617021276596	0
80	80	0.8	0	0.518	0.025	0.516	0.518	0.013	0.016	0.199	0.056	0.06	0.449	0
160	80	0.8	0	0.518	0.025	0.518	0.518	0.005	0.001	0.087	0.016	0.019	0.382	0
320	80	0.8	0	0.518	0.025	0.518	0.518	0.004	0	0.037	0.006	0.006	0.296	0
20	160	0.8	0	0.48132183908046	0.021551724137931	0.132183908045977	0.48132183908046	0	0.0919540229885057	0.264367816091954	0.102011494252874	0.125	0.461206896551724	0
40	160	0.8	0	0.477659574468085	0.024468085106383	0.309574468085106	0.477659574468085	0	0.0382978723404255	0.20531914893617	0.0553191489361702	0.0627659574468085	0.421276595744681	0
80	160	0.8	0	0.483	0.023	0.479	0.483	0.002	0.006	0.074	0.015	0.015	0.313	0
160	160	0.8	0	0.483	0.023	0.483	0.483	0	0	0.013	0.001	0.001	0.141	0
320	160	0.8	0	0.483	0.023	0.483	0.483	0	0	0.002	0	0	0.028	0
20	320	0.8	0	0.488505747126437	0.0158045977011494	0.0704022988505747	0.488505747126437	0	0.0560344827586207	0.193965517241379	0.0488505747126437	0.0732758620689655	0.458333333333333	0
40	320	0.8	0	0.493617021276596	0.0180851063829787	0.184042553191489	0.493617021276596	0	0.0202127659574468	0.111702127659574	0.0287234042553191	0.0340425531914894	0.378723404255319	0
80	320	0.8	0	0.494	0.019	0.461	0.494	0	0.002	0.03	0.005	0.005	0.227	0
160	320	0.8	0	0.494	0.019	0.494	0.494	0	0	0.001	0	0	0.032	0
320	320	0.8	0	0.494	0.019	0.494	0.494	0	0	0	0	0	0	0
20	20	1	0	0.507990867579909	0.0182648401826484	0.441780821917808	0.507990867579909	0.13013698630137	0.150684931506849	0.453196347031963	0.267123287671233	0.3162100456621	0.505707762557078	0.0045662100456621
40	20	1	0	0.508559919436052	0.0191339375629406	0.503524672708963	0.508559919436052	0.154078549848943	0.0704934541792548	0.442094662638469	0.230614300100705	0.251762336354481	0.508559919436052	0.0040281973816717
80	20	1	0	0.509	0.019	0.509	0.509	0.137	0.025	0.386	0.183	0.201	0.509	0.001
160	20	1	0	0.509	0.019	0.509	0.509	0.116	0.012	0.318	0.134	0.156	0.509	0.002
320	20	1	0	0.509	0.019	0.509	0.509	0.112	0.008	0.25	0.117	0.148	0.509	0.001
20	40	1	0	0.535388127853881	0.0194063926940639	0.392694063926941	0.535388127853881	0.0262557077625571	0.105022831050228	0.38013698630137	0.172374429223744	0.208904109589041	0.521689497716895	0
40	40	1	0	0.528700906344411	0.0211480362537764	0.518630412890232	0.528700906344411	0.0281973816717019	0.0322255790533736	0.317220543806647	0.125881168177241	0.136958710976838	0.508559919436052	0.00100704934541793
80	40	1	0	0.528	0.022	0.528	0.528	0.021	0.002	0.196	0.051	0.065	0.491	0
160	40	1	0	0.528	0.022	0.528	0.528	0.019	0	0.1	0.024	0.031	0.461	0
320	40	1	0	0.528	0.022	0.528	0.528	0.011	0	0.052	0.015	0.017	0.417	0
20	80	1	0	0.518264840182648	0.023972602739726	0.226027397260274	0.518264840182648	0.00114155251141553	0.0764840182648402	0.278538812785388	0.105022831050228	0.124429223744292	0.479452054794521	0
40	80	1	0	0.516616314199396	0.0251762336354481	0.48539778449144	0.516616314199396	0.00302114803625378	0.0161127895266868	0.178247734138973	0.0412890231621349	0.05337361530715	0.4269889224572	0
80	80	1	0	0.518	0.025	0.518	0.518	0.002	0.002	0.058	0.008	0.009	0.265	0
160	80	1	0	0.518	0.025	0.518	0.518	0	0	0.01	0.001	0.001	0.125	0
320	80	1	0	0.518	0.025	0.518	0.518	0	0	0.002	0	0	0.053	0
20	160	1	0	0.488584474885845	0.0251141552511416	0.148401826484018	0.488584474885845	0	0.0525114155251142	0.199771689497717	0.0605022831050228	0.0707762557077626	0.432648401826484	0
40	160	1	0	0.481369587109768	0.0221550855991944	0.380664652567976	0.481369587109768	0	0.00503524672708963	0.0785498489425982	0.014098690835851	0.0151057401812689	0.311178247734139	0
80	160	1	0	0.483	0.023	0.483	0.483	0	0	0.009	0	0	0.104	0
160	160	1	0	0.483	0.023	0.483	0.483	0	0	0	0	0	0.008	0
320	160	1	0	0.483	0.023	0.483	0.483	0	0	0	0	0	0	0
20	320	1	0	0.494292237442922	0.0182648401826484	0.0924657534246575	0.494292237442922	0	0.0228310502283105	0.11986301369863	0.0205479452054795	0.0365296803652968	0.412100456621005	0
40	320	1	0	0.494461228600201	0.0181268882175227	0.241691842900302	0.494461228600201	0	0.00503524672708963	0.0382678751258812	0.00604229607250755	0.0080563947633434	0.259818731117825	0
80	320	1	0	0.494	0.019	0.487	0.494	0	0	0	0	0	0.043	0
160	320	1	0	0.494	0.019	0.494	0.494	0	0	0	0	0	0.001	0
320	320	1	0	0.494	0.019	0.494	0.494	0	0	0	0	0	0	0
20	20	0	0.2	0.5	0.0952380952380952	0.428571428571429	0.5	0.380952380952381	0.380952380952381	0.5	0.5	0.5	0.5	0.0476190476190476
40	20	0	0.2	0.4375	0.0833333333333333	0.416666666666667	0.4375	0.4375	0.3125	0.4375	0.4375	0.4375	0.4375	0.0833333333333333
80	20	0	0.2	0.522727272727273	0	0.5	0.522727272727273	0.522727272727273	0.431818181818182	0.522727272727273	0.522727272727273	0.522727272727273	0.522727272727273	0.113636363636364
160	20	0	0.2	0.469387755102041	0.0204081632653061	0.469387755102041	0.469387755102041	0.469387755102041	0.36734693877551	0.469387755102041	0.469387755102041	0.469387755102041	0.469387755102041	0.224489795918367
320	20	0	0.2	0.511627906976744	0	0.488372093023256	0.511627906976744	0.511627906976744	0.255813953488372	0.511627906976744	0.511627906976744	0.511627906976744	0.511627906976744	0.348837209302326
20	40	0	0.2	0.380952380952381	0.0714285714285714	0.285714285714286	0.380952380952381	0.142857142857143	0.30952380952381	0.380952380952381	0.333333333333333	0.333333333333333	0.380952380952381	0.0238095238095238
40	40	0	0.2	0.541666666666667	0.0625	0.416666666666667	0.541666666666667	0.354166666666667	0.375	0.541666666666667	0.541666666666667	0.541666666666667	0.541666666666667	0
80	40	0	0.2	0.5	0.0227272727272727	0.431818181818182	0.5	0.5	0.454545454545455	0.5	0.5	0.5	0.5	0.0681818181818182
160	40	0	0.2	0.530612244897959	0.0816326530612245	0.510204081632653	0.530612244897959	0.530612244897959	0.36734693877551	0.530612244897959	0.530612244897959	0.530612244897959	0.530612244897959	0.224489795918367
320	40	0	0.2	0.488372093023256	0.0465116279069767	0.441860465116279	0.488372093023256	0.465116279069767	0.348837209302326	0.488372093023256	0.465116279069767	0.465116279069767	0.488372093023256	0.255813953488372
20	80	0	0.2	0.404761904761905	0.119047619047619	0.261904761904762	0.404761904761905	0.0476190476190476	0.30952380952381	0.404761904761905	0.357142857142857	0.380952380952381	0.404761904761905	0
40	80	0	0.2	0.416666666666667	0.104166666666667	0.333333333333333	0.416666666666667	0.166666666666667	0.291666666666667	0.416666666666667	0.395833333333333	0.395833333333333	0.416666666666667	0
80	80	0	0.2	0.545454545454545	0.0681818181818182	0.409090909090909	0.545454545454545	0.386363636363636	0.409090909090909	0.545454545454545	0.545454545454545	0.545454545454545	0.545454545454545	0.0681818181818182
160	80	0	0.2	0.510204081632653	0.0816326530612245	0.489795918367347	0.510204081632653	0.489795918367347	0.428571428571429	0.510204081632653	0.510204081632653	0.510204081632653	0.510204081632653	0.122448979591837
320	80	0	0.2	0.488372093023256	0.116279069767442	0.465116279069767	0.488372093023256	0.488372093023256	0.325581395348837	0.488372093023256	0.488372093023256	0.488372093023256	0.488372093023256	0.186046511627907
20	160	0	0.2	0.404761904761905	0.214285714285714	0.30952380952381	0.404761904761905	0	0.30952380952381	0.404761904761905	0.30952380952381	0.30952380952381	0.404761904761905	0
40	160	0	0.2	0.4375	0.208333333333333	0.395833333333333	0.4375	0.125	0.375	0.4375	0.395833333333333	0.395833333333333	0.4375	0.0208333333333333
80	160	0	0.2	0.590909090909091	0.25	0.522727272727273	0.590909090909091	0.386363636363636	0.522727272727273	0.590909090909091	0.568181818181818	0.568181818181818	0.590909090909091	0.0681818181818182
160	160	0	0.2	0.489795918367347	0.204081632653061	0.469387755102041	0.489795918367347	0.469387755102041	0.469387755102041	0.489795918367347	0.489795918367347	0.489795918367347	0.489795918367347	0.163265306122449
320	160	0	0.2	0.441860465116279	0.186046511627907	0.418604651162791	0.441860465116279	0.418604651162791	0.372093023255814	0.441860465116279	0.441860465116279	0.441860465116279	0.441860465116279	0.255813953488372
20	320	0	0.2	0.428571428571429	0.285714285714286	0.404761904761905	0.428571428571429	0	0.285714285714286	0.380952380952381	0.285714285714286	0.30952380952381	0.428571428571429	0
40	320	0	0.2	0.458333333333333	0.270833333333333	0.395833333333333	0.458333333333333	0.0208333333333333	0.333333333333333	0.4375	0.354166666666667	0.354166666666667	0.458333333333333	0
80	320	0	0.2	0.590909090909091	0.431818181818182	0.568181818181818	0.590909090909091	0.340909090909091	0.522727272727273	0.590909090909091	0.568181818181818	0.568181818181818	0.590909090909091	0
160	320	0	0.2	0.469387755102041	0.285714285714286	0.448979591836735	0.469387755102041	0.428571428571429	0.469387755102041	0.469387755102041	0.469387755102041	0.469387755102041	0.469387755102041	0.102040816326531
320	320	0	0.2	0.441860465116279	0.27906976744186	0.418604651162791	0.441860465116279	0.395348837209302	0.395348837209302	0.441860465116279	0.441860465116279	0.441860465116279	0.441860465116279	0.255813953488372
20	20	0.2	0.2	0.787878787878788	0.101010101010101	0.636363636363636	0.787878787878788	0.606060606060606	0.636363636363636	0.787878787878788	0.767676767676768	0.767676767676768	0.787878787878788	0.0404040404040404
40	20	0.2	0.2	0.72	0.113333333333333	0.64	0.72	0.72	0.64	0.72	0.72	0.72	0.72	0.16
80	20	0.2	0.2	0.793577981651376	0.110091743119266	0.76605504587156	0.793577981651376	0.788990825688073	0.637614678899083	0.793577981651376	0.793577981651376	0.788990825688073	0.793577981651376	0.302752293577982
160	20	0.2	0.2	0.730769230769231	0.0904977375565611	0.723981900452489	0.730769230769231	0.721719457013575	0.475113122171946	0.730769230769231	0.726244343891403	0.721719457013575	0.730769230769231	0.391402714932127
320	20	0.2	0.2	0.7425320056899	0.0995732574679943	0.741109530583215	0.7425320056899	0.718349928876245	0.352773826458037	0.738264580369844	0.722617354196302	0.718349928876245	0.7425320056899	0.469416785206259
20	40	0.2	0.2	0.757575757575758	0.171717171717172	0.484848484848485	0.757575757575758	0.303030303030303	0.555555555555556	0.747474747474748	0.707070707070707	0.737373737373737	0.757575757575758	0
40	40	0.2	0.2	0.826666666666667	0.153333333333333	0.62	0.826666666666667	0.613333333333333	0.646666666666667	0.826666666666667	0.813333333333333	0.82	0.826666666666667	0.08
80	40	0.2	0.2	0.802752293577982	0.13302752293578	0.743119266055046	0.802752293577982	0.784403669724771	0.651376146788991	0.802752293577982	0.798165137614679	0.798165137614679	0.802752293577982	0.197247706422018
160	40	0.2	0.2	0.798642533936652	0.117647058823529	0.782805429864253	0.798642533936652	0.794117647058823	0.619909502262443	0.798642533936652	0.796380090497738	0.796380090497738	0.798642533936652	0.296380090497738
320	40	0.2	0.2	0.819345661450925	0.14651493598862	0.813655761024182	0.819345661450925	0.810810810810811	0.499288762446657	0.819345661450925	0.813655761024182	0.812233285917496	0.819345661450925	0.453769559032717
20	80	0.2	0.2	0.898989898989899	0.181818181818182	0.535353535353535	0.898989898989899	0.0404040404040404	0.585858585858586	0.888888888888889	0.646464646464647	0.686868686868687	0.898989898989899	0
40	80	0.2	0.2	0.893333333333333	0.166666666666667	0.626666666666667	0.893333333333333	0.386666666666667	0.673333333333333	0.893333333333333	0.84	0.84	0.893333333333333	0.00666666666666667
80	80	0.2	0.2	0.912844036697248	0.23394495412844	0.821100917431193	0.912844036697248	0.752293577981651	0.756880733944954	0.908256880733945	0.885321100917431	0.885321100917431	0.912844036697248	0.119266055045872
160	80	0.2	0.2	0.902714932126697	0.208144796380091	0.884615384615385	0.902714932126697	0.850678733031674	0.733031674208145	0.902714932126697	0.889140271493213	0.889140271493213	0.902714932126697	0.237556561085973
320	80	0.2	0.2	0.891891891891892	0.234708392603129	0.884779516358464	0.891891891891892	0.874822190611664	0.634423897581792	0.890469416785206	0.883357041251778	0.881934566145092	0.891891891891892	0.391180654338549
20	160	0.2	0.2	0.939393939393939	0.373737373737374	0.606060606060606	0.939393939393939	0	0.565656565656566	0.888888888888889	0.575757575757576	0.636363636363636	0.939393939393939	0
40	160	0.2	0.2	0.946666666666667	0.413333333333333	0.746666666666667	0.946666666666667	0.14	0.773333333333333	0.946666666666667	0.846666666666667	0.86	0.946666666666667	0
80	160	0.2	0.2	0.963302752293578	0.435779816513761	0.844036697247706	0.963302752293578	0.527522935779816	0.784403669724771	0.954128440366973	0.880733944954128	0.880733944954128	0.963302752293578	0.0642201834862385
160	160	0.2	0.2	0.957013574660634	0.441176470588235	0.918552036199095	0.957013574660634	0.789592760180995	0.794117647058823	0.957013574660634	0.909502262443439	0.916289592760181	0.957013574660634	0.217194570135747
320	160	0.2	0.2	0.970128022759602	0.446657183499289	0.964438122332859	0.970128022759602	0.918918918918919	0.792318634423898	0.970128022759602	0.950213371266003	0.950213371266003	0.970128022759602	0.384068278805121
20	320	0.2	0.2	0.929292929292929	0.616161616161616	0.737373737373737	0.929292929292929	0	0.555555555555556	0.838383838383838	0.545454545454545	0.606060606060606	0.929292929292929	0
40	320	0.2	0.2	0.946666666666667	0.66	0.846666666666667	0.946666666666667	0.0133333333333333	0.78	0.933333333333333	0.806666666666667	0.833333333333333	0.946666666666667	0
80	320	0.2	0.2	0.986238532110092	0.720183486238532	0.935779816513762	0.986238532110092	0.321100917431193	0.857798165137615	0.972477064220184	0.894495412844037	0.903669724770642	0.986238532110092	0.0229357798165138
160	320	0.2	0.2	0.990950226244344	0.710407239819005	0.96606334841629	0.990950226244344	0.705882352941177	0.875565610859729	0.984162895927602	0.925339366515837	0.932126696832579	0.990950226244344	0.158371040723982
320	320	0.2	0.2	0.992887624466572	0.702702702702703	0.990042674253201	0.992887624466572	0.85348506401138	0.85348506401138	0.988620199146515	0.951635846372688	0.951635846372688	0.992887624466572	0.369843527738265
20	20	0.5	0.2	0.735795454545455	0.102272727272727	0.59375	0.735795454545455	0.443181818181818	0.482954545454545	0.730113636363636	0.676136363636364	0.681818181818182	0.735795454545455	0.0397727272727273
40	20	0.5	0.2	0.744038155802862	0.0922098569157393	0.713831478537361	0.744038155802862	0.670906200317965	0.508744038155803	0.744038155802862	0.724960254372019	0.73449920508744	0.744038155802862	0.108108108108108
80	20	0.5	0.2	0.747737556561086	0.0893665158371041	0.742081447963801	0.747737556561086	0.710407239819005	0.459276018099547	0.747737556561086	0.730769230769231	0.735294117647059	0.747737556561086	0.176470588235294
160	20	0.5	0.2	0.743718592964824	0.0924623115577889	0.743718592964824	0.743718592964824	0.733668341708543	0.353768844221106	0.743718592964824	0.74070351758794	0.74070351758794	0.743718592964824	0.202010050251256
320	20	0.5	0.2	0.743	0.093	0.743	0.743	0.737	0.249	0.742	0.74	0.74	0.743	0.19
20	40	0.5	0.2	0.838068181818182	0.161931818181818	0.605113636363636	0.838068181818182	0.25	0.497159090909091	0.8125	0.616477272727273	0.661931818181818	0.835227272727273	0
40	40	0.5	0.2	0.817170111287758	0.149443561208267	0.759936406995231	0.817170111287758	0.48489666136725	0.508744038155803	0.809220985691574	0.694753577106518	0.713831478537361	0.817170111287758	0.0381558028616852
80	40	0.5	0.2	0.81447963800905	0.142533936651584	0.800904977375566	0.81447963800905	0.650452488687783	0.470588235294118	0.812217194570136	0.733031674208145	0.737556561085973	0.81447963800905	0.0927601809954751
160	40	0.5	0.2	0.819095477386935	0.144723618090452	0.819095477386935	0.819095477386935	0.71356783919598	0.373869346733668	0.814070351758794	0.753768844221106	0.759798994974874	0.819095477386935	0.112562814070352
320	40	0.5	0.2	0.818	0.145	0.818	0.818	0.715	0.264	0.81	0.738	0.745	0.818	0.112
20	80	0.5	0.2	0.90625	0.238636363636364	0.602272727272727	0.90625	0.0710227272727273	0.482954545454545	0.818181818181818	0.551136363636364	0.59375	0.903409090909091	0
40	80	0.5	0.2	0.887122416534181	0.211446740858506	0.751987281399046	0.887122416534181	0.225755166931638	0.488076311605723	0.847376788553259	0.629570747217806	0.656597774244833	0.887122416534181	0.0127186009538951
80	80	0.5	0.2	0.897058823529412	0.21606334841629	0.866515837104072	0.897058823529412	0.434389140271493	0.444570135746606	0.85972850678733	0.670814479638009	0.683257918552036	0.897058823529412	0.0509049773755656
160	80	0.5	0.2	0.901507537688442	0.219095477386935	0.900502512562814	0.901507537688442	0.514572864321608	0.339698492462312	0.856281407035176	0.672361809045226	0.687437185929648	0.901507537688442	0.0552763819095477
320	80	0.5	0.2	0.9	0.218	0.9	0.9	0.511	0.192	0.805	0.592	0.599	0.898	0.038
20	160	0.5	0.2	0.971590909090909	0.403409090909091	0.701704545454545	0.971590909090909	0.00284090909090909	0.497159090909091	0.821022727272727	0.519886363636364	0.568181818181818	0.963068181818182	0
40	160	0.5	0.2	0.958664546899841	0.427662957074722	0.802861685214626	0.958664546899841	0.0731319554848967	0.518282988871224	0.85214626391097	0.591414944356121	0.623211446740858	0.958664546899841	0
80	160	0.5	0.2	0.961538461538462	0.434389140271493	0.923076923076923	0.961538461538462	0.27262443438914	0.46606334841629	0.846153846153846	0.615384615384615	0.6289592760181	0.953619909502262	0.0203619909502262
160	160	0.5	0.2	0.963819095477387	0.441206030150754	0.962814070351759	0.963819095477387	0.311557788944724	0.319597989949749	0.828140703517588	0.539698492462312	0.546733668341709	0.951758793969849	0.0361809045226131
320	160	0.5	0.2	0.964	0.442	0.964	0.964	0.291	0.147	0.729	0.427	0.44	0.944	0.014
20	320	0.5	0.2	0.994318181818182	0.693181818181818	0.860795454545455	0.994318181818182	0	0.497159090909091	0.758522727272727	0.46875	0.534090909090909	0.991477272727273	0
40	320	0.5	0.2	0.992050874403816	0.707472178060413	0.901430842607313	0.992050874403816	0.0127186009538951	0.534181240063593	0.82670906200318	0.572337042925278	0.597774244833068	0.988871224165342	0
80	320	0.5	0.2	0.990950226244344	0.708144796380091	0.962669683257919	0.990950226244344	0.114253393665158	0.470588235294118	0.804298642533937	0.540723981900452	0.550904977375566	0.969457013574661	0.00339366515837104
160	320	0.5	0.2	0.991959798994975	0.70251256281407	0.991959798994975	0.991959798994975	0.155778894472362	0.290452261306533	0.715577889447236	0.431155778894472	0.438190954773869	0.953768844221106	0.00904522613065327
320	320	0.5	0.2	0.992	0.703	0.992	0.992	0.094	0.096	0.515	0.25	0.253	0.893	0.006
20	20	0.8	0.2	0.748563218390805	0.0962643678160919	0.652298850574713	0.748563218390805	0.375	0.40948275862069	0.73132183908046	0.600574712643678	0.626436781609195	0.748563218390805	0.0272988505747126
40	20	0.8	0.2	0.743617021276596	0.0914893617021277	0.728723404255319	0.743617021276596	0.492553191489362	0.353191489361702	0.723404255319149	0.602127659574468	0.630851063829787	0.743617021276596	0.0478723404255319
80	20	0.8	0.2	0.743	0.093	0.742	0.743	0.531	0.223	0.73	0.604	0.624	0.743	0.053
160	20	0.8	0.2	0.743	0.093	0.743	0.743	0.549	0.132	0.718	0.59	0.605	0.743	0.037
320	20	0.8	0.2	0.743	0.093	0.743	0.743	0.535	0.084	0.703	0.557	0.579	0.743	0.04
20	40	0.8	0.2	0.813218390804598	0.133620689655172	0.636494252873563	0.813218390804598	0.142241379310345	0.370689655172414	0.75	0.48132183908046	0.525862068965517	0.811781609195402	0.0028735632183908
40	40	0.8	0.2	0.818085106382979	0.14468085106383	0.791489361702128	0.818085106382979	0.271276595744681	0.281914893617021	0.732978723404255	0.482978723404255	0.51063829787234	0.815957446808511	0.0170212765957447
80	40	0.8	0.2	0.818	0.145	0.818	0.818	0.293	0.152	0.69	0.421	0.454	0.815	0.005
160	40	0.8	0.2	0.818	0.145	0.818	0.818	0.255	0.074	0.611	0.338	0.361	0.818	0.008
320	40	0.8	0.2	0.818	0.145	0.818	0.818	0.261	0.029	0.515	0.294	0.309	0.817	0.001
20	80	0.8	0.2	0.902298850574713	0.224137931034483	0.640804597701149	0.902298850574713	0.028735632183908	0.353448275862069	0.734195402298851	0.415229885057471	0.468390804597701	0.887931034482759	0
40	80	0.8	0.2	0.896808510638298	0.220212765957447	0.845744680851064	0.896808510638298	0.1	0.252127659574468	0.667021276595745	0.370212765957447	0.387234042553191	0.871276595744681	0.00425531914893617
80	80	0.8	0.2	0.9	0.218	0.898	0.9	0.103	0.106	0.549	0.242	0.258	0.848	0.002
160	80	0.8	0.2	0.9	0.218	0.9	0.9	0.069	0.025	0.38	0.128	0.135	0.792	0.001
320	80	0.8	0.2	0.9	0.218	0.9	0.9	0.055	0.007	0.232	0.073	0.077	0.726	0
20	160	0.8	0.2	0.964080459770115	0.448275862068966	0.724137931034483	0.964080459770115	0.0028735632183908	0.362068965517241	0.67816091954023	0.370689655172414	0.426724137931034	0.949712643678161	0
40	160	0.8	0.2	0.964893617021277	0.441489361702128	0.886170212765957	0.964893617021277	0.0393617021276596	0.247872340425532	0.593617021276596	0.295744680851064	0.31063829787234	0.912765957446809	0
80	160	0.8	0.2	0.964	0.442	0.962	0.964	0.035	0.082	0.391	0.132	0.139	0.814	0
160	160	0.8	0.2	0.964	0.442	0.964	0.964	0.006	0.006	0.178	0.04	0.04	0.584	0
320	160	0.8	0.2	0.964	0.442	0.964	0.964	0.003	0.001	0.057	0.009	0.012	0.362	0
20	320	0.8	0.2	0.994252873563218	0.721264367816092	0.883620689655172	0.994252873563218	0	0.362068965517241	0.604885057471264	0.349137931034483	0.387931034482759	0.968390804597701	0
40	320	0.8	0.2	0.991489361702128	0.701063829787234	0.929787234042553	0.991489361702128	0.00319148936170213	0.226595744680851	0.485106382978723	0.242553191489362	0.265957446808511	0.91063829787234	0
80	320	0.8	0.2	0.992	0.703	0.988	0.992	0.007	0.058	0.234	0.079	0.082	0.737	0
160	320	0.8	0.2	0.992	0.703	0.992	0.992	0.001	0.004	0.057	0.008	0.009	0.337	0
320	320	0.8	0.2	0.992	0.703	0.992	0.992	0	0	0.004	0	0	0.089	0
20	20	1	0.2	0.744292237442922	0.0981735159817352	0.682648401826484	0.744292237442922	0.299086757990868	0.320776255707763	0.69634703196347	0.498858447488584	0.537671232876712	0.740867579908676	0.0171232876712329
40	20	1	0.2	0.743202416918429	0.0936555891238671	0.742195367573011	0.743202416918429	0.331319234642497	0.211480362537764	0.685800604229607	0.441087613293051	0.482376636455186	0.742195367573011	0.0221550855991944
80	20	1	0.2	0.743	0.093	0.743	0.743	0.312	0.111	0.636	0.382	0.433	0.742	0.013
160	20	1	0.2	0.743	0.093	0.743	0.743	0.316	0.055	0.558	0.354	0.381	0.743	0.012
320	20	1	0.2	0.743	0.093	0.743	0.743	0.307	0.029	0.498	0.333	0.363	0.743	0.011
20	40	1	0.2	0.820776255707763	0.147260273972603	0.681506849315068	0.820776255707763	0.0878995433789954	0.270547945205479	0.67351598173516	0.382420091324201	0.438356164383562	0.804794520547945	0.0045662100456621
40	40	1	0.2	0.817724068479356	0.146022155085599	0.81067472306143	0.817724068479356	0.141993957703928	0.154078549848943	0.593152064451158	0.290030211480363	0.317220543806647	0.80563947633434	0.00201409869083585
80	40	1	0.2	0.818	0.145	0.818	0.818	0.105	0.039	0.445	0.182	0.202	0.775	0
160	40	1	0.2	0.818	0.145	0.818	0.818	0.075	0.011	0.313	0.114	0.127	0.756	0
320	40	1	0.2	0.818	0.145	0.818	0.818	0.062	0	0.215	0.087	0.098	0.744	0
20	80	1	0.2	0.905251141552511	0.219178082191781	0.674657534246575	0.905251141552511	0.0148401826484018	0.26027397260274	0.594748858447489	0.295662100456621	0.325342465753425	0.874429223744292	0
40	80	1	0.2	0.900302114803625	0.21852970795569	0.887210473313192	0.900302114803625	0.0362537764350453	0.0936555891238671	0.447129909365559	0.166163141993958	0.185297079556898	0.817724068479356	0.00201409869083585
80	80	1	0.2	0.9	0.218	0.9	0.9	0.01	0.012	0.216	0.055	0.064	0.648	0
160	80	1	0.2	0.9	0.218	0.9	0.9	0.005	0.002	0.082	0.013	0.018	0.436	0
320	80	1	0.2	0.9	0.218	0.9	0.9	0.002	0.001	0.029	0.002	0.004	0.292	0
20	160	1	0.2	0.963470319634703	0.442922374429224	0.752283105022831	0.963470319634703	0	0.256849315068493	0.525114155251142	0.263698630136986	0.295662100456621	0.910958904109589	0
40	160	1	0.2	0.964753272910373	0.442094662638469	0.92245720040282	0.964753272910373	0.013091641490433	0.0835850956696878	0.335347432024169	0.105740181268882	0.115810674723061	0.802618328298087	0
80	160	1	0.2	0.964	0.442	0.964	0.964	0.001	0.008	0.101	0.016	0.02	0.426	0
160	160	1	0.2	0.964	0.442	0.964	0.964	0	0	0.016	0	0	0.163	0
320	160	1	0.2	0.964	0.442	0.964	0.964	0	0	0.002	0.001	0.001	0.051	0
20	320	1	0.2	0.992009132420091	0.695205479452055	0.878995433789954	0.992009132420091	0	0.237442922374429	0.432648401826484	0.218036529680365	0.255707762557078	0.912100456621005	0
40	320	1	0.2	0.991943605236657	0.702920443101712	0.956696878147029	0.991943605236657	0.00100704934541793	0.0735146022155086	0.23766364551863	0.081570996978852	0.0906344410876133	0.739174219536757	0
80	320	1	0.2	0.992	0.703	0.992	0.992	0	0.002	0.028	0.004	0.005	0.281	0
160	320	1	0.2	0.992	0.703	0.992	0.992	0	0	0.001	0	0	0.034	0
320	320	1	0.2	0.992	0.703	0.992	0.992	0	0	0	0	0	0.003	0
20	20	0	0.5	0.5	0.0952380952380952	0.380952380952381	0.5	0.30952380952381	0.333333333333333	0.5	0.5	0.5	0.5	0.0714285714285714
40	20	0	0.5	0.4375	0.145833333333333	0.375	0.4375	0.395833333333333	0.333333333333333	0.4375	0.4375	0.416666666666667	0.4375	0.1875
80	20	0	0.5	0.568181818181818	0.0909090909090909	0.522727272727273	0.568181818181818	0.568181818181818	0.454545454545455	0.568181818181818	0.568181818181818	0.568181818181818	0.568181818181818	0.272727272727273
160	20	0	0.5	0.448979591836735	0.102040816326531	0.448979591836735	0.448979591836735	0.448979591836735	0.244897959183673	0.448979591836735	0.448979591836735	0.448979591836735	0.448979591836735	0.306122448979592
320	20	0	0.5	0.418604651162791	0.186046511627907	0.418604651162791	0.418604651162791	0.372093023255814	0.116279069767442	0.418604651162791	0.372093023255814	0.372093023255814	0.418604651162791	0.372093023255814
20	40	0	0.5	0.452380952380952	0.142857142857143	0.357142857142857	0.452380952380952	0.214285714285714	0.380952380952381	0.452380952380952	0.452380952380952	0.452380952380952	0.452380952380952	0.0476190476190476
40	40	0	0.5	0.458333333333333	0.291666666666667	0.458333333333333	0.458333333333333	0.416666666666667	0.416666666666667	0.458333333333333	0.4375	0.4375	0.458333333333333	0.208333333333333
80	40	0	0.5	0.522727272727273	0.363636363636364	0.522727272727273	0.522727272727273	0.454545454545455	0.363636363636364	0.522727272727273	0.5	0.5	0.522727272727273	0.454545454545455
160	40	0	0.5	0.469387755102041	0.306122448979592	0.448979591836735	0.469387755102041	0.408163265306122	0.183673469387755	0.469387755102041	0.428571428571429	0.408163265306122	0.469387755102041	0.408163265306122
320	40	0	0.5	0.441860465116279	0.255813953488372	0.441860465116279	0.441860465116279	0.302325581395349	0.13953488372093	0.395348837209302	0.325581395348837	0.302325581395349	0.441860465116279	0.395348837209302
20	80	0	0.5	0.452380952380952	0.404761904761905	0.452380952380952	0.452380952380952	0.333333333333333	0.428571428571429	0.452380952380952	0.428571428571429	0.452380952380952	0.452380952380952	0.0238095238095238
40	80	0	0.5	0.458333333333333	0.395833333333333	0.458333333333333	0.458333333333333	0.395833333333333	0.458333333333333	0.458333333333333	0.458333333333333	0.458333333333333	0.458333333333333	0.145833333333333
80	80	0	0.5	0.568181818181818	0.522727272727273	0.545454545454545	0.568181818181818	0.431818181818182	0.431818181818182	0.568181818181818	0.545454545454545	0.545454545454545	0.568181818181818	0.454545454545455
160	80	0	0.5	0.469387755102041	0.387755102040816	0.469387755102041	0.469387755102041	0.306122448979592	0.26530612244898	0.448979591836735	0.387755102040816	0.346938775510204	0.469387755102041	0.428571428571429
320	80	0	0.5	0.441860465116279	0.395348837209302	0.441860465116279	0.441860465116279	0.209302325581395	0.0930232558139535	0.395348837209302	0.27906976744186	0.255813953488372	0.441860465116279	0.418604651162791
20	160	0	0.5	0.452380952380952	0.452380952380952	0.452380952380952	0.452380952380952	0.166666666666667	0.452380952380952	0.452380952380952	0.452380952380952	0.452380952380952	0.452380952380952	0
40	160	0	0.5	0.458333333333333	0.458333333333333	0.458333333333333	0.458333333333333	0.416666666666667	0.458333333333333	0.458333333333333	0.458333333333333	0.458333333333333	0.458333333333333	0.145833333333333
80	160	0	0.5	0.568181818181818	0.568181818181818	0.568181818181818	0.568181818181818	0.340909090909091	0.477272727272727	0.568181818181818	0.545454545454545	0.545454545454545	0.568181818181818	0.477272727272727
160	160	0	0.5	0.469387755102041	0.448979591836735	0.469387755102041	0.469387755102041	0.204081632653061	0.204081632653061	0.469387755102041	0.346938775510204	0.346938775510204	0.469387755102041	0.448979591836735
320	160	0	0.5	0.441860465116279	0.441860465116279	0.441860465116279	0.441860465116279	0.13953488372093	0.0232558139534884	0.348837209302326	0.232558139534884	0.232558139534884	0.441860465116279	0.441860465116279
20	320	0	0.5	0.452380952380952	0.452380952380952	0.452380952380952	0.452380952380952	0.0952380952380952	0.452380952380952	0.452380952380952	0.452380952380952	0.452380952380952	0.452380952380952	0
40	320	0	0.5	0.458333333333333	0.458333333333333	0.458333333333333	0.458333333333333	0.416666666666667	0.458333333333333	0.458333333333333	0.458333333333333	0.458333333333333	0.458333333333333	0.125
80	320	0	0.5	0.568181818181818	0.568181818181818	0.568181818181818	0.568181818181818	0.318181818181818	0.568181818181818	0.568181818181818	0.568181818181818	0.568181818181818	0.568181818181818	0.477272727272727
160	320	0	0.5	0.469387755102041	0.469387755102041	0.469387755102041	0.469387755102041	0.0408163265306122	0.183673469387755	0.469387755102041	0.306122448979592	0.306122448979592	0.469387755102041	0.469387755102041
320	320	0	0.5	0.441860465116279	0.441860465116279	0.441860465116279	0.441860465116279	0.0465116279069767	0.0465116279069767	0.255813953488372	0.0697674418604651	0.0697674418604651	0.441860465116279	0.441860465116279
20	20	0.2	0.5	0.868686868686869	0.303030303030303	0.717171717171717	0.868686868686869	0.757575757575758	0.787878787878788	0.868686868686869	0.858585858585859	0.858585858585859	0.868686868686869	0.181818181818182
40	20	0.2	0.5	0.906666666666667	0.333333333333333	0.826666666666667	0.906666666666667	0.88	0.72	0.9	0.893333333333333	0.893333333333333	0.906666666666667	0.413333333333333
80	20	0.2	0.5	0.944954128440367	0.362385321100917	0.917431192660551	0.944954128440367	0.885321100917431	0.646788990825688	0.935779816513762	0.889908256880734	0.885321100917431	0.944954128440367	0.642201834862385
160	20	0.2	0.5	0.945701357466063	0.375565610859729	0.936651583710407	0.945701357466063	0.830316742081448	0.414027149321267	0.920814479638009	0.857466063348416	0.830316742081448	0.945701357466063	0.721719457013575
320	20	0.2	0.5	0.943100995732575	0.337126600284495	0.943100995732575	0.943100995732575	0.810810810810811	0.267425320056899	0.886201991465149	0.819345661450925	0.803698435277383	0.943100995732575	0.785206258890469
20	40	0.2	0.5	0.929292929292929	0.636363636363636	0.888888888888889	0.929292929292929	0.696969696969697	0.838383838383838	0.929292929292929	0.888888888888889	0.898989898989899	0.929292929292929	0.141414141414141
40	40	0.2	0.5	0.946666666666667	0.633333333333333	0.906666666666667	0.946666666666667	0.886666666666667	0.88	0.946666666666667	0.946666666666667	0.946666666666667	0.946666666666667	0.433333333333333
80	40	0.2	0.5	0.995412844036697	0.63302752293578	0.990825688073395	0.995412844036697	0.912844036697248	0.756880733944954	0.995412844036697	0.958715596330275	0.944954128440367	0.995412844036697	0.665137614678899
160	40	0.2	0.5	0.995475113122172	0.615384615384615	0.993212669683258	0.995475113122172	0.84841628959276	0.497737556561086	0.970588235294118	0.886877828054299	0.880090497737557	0.995475113122172	0.812217194570136
320	40	0.2	0.5	0.987197724039829	0.62873399715505	0.985775248933144	0.987197724039829	0.762446657183499	0.2574679943101	0.913229018492176	0.795163584637269	0.789473684210526	0.985775248933144	0.886201991465149
20	80	0.2	0.5	0.939393939393939	0.848484848484849	0.909090909090909	0.939393939393939	0.565656565656566	0.888888888888889	0.939393939393939	0.909090909090909	0.919191919191919	0.939393939393939	0.0808080808080808
40	80	0.2	0.5	0.966666666666667	0.88	0.96	0.966666666666667	0.92	0.953333333333333	0.966666666666667	0.96	0.96	0.966666666666667	0.426666666666667
80	80	0.2	0.5	1	0.903669724770642	1	1	0.889908256880734	0.876146788990826	1	0.967889908256881	0.967889908256881	1	0.715596330275229
160	80	0.2	0.5	0.997737556561086	0.880090497737557	0.997737556561086	0.997737556561086	0.735294117647059	0.549773755656109	0.96606334841629	0.855203619909502	0.84841628959276	0.997737556561086	0.855203619909502
320	80	0.2	0.5	0.998577524893314	0.879089615931721	0.998577524893314	0.998577524893314	0.597439544807966	0.275960170697013	0.881934566145092	0.665718349928876	0.658605974395448	0.998577524893314	0.934566145092461
20	160	0.2	0.5	0.939393939393939	0.939393939393939	0.939393939393939	0.939393939393939	0.292929292929293	0.929292929292929	0.939393939393939	0.929292929292929	0.929292929292929	0.939393939393939	0.0202020202020202
40	160	0.2	0.5	0.966666666666667	0.96	0.966666666666667	0.966666666666667	0.9	0.966666666666667	0.966666666666667	0.966666666666667	0.966666666666667	0.966666666666667	0.393333333333333
80	160	0.2	0.5	1	0.990825688073395	1	1	0.81651376146789	0.926605504587156	1	0.986238532110092	0.981651376146789	1	0.738532110091743
160	160	0.2	0.5	1	0.993212669683258	1	1	0.590497737556561	0.581447963800905	0.990950226244344	0.834841628959276	0.82579185520362	1	0.927601809954751
320	160	0.2	0.5	1	0.995732574679943	1	1	0.375533428165007	0.211948790896159	0.833570412517781	0.547652916073969	0.541963015647226	0.991465149359886	0.97724039829303
20	320	0.2	0.5	0.939393939393939	0.939393939393939	0.939393939393939	0.939393939393939	0.131313131313131	0.929292929292929	0.939393939393939	0.929292929292929	0.929292929292929	0.939393939393939	0
40	320	0.2	0.5	0.966666666666667	0.966666666666667	0.966666666666667	0.966666666666667	0.826666666666667	0.966666666666667	0.966666666666667	0.966666666666667	0.966666666666667	0.966666666666667	0.286666666666667
80	320	0.2	0.5	1	1	1	1	0.692660550458716	0.990825688073395	1	1	1	1	0.798165137614679
160	320	0.2	0.5	1	1	1	1	0.332579185520362	0.583710407239819	0.96606334841629	0.782805429864253	0.771493212669683	1	0.952488687782805
320	320	0.2	0.5	1	1	1	1	0.14651493598862	0.145092460881935	0.70697012802276	0.342816500711238	0.334281650071124	0.978662873399715	0.998577524893314
20	20	0.5	0.5	0.951704545454545	0.352272727272727	0.875	0.951704545454545	0.75	0.775568181818182	0.948863636363636	0.900568181818182	0.914772727272727	0.951704545454545	0.173295454545455
40	20	0.5	0.5	0.939586645468998	0.359300476947536	0.920508744038156	0.939586645468998	0.883942766295707	0.758346581875994	0.939586645468998	0.92368839427663	0.922098569157393	0.939586645468998	0.370429252782194
80	20	0.5	0.5	0.945701357466063	0.345022624434389	0.942307692307692	0.945701357466063	0.899321266968326	0.60972850678733	0.937782805429864	0.927601809954751	0.921945701357466	0.945701357466063	0.451357466063348
160	20	0.5	0.5	0.941708542713568	0.351758793969849	0.941708542713568	0.941708542713568	0.899497487437186	0.449246231155779	0.937688442211055	0.912562814070352	0.90251256281407	0.941708542713568	0.512562814070352
320	20	0.5	0.5	0.942	0.352	0.942	0.942	0.914	0.345	0.932	0.916	0.908	0.942	0.507
20	40	0.5	0.5	0.994318181818182	0.582386363636364	0.923295454545455	0.994318181818182	0.605113636363636	0.801136363636364	0.991477272727273	0.892045454545455	0.934659090909091	0.994318181818182	0.102272727272727
40	40	0.5	0.5	0.988871224165342	0.645468998410175	0.972972972972973	0.988871224165342	0.85214626391097	0.869634340222575	0.988871224165342	0.958664546899841	0.958664546899841	0.988871224165342	0.327503974562798
80	40	0.5	0.5	0.992081447963801	0.625565610859729	0.98868778280543	0.992081447963801	0.903846153846154	0.740950226244344	0.992081447963801	0.962669683257919	0.960407239819005	0.992081447963801	0.475113122171946
160	40	0.5	0.5	0.989949748743719	0.628140703517588	0.989949748743719	0.989949748743719	0.927638190954774	0.622110552763819	0.985929648241206	0.95678391959799	0.954773869346734	0.989949748743719	0.539698492462312
320	40	0.5	0.5	0.99	0.629	0.99	0.99	0.929	0.48	0.983	0.941	0.94	0.99	0.536
20	80	0.5	0.5	1	0.889204545454545	0.980113636363636	1	0.4375	0.886363636363636	0.991477272727273	0.920454545454545	0.946022727272727	1	0.0539772727272727
40	80	0.5	0.5	0.998410174880763	0.874403815580286	0.992050874403816	0.998410174880763	0.753577106518283	0.914149443561208	0.993640699523052	0.958664546899841	0.963434022257552	0.998410174880763	0.228934817170111
80	80	0.5	0.5	0.998868778280543	0.8789592760181	0.996606334841629	0.998868778280543	0.867647058823529	0.866515837104072	0.995475113122172	0.958144796380091	0.962669683257919	0.998868778280543	0.450226244343891
160	80	0.5	0.5	0.998994974874372	0.884422110552764	0.998994974874372	0.998994974874372	0.89748743718593	0.749748743718593	0.994974874371859	0.958793969849246	0.95678391959799	0.998994974874372	0.526633165829146
320	80	0.5	0.5	0.999	0.884	0.999	0.999	0.899	0.583	0.985	0.936	0.936	0.999	0.504
20	160	0.5	0.5	1	0.994318181818182	1	1	0.252840909090909	0.897727272727273	0.988636363636364	0.894886363636364	0.923295454545455	1	0.00852272727272727
40	160	0.5	0.5	1	0.992050874403816	1	1	0.661367249602544	0.937996820349762	1	0.957074721780604	0.969793322734499	1	0.203497615262321
80	160	0.5	0.5	1	0.994343891402715	1	1	0.776018099547511	0.918552036199095	0.997737556561086	0.964932126696833	0.96606334841629	1	0.42420814479638
160	160	0.5	0.5	1	0.994974874371859	1	1	0.826130653266332	0.819095477386935	0.996984924623116	0.961809045226131	0.961809045226131	1	0.485427135678392
320	160	0.5	0.5	1	0.995	1	1	0.893	0.759	0.993	0.949	0.948	1	0.497
20	320	0.5	0.5	1	1	1	1	0.113636363636364	0.917613636363636	0.982954545454545	0.900568181818182	0.926136363636364	1	0.00568181818181818
40	320	0.5	0.5	1	1	1	1	0.545310015898251	0.94912559618442	0.992050874403816	0.95389507154213	0.963434022257552	1	0.17329093799682
80	320	0.5	0.5	1	1	1	1	0.658371040723982	0.949095022624434	0.992081447963801	0.960407239819005	0.963800904977376	1	0.423076923076923
160	320	0.5	0.5	1	1	1	1	0.755778894472362	0.899497487437186	0.996984924623116	0.960804020100502	0.957788944723618	1	0.51356783919598
320	320	0.5	0.5	1	1	1	1	0.829	0.822	0.991	0.942	0.944	1	0.504
20	20	0.8	0.5	0.933908045977011	0.362068965517241	0.892241379310345	0.933908045977011	0.668103448275862	0.701149425287356	0.923850574712644	0.834770114942529	0.863505747126437	0.933908045977011	0.127873563218391
40	20	0.8	0.5	0.93936170212766	0.347872340425532	0.932978723404255	0.93936170212766	0.747872340425532	0.587234042553191	0.932978723404255	0.841489361702128	0.862765957446809	0.93936170212766	0.215957446808511
80	20	0.8	0.5	0.942	0.352	0.942	0.942	0.806	0.482	0.931	0.857	0.863	0.942	0.226
160	20	0.8	0.5	0.942	0.352	0.942	0.942	0.821	0.346	0.929	0.844	0.861	0.942	0.211
320	20	0.8	0.5	0.942	0.352	0.942	0.942	0.823	0.246	0.919	0.84	0.86	0.942	0.21
20	40	0.8	0.5	0.994252873563218	0.622126436781609	0.956896551724138	0.994252873563218	0.511494252873563	0.739942528735632	0.958333333333333	0.824712643678161	0.862068965517241	0.992816091954023	0.0804597701149425
40	40	0.8	0.5	0.990425531914894	0.626595744680851	0.985106382978723	0.990425531914894	0.642553191489362	0.663829787234043	0.965957446808511	0.823404255319149	0.85531914893617	0.98936170212766	0.153191489361702
80	40	0.8	0.5	0.99	0.629	0.99	0.99	0.726	0.556	0.954	0.828	0.843	0.988	0.153
160	40	0.8	0.5	0.99	0.629	0.99	0.99	0.739	0.398	0.94	0.798	0.825	0.989	0.14
320	40	0.8	0.5	0.99	0.629	0.99	0.99	0.743	0.297	0.905	0.771	0.79	0.99	0.117
20	80	0.8	0.5	0.998563218390805	0.883620689655172	0.98132183908046	0.998563218390805	0.278735632183908	0.761494252873563	0.955459770114943	0.793103448275862	0.830459770114943	0.995689655172414	0.0330459770114943
40	80	0.8	0.5	0.998936170212766	0.882978723404255	0.996808510638298	0.998936170212766	0.467021276595745	0.682978723404255	0.943617021276596	0.786170212765957	0.812765957446808	0.997872340425532	0.108510638297872
80	80	0.8	0.5	0.999	0.884	0.999	0.999	0.537	0.556	0.93	0.75	0.778	0.995	0.09
160	80	0.8	0.5	0.999	0.884	0.999	0.999	0.543	0.371	0.89	0.678	0.691	0.993	0.064
320	80	0.8	0.5	0.999	0.884	0.999	0.999	0.528	0.226	0.832	0.603	0.623	0.989	0.06
20	160	0.8	0.5	1	0.995689655172414	1	1	0.14367816091954	0.777298850574713	0.938218390804598	0.76867816091954	0.814655172413793	0.997126436781609	0.00862068965517241
40	160	0.8	0.5	1	0.99468085106383	1	1	0.334042553191489	0.693617021276596	0.926595744680851	0.740425531914894	0.776595744680851	0.995744680851064	0.0617021276595745
80	160	0.8	0.5	1	0.995	1	1	0.336	0.56	0.902	0.688	0.701	0.989	0.051
160	160	0.8	0.5	1	0.995	1	1	0.315	0.325	0.817	0.541	0.558	0.978	0.026
320	160	0.8	0.5	1	0.995	1	1	0.277	0.151	0.714	0.418	0.432	0.97	0.017
20	320	0.8	0.5	1	1	1	1	0.0833333333333333	0.801724137931034	0.913793103448276	0.772988505747126	0.816091954022989	0.998563218390805	0.00574712643678161
40	320	0.8	0.5	1	1	1	1	0.245744680851064	0.70531914893617	0.893617021276596	0.717021276595745	0.745744680851064	0.996808510638298	0.0659574468085106
80	320	0.8	0.5	1	1	1	1	0.215	0.571	0.837	0.632	0.657	0.988	0.042
160	320	0.8	0.5	1	1	1	1	0.151	0.303	0.729	0.443	0.453	0.969	0.016
320	320	0.8	0.5	1	1	1	1	0.115	0.121	0.554	0.262	0.275	0.906	0.003
20	20	1	0.5	0.942922374429224	0.350456621004566	0.921232876712329	0.942922374429224	0.542237442922374	0.587899543378995	0.912100456621005	0.737442922374429	0.788812785388128	0.940639269406393	0.0901826484018265
40	20	1	0.5	0.944612286002014	0.352467270896274	0.943605236656596	0.944612286002014	0.634441087613293	0.459214501510574	0.908358509566969	0.745216515609265	0.78147029204431	0.944612286002014	0.123867069486405
80	20	1	0.5	0.942	0.352	0.942	0.942	0.63	0.312	0.869	0.709	0.738	0.942	0.095
160	20	1	0.5	0.942	0.352	0.942	0.942	0.645	0.212	0.838	0.677	0.709	0.942	0.088
320	20	1	0.5	0.942	0.352	0.942	0.942	0.65	0.149	0.796	0.665	0.69	0.942	0.088
20	40	1	0.5	0.988584474885845	0.634703196347032	0.965753424657534	0.988584474885845	0.377853881278539	0.631278538812785	0.922374429223744	0.698630136986301	0.757990867579909	0.984018264840183	0.045662100456621
40	40	1	0.5	0.989929506545821	0.629405840886203	0.989929506545821	0.989929506545821	0.444108761329305	0.472306143001007	0.902316213494461	0.673716012084592	0.723061430010071	0.984894259818731	0.0594159113796576
80	40	1	0.5	0.99	0.629	0.99	0.99	0.433	0.275	0.84	0.566	0.606	0.982	0.039
160	40	1	0.5	0.99	0.629	0.99	0.99	0.443	0.152	0.767	0.529	0.566	0.971	0.033
320	40	1	0.5	0.99	0.629	0.99	0.99	0.44	0.089	0.71	0.481	0.515	0.973	0.026
20	80	1	0.5	0.998858447488584	0.884703196347032	0.994292237442922	0.998858447488584	0.219178082191781	0.616438356164384	0.888127853881279	0.64041095890411	0.69634703196347	0.990867579908676	0.0194063926940639
40	80	1	0.5	0.998992950654582	0.884189325276939	0.998992950654582	0.998992950654582	0.249748237663646	0.451158106747231	0.831822759315206	0.560926485397784	0.593152064451158	0.986908358509567	0.0372608257804632
80	80	1	0.5	0.999	0.884	0.999	0.999	0.202	0.217	0.706	0.396	0.426	0.954	0.022
160	80	1	0.5	0.999	0.884	0.999	0.999	0.186	0.098	0.589	0.292	0.313	0.927	0.007
320	80	1	0.5	0.999	0.884	0.999	0.999	0.157	0.031	0.458	0.216	0.23	0.875	0.003
20	160	1	0.5	1	0.995433789954338	1	1	0.0993150684931507	0.61986301369863	0.837899543378995	0.610730593607306	0.666666666666667	0.98972602739726	0.00342465753424658
40	160	1	0.5	1	0.99496475327291	1	1	0.14098690835851	0.436052366565962	0.763343403826788	0.484390735146022	0.520644511581068	0.977844914400806	0.0181268882175227
80	160	1	0.5	1	0.995	1	1	0.075	0.176	0.577	0.27	0.291	0.911	0.002
160	160	1	0.5	1	0.995	1	1	0.036	0.041	0.375	0.109	0.118	0.81	0
320	160	1	0.5	1	0.995	1	1	0.019	0.007	0.2	0.046	0.047	0.647	0
20	320	1	0.5	1	1	1	1	0.0445205479452055	0.642694063926941	0.787671232876712	0.610730593607306	0.66324200913242	0.990867579908676	0.00228310502283105
40	320	1	0.5	1	1	1	1	0.081570996978852	0.448136958710977	0.69889224572004	0.463242698892246	0.492447129909366	0.973816717019134	0.0100704934541793
80	320	1	0.5	1	1	1	1	0.038	0.159	0.455	0.202	0.215	0.862	0.003
160	320	1	0.5	1	1	1	1	0.007	0.033	0.211	0.056	0.06	0.651	0
320	320	1	0.5	1	1	1	1	0	0	0.059	0.008	0.009	0.352	0
20	20	0	0.8	0.452380952380952	0.380952380952381	0.452380952380952	0.452380952380952	0.452380952380952	0.428571428571429	0.452380952380952	0.452380952380952	0.452380952380952	0.452380952380952	0.285714285714286
40	20	0	0.8	0.479166666666667	0.333333333333333	0.4375	0.479166666666667	0.4375	0.3125	0.479166666666667	0.479166666666667	0.479166666666667	0.479166666666667	0.416666666666667
80	20	0	0.8	0.568181818181818	0.431818181818182	0.568181818181818	0.568181818181818	0.386363636363636	0.136363636363636	0.522727272727273	0.409090909090909	0.386363636363636	0.568181818181818	0.545454545454545
160	20	0	0.8	0.469387755102041	0.285714285714286	0.469387755102041	0.469387755102041	0.306122448979592	0.0612244897959184	0.387755102040816	0.306122448979592	0.306122448979592	0.469387755102041	0.408163265306122
320	20	0	0.8	0.441860465116279	0.232558139534884	0.441860465116279	0.441860465116279	0.232558139534884	0.0465116279069767	0.302325581395349	0.232558139534884	0.232558139534884	0.441860465116279	0.441860465116279
20	40	0	0.8	0.452380952380952	0.404761904761905	0.452380952380952	0.452380952380952	0.404761904761905	0.452380952380952	0.452380952380952	0.452380952380952	0.452380952380952	0.452380952380952	0.214285714285714
40	40	0	0.8	0.458333333333333	0.4375	0.458333333333333	0.458333333333333	0.354166666666667	0.354166666666667	0.458333333333333	0.416666666666667	0.416666666666667	0.458333333333333	0.416666666666667
80	40	0	0.8	0.568181818181818	0.522727272727273	0.568181818181818	0.568181818181818	0.272727272727273	0.159090909090909	0.522727272727273	0.431818181818182	0.340909090909091	0.568181818181818	0.545454545454545
160	40	0	0.8	0.469387755102041	0.428571428571429	0.469387755102041	0.469387755102041	0.142857142857143	0.0408163265306122	0.326530612244898	0.204081632653061	0.183673469387755	0.448979591836735	0.469387755102041
320	40	0	0.8	0.441860465116279	0.418604651162791	0.441860465116279	0.441860465116279	0.0697674418604651	0	0.186046511627907	0.0697674418604651	0.0697674418604651	0.372093023255814	0.441860465116279
20	80	0	0.8	0.452380952380952	0.452380952380952	0.452380952380952	0.452380952380952	0.380952380952381	0.452380952380952	0.452380952380952	0.452380952380952	0.452380952380952	0.452380952380952	0.238095238095238
40	80	0	0.8	0.458333333333333	0.458333333333333	0.458333333333333	0.458333333333333	0.270833333333333	0.375	0.458333333333333	0.458333333333333	0.458333333333333	0.458333333333333	0.416666666666667
80	80	0	0.8	0.568181818181818	0.568181818181818	0.568181818181818	0.568181818181818	0.136363636363636	0.0909090909090909	0.522727272727273	0.363636363636364	0.318181818181818	0.568181818181818	0.568181818181818
160	80	0	0.8	0.469387755102041	0.469387755102041	0.469387755102041	0.469387755102041	0.0204081632653061	0.0204081632653061	0.224489795918367	0.0204081632653061	0.0204081632653061	0.448979591836735	0.469387755102041
320	80	0	0.8	0.441860465116279	0.441860465116279	0.441860465116279	0.441860465116279	0	0	0.0465116279069767	0.0232558139534884	0.0232558139534884	0.302325581395349	0.441860465116279
20	160	0	0.8	0.452380952380952	0.452380952380952	0.452380952380952	0.452380952380952	0.30952380952381	0.452380952380952	0.452380952380952	0.452380952380952	0.452380952380952	0.452380952380952	0.214285714285714
40	160	0	0.8	0.458333333333333	0.458333333333333	0.458333333333333	0.458333333333333	0.229166666666667	0.416666666666667	0.458333333333333	0.458333333333333	0.4375	0.458333333333333	0.416666666666667
80	160	0	0.8	0.568181818181818	0.568181818181818	0.568181818181818	0.568181818181818	0	0.0909090909090909	0.454545454545455	0.227272727272727	0.227272727272727	0.568181818181818	0.568181818181818
160	160	0	0.8	0.469387755102041	0.469387755102041	0.469387755102041	0.469387755102041	0	0	0.0816326530612245	0	0	0.36734693877551	0.469387755102041
320	160	0	0.8	0.441860465116279	0.441860465116279	0.441860465116279	0.441860465116279	0	0	0	0	0	0.116279069767442	0.441860465116279
20	320	0	0.8	0.452380952380952	0.452380952380952	0.452380952380952	0.452380952380952	0.357142857142857	0.452380952380952	0.452380952380952	0.452380952380952	0.452380952380952	0.452380952380952	0.285714285714286
40	320	0	0.8	0.458333333333333	0.458333333333333	0.458333333333333	0.458333333333333	0.125	0.458333333333333	0.458333333333333	0.458333333333333	0.458333333333333	0.458333333333333	0.4375
80	320	0	0.8	0.568181818181818	0.568181818181818	0.568181818181818	0.568181818181818	0	0.0681818181818182	0.318181818181818	0.136363636363636	0.113636363636364	0.568181818181818	0.568181818181818
160	320	0	0.8	0.469387755102041	0.469387755102041	0.469387755102041	0.469387755102041	0	0	0.0204081632653061	0	0	0.224489795918367	0.469387755102041
320	320	0	0.8	0.441860465116279	0.441860465116279	0.441860465116279	0.441860465116279	0	0	0	0	0	0.0465116279069767	0.441860465116279
20	20	0.2	0.8	0.929292929292929	0.727272727272727	0.919191919191919	0.929292929292929	0.878787878787879	0.878787878787879	0.929292929292929	0.919191919191919	0.919191919191919	0.929292929292929	0.565656565656566
40	20	0.2	0.8	0.96	0.7	0.946666666666667	0.96	0.846666666666667	0.646666666666667	0.953333333333333	0.9	0.886666666666667	0.96	0.786666666666667
80	20	0.2	0.8	0.995412844036697	0.665137614678899	0.995412844036697	0.995412844036697	0.802752293577982	0.41743119266055	0.954128440366973	0.871559633027523	0.825688073394495	0.995412844036697	0.922018348623853
160	20	0.2	0.8	0.993212669683258	0.680995475113122	0.993212669683258	0.993212669683258	0.649321266968326	0.190045248868778	0.866515837104072	0.699095022624434	0.653846153846154	0.986425339366516	0.932126696832579
320	20	0.2	0.8	0.995732574679943	0.691322901849218	0.995732574679943	0.995732574679943	0.59601706970128	0.085348506401138	0.778093883357041	0.621621621621622	0.584637268847795	0.984352773826458	0.960170697012802
20	40	0.2	0.8	0.939393939393939	0.888888888888889	0.939393939393939	0.939393939393939	0.848484848484849	0.919191919191919	0.939393939393939	0.939393939393939	0.939393939393939	0.939393939393939	0.515151515151515
40	40	0.2	0.8	0.966666666666667	0.906666666666667	0.966666666666667	0.966666666666667	0.806666666666667	0.76	0.966666666666667	0.926666666666667	0.92	0.966666666666667	0.806666666666667
80	40	0.2	0.8	1	0.940366972477064	0.995412844036697	1	0.532110091743119	0.330275229357798	0.931192660550459	0.665137614678899	0.614678899082569	0.995412844036697	0.958715596330275
160	40	0.2	0.8	1	0.943438914027149	1	1	0.414027149321267	0.113122171945701	0.764705882352941	0.502262443438914	0.479638009049774	0.986425339366516	0.979638009049774
320	40	0.2	0.8	1	0.940256045519203	0.998577524893314	1	0.327169274537696	0.0398293029871977	0.58321479374111	0.366998577524893	0.342816500711238	0.955903271692745	0.988620199146515
20	80	0.2	0.8	0.939393939393939	0.939393939393939	0.939393939393939	0.939393939393939	0.888888888888889	0.939393939393939	0.939393939393939	0.939393939393939	0.939393939393939	0.939393939393939	0.494949494949495
40	80	0.2	0.8	0.966666666666667	0.966666666666667	0.966666666666667	0.966666666666667	0.62	0.8	0.966666666666667	0.913333333333333	0.906666666666667	0.966666666666667	0.913333333333333
80	80	0.2	0.8	1	1	1	1	0.353211009174312	0.339449541284404	0.940366972477064	0.669724770642202	0.63302752293578	1	0.986238532110092
160	80	0.2	0.8	1	1	1	1	0.144796380090498	0.0497737556561086	0.622171945701357	0.271493212669683	0.255656108597285	0.957013574660634	1
320	80	0.2	0.8	1	1	1	1	0.058321479374111	0.0128022759601707	0.305832147937411	0.102418207681366	0.0910384068278805	0.823613086770982	1
20	160	0.2	0.8	0.939393939393939	0.939393939393939	0.939393939393939	0.939393939393939	0.757575757575758	0.939393939393939	0.939393939393939	0.939393939393939	0.939393939393939	0.939393939393939	0.484848484848485
40	160	0.2	0.8	0.966666666666667	0.966666666666667	0.966666666666667	0.966666666666667	0.433333333333333	0.906666666666667	0.966666666666667	0.953333333333333	0.933333333333333	0.966666666666667	0.94
80	160	0.2	0.8	1	1	1	1	0.123853211009174	0.279816513761468	0.81651376146789	0.481651376146789	0.463302752293578	1	0.995412844036697
160	160	0.2	0.8	1	1	1	1	0.0135746606334842	0.0135746606334842	0.352941176470588	0.085972850678733	0.0723981900452489	0.84841628959276	1
320	160	0.2	0.8	1	1	1	1	0.0042674253200569	0.00284495021337127	0.0796586059743954	0.0142247510668563	0.0128022759601707	0.450924608819346	1
20	320	0.2	0.8	0.939393939393939	0.939393939393939	0.939393939393939	0.939393939393939	0.717171717171717	0.939393939393939	0.939393939393939	0.939393939393939	0.939393939393939	0.939393939393939	0.464646464646465
40	320	0.2	0.8	0.966666666666667	0.966666666666667	0.966666666666667	0.966666666666667	0.18	0.92	0.966666666666667	0.94	0.933333333333333	0.966666666666667	0.953333333333333
80	320	0.2	0.8	1	1	1	1	0.0229357798165138	0.220183486238532	0.706422018348624	0.36697247706422	0.325688073394495	1	1
160	320	0.2	0.8	1	1	1	1	0	0.0158371040723982	0.14027149321267	0.0339366515837104	0.0316742081447964	0.687782805429864	1
320	320	0.2	0.8	1	1	1	1	0	0	0.0113798008534851	0.00142247510668563	0.00142247510668563	0.13371266002845	1
20	20	0.5	0.8	1	0.704545454545455	0.991477272727273	1	0.903409090909091	0.903409090909091	1	0.96875	0.96875	1	0.457386363636364
40	20	0.5	0.8	0.998410174880763	0.697933227344992	0.996820349761526	0.998410174880763	0.922098569157393	0.742448330683625	0.995230524642289	0.971383147853736	0.960254372019078	0.998410174880763	0.672496025437202
80	20	0.5	0.8	0.995475113122172	0.694570135746606	0.994343891402715	0.995475113122172	0.858597285067873	0.48868778280543	0.979638009049774	0.904977375565611	0.873303167420814	0.994343891402715	0.771493212669683
160	20	0.5	0.8	0.995979899497487	0.69748743718593	0.995979899497487	0.995979899497487	0.844221105527638	0.341708542713568	0.949748743718593	0.866331658291457	0.836180904522613	0.994974874371859	0.819095477386935
320	20	0.5	0.8	0.996	0.696	0.996	0.996	0.852	0.263	0.938	0.864	0.837	0.995	0.818
20	40	0.5	0.8	1	0.931818181818182	0.997159090909091	1	0.869318181818182	0.971590909090909	0.997159090909091	0.982954545454545	0.991477272727273	1	0.403409090909091
40	40	0.5	0.8	1	0.936406995230525	1	1	0.85214626391097	0.834658187599364	0.998410174880763	0.971383147853736	0.958664546899841	1	0.696343402225755
80	40	0.5	0.8	1	0.938914027149321	1	1	0.764705882352941	0.569004524886878	0.971719457013575	0.852941176470588	0.833710407239819	0.998868778280543	0.833710407239819
160	40	0.5	0.8	1	0.939698492462312	1	1	0.719597989949749	0.359798994974874	0.931658291457286	0.779899497487437	0.757788944723618	0.997989949748744	0.889447236180904
320	40	0.5	0.8	1	0.94	1	1	0.736	0.246	0.894	0.766	0.745	0.994	0.894
20	80	0.5	0.8	1	1	1	1	0.792613636363636	0.982954545454545	1	0.985795454545455	0.991477272727273	1	0.394886363636364
40	80	0.5	0.8	1	1	1	1	0.758346581875994	0.920508744038156	0.996820349761526	0.982511923688394	0.972972972972973	1	0.753577106518283
80	80	0.5	0.8	1	1	1	1	0.623303167420814	0.607466063348416	0.970588235294118	0.834841628959276	0.809954751131222	1	0.899321266968326
160	80	0.5	0.8	1	1	1	1	0.555778894472362	0.335678391959799	0.900502512562814	0.704522613065327	0.677386934673367	0.994974874371859	0.947738693467337
320	80	0.5	0.8	1	1	1	1	0.558	0.204	0.86	0.647	0.612	0.987	0.949
20	160	0.5	0.8	1	1	1	1	0.732954545454545	0.988636363636364	1	0.988636363636364	0.991477272727273	1	0.380681818181818
40	160	0.5	0.8	1	1	1	1	0.60731319554849	0.960254372019078	0.998410174880763	0.988871224165342	0.982511923688394	1	0.790143084260731
80	160	0.5	0.8	1	1	1	1	0.404977375565611	0.596153846153846	0.953619909502262	0.773755656108597	0.743212669683258	0.997737556561086	0.908371040723982
160	160	0.5	0.8	1	1	1	1	0.322613065326633	0.307537688442211	0.813065326633166	0.550753768844221	0.532663316582915	0.985929648241206	0.968844221105528
320	160	0.5	0.8	1	1	1	1	0.301	0.167	0.731	0.444	0.43	0.958	0.988
20	320	0.5	0.8	1	1	1	1	0.585227272727273	0.988636363636364	0.994318181818182	0.988636363636364	0.991477272727273	1	0.403409090909091
40	320	0.5	0.8	1	1	1	1	0.456279809220986	0.980922098569157	1	0.993640699523052	0.985691573926868	1	0.812400635930048
80	320	0.5	0.8	1	1	1	1	0.257918552036199	0.615384615384615	0.932126696832579	0.719457013574661	0.702488687782805	1	0.941176470588235
160	320	0.5	0.8	1	1	1	1	0.149748743718593	0.279396984924623	0.724623115577889	0.413065326633166	0.4	0.971859296482412	0.986934673366834
320	320	0.5	0.8	1	1	1	1	0.13	0.128	0.549	0.275	0.265	0.895	0.997
20	20	0.8	0.8	0.997126436781609	0.69683908045977	0.984195402298851	0.997126436781609	0.850574712643678	0.862068965517241	0.994252873563218	0.949712643678161	0.96264367816092	0.997126436781609	0.349137931034483
40	20	0.8	0.8	0.995744680851064	0.695744680851064	0.99468085106383	0.995744680851064	0.9	0.738297872340426	0.990425531914894	0.957446808510638	0.956382978723404	0.995744680851064	0.485106382978723
80	20	0.8	0.8	0.996	0.696	0.996	0.996	0.922	0.605	0.988	0.951	0.94	0.996	0.51
160	20	0.8	0.8	0.996	0.696	0.996	0.996	0.934	0.478	0.984	0.946	0.946	0.996	0.496
320	20	0.8	0.8	0.996	0.696	0.996	0.996	0.94	0.366	0.979	0.947	0.942	0.995	0.503
20	40	0.8	0.8	1	0.936781609195402	1	1	0.767241379310345	0.932471264367816	0.997126436781609	0.958333333333333	0.971264367816092	1	0.304597701149425
40	40	0.8	0.8	1	0.938297872340425	0.997872340425532	1	0.834042553191489	0.832978723404255	0.991489361702128	0.95	0.947872340425532	1	0.476595744680851
80	40	0.8	0.8	1	0.94	1	1	0.897	0.759	0.996	0.95	0.949	0.999	0.508
160	40	0.8	0.8	1	0.94	1	1	0.919	0.598	0.988	0.949	0.947	1	0.497
320	40	0.8	0.8	1	0.94	1	1	0.93	0.462	0.988	0.95	0.942	1	0.498
20	80	0.8	0.8	1	1	1	1	0.683908045977011	0.938218390804598	0.991379310344828	0.942528735632184	0.96264367816092	1	0.308908045977011
40	80	0.8	0.8	1	1	1	1	0.745744680851064	0.907446808510638	0.995744680851064	0.962765957446808	0.964893617021277	1	0.447872340425532
80	80	0.8	0.8	1	1	1	1	0.841	0.842	0.992	0.955	0.955	1	0.494
160	80	0.8	0.8	1	1	1	1	0.902	0.754	0.996	0.957	0.957	1	0.491
320	80	0.8	0.8	1	1	1	1	0.927	0.649	0.989	0.949	0.942	1	0.482
20	160	0.8	0.8	1	1	1	1	0.560344827586207	0.958333333333333	0.984195402298851	0.952586206896552	0.96264367816092	1	0.285919540229885
40	160	0.8	0.8	1	1	1	1	0.641489361702128	0.942553191489362	0.996808510638298	0.968085106382979	0.973404255319149	1	0.45
80	160	0.8	0.8	1	1	1	1	0.743	0.898	0.996	0.948	0.949	1	0.514
160	160	0.8	0.8	1	1	1	1	0.833	0.835	0.994	0.938	0.936	1	0.497
320	160	0.8	0.8	1	1	1	1	0.897	0.741	0.996	0.958	0.954	1	0.496
20	320	0.8	0.8	1	1	1	1	0.474137931034483	0.955459770114943	0.989942528735632	0.943965517241379	0.96264367816092	1	0.288793103448276
40	320	0.8	0.8	1	1	1	1	0.507446808510638	0.965957446808511	0.99468085106383	0.967021276595745	0.973404255319149	1	0.458510638297872
80	320	0.8	0.8	1	1	1	1	0.65	0.922	0.988	0.937	0.94	1	0.513
160	320	0.8	0.8	1	1	1	1	0.759	0.895	0.996	0.956	0.956	1	0.504
320	320	0.8	0.8	1	1	1	1	0.828	0.828	0.991	0.948	0.948	1	0.492
20	20	1	0.8	0.997716894977169	0.705479452054795	0.992009132420091	0.997716894977169	0.779680365296804	0.811643835616438	0.987442922374429	0.908675799086758	0.932648401826484	0.997716894977169	0.263698630136986
40	20	1	0.8	0.995971802618328	0.695871097683787	0.995971802618328	0.995971802618328	0.842900302114804	0.697885196374622	0.983887210473313	0.916414904330312	0.930513595166163	0.995971802618328	0.334340382678751
80	20	1	0.8	0.996	0.696	0.996	0.996	0.861	0.581	0.981	0.901	0.931	0.996	0.305
160	20	1	0.8	0.996	0.696	0.996	0.996	0.881	0.427	0.972	0.903	0.909	0.996	0.291
320	20	1	0.8	0.996	0.696	0.996	0.996	0.89	0.308	0.957	0.897	0.906	0.996	0.297
20	40	1	0.8	1	0.945205479452055	0.998858447488584	1	0.671232876712329	0.849315068493151	0.986301369863014	0.894977168949772	0.91324200913242	0.998858447488584	0.242009132420091
40	40	1	0.8	1	0.939577039274924	1	1	0.742195367573011	0.759315206445116	0.986908358509567	0.88821752265861	0.911379657603223	0.998992950654582	0.272910372608258
80	40	1	0.8	1	0.94	1	1	0.797	0.625	0.977	0.884	0.899	0.998	0.244
160	40	1	0.8	1	0.94	1	1	0.826	0.489	0.965	0.876	0.887	1	0.229
320	40	1	0.8	1	0.94	1	1	0.85	0.356	0.956	0.871	0.886	0.997	0.23
20	80	1	0.8	1	1	1	1	0.54337899543379	0.874429223744292	0.969178082191781	0.881278538812785	0.910958904109589	0.996575342465753	0.186073059360731
40	80	1	0.8	1	1	1	1	0.641490433031219	0.826787512588117	0.981873111782477	0.877139979859013	0.895266868076536	0.998992950654582	0.224572004028197
80	80	1	0.8	1	1	1	1	0.667	0.682	0.975	0.841	0.863	1	0.169
160	80	1	0.8	1	1	1	1	0.712	0.531	0.949	0.82	0.843	0.998	0.166
320	80	1	0.8	1	1	1	1	0.71	0.394	0.941	0.783	0.804	0.997	0.139
20	160	1	0.8	1	1	1	1	0.445205479452055	0.88013698630137	0.964611872146119	0.866438356164384	0.905251141552511	0.997716894977169	0.164383561643836
40	160	1	0.8	1	1	1	1	0.474320241691843	0.849949647532729	0.976837865055388	0.868076535750252	0.891238670694864	1	0.228600201409869
80	160	1	0.8	1	1	1	1	0.518	0.735	0.953	0.812	0.828	0.995	0.149
160	160	1	0.8	1	1	1	1	0.546	0.564	0.944	0.759	0.772	0.994	0.108
320	160	1	0.8	1	1	1	1	0.557	0.388	0.919	0.705	0.722	0.993	0.079
20	320	1	0.8	1	1	1	1	0.335616438356164	0.89041095890411	0.942922374429224	0.86986301369863	0.90296803652968	0.996575342465753	0.180365296803653
40	320	1	0.8	1	1	1	1	0.351460221550856	0.868076535750252	0.959718026183283	0.867069486404834	0.890231621349446	0.997985901309164	0.208459214501511
80	320	1	0.8	1	1	1	1	0.375	0.727	0.927	0.771	0.793	0.998	0.122
160	320	1	0.8	1	1	1	1	0.369	0.582	0.917	0.691	0.717	0.991	0.078
320	320	1	0.8	1	1	1	1	0.354	0.366	0.859	0.582	0.602	0.987	0.039
20	20	0	1	0.452380952380952	0.357142857142857	0.428571428571429	0.452380952380952	0.404761904761905	0.380952380952381	0.452380952380952	0.452380952380952	0.452380952380952	0.452380952380952	0.30952380952381
40	20	0	1	0.458333333333333	0.4375	0.458333333333333	0.458333333333333	0.333333333333333	0.1875	0.458333333333333	0.375	0.333333333333333	0.458333333333333	0.458333333333333
80	20	0	1	0.568181818181818	0.522727272727273	0.568181818181818	0.568181818181818	0.25	0.0454545454545455	0.522727272727273	0.318181818181818	0.295454545454545	0.568181818181818	0.545454545454545
160	20	0	1	0.469387755102041	0.387755102040816	0.469387755102041	0.469387755102041	0.183673469387755	0	0.306122448979592	0.224489795918367	0.204081632653061	0.448979591836735	0.469387755102041
320	20	0	1	0.441860465116279	0.395348837209302	0.441860465116279	0.441860465116279	0.116279069767442	0.0232558139534884	0.186046511627907	0.13953488372093	0.0930232558139535	0.395348837209302	0.418604651162791
20	40	0	1	0.452380952380952	0.452380952380952	0.452380952380952	0.452380952380952	0.428571428571429	0.452380952380952	0.452380952380952	0.452380952380952	0.452380952380952	0.452380952380952	0.333333333333333
40	40	0	1	0.458333333333333	0.458333333333333	0.458333333333333	0.458333333333333	0.25	0.229166666666667	0.458333333333333	0.395833333333333	0.375	0.458333333333333	0.458333333333333
80	40	0	1	0.568181818181818	0.568181818181818	0.568181818181818	0.568181818181818	0.204545454545455	0.0909090909090909	0.431818181818182	0.295454545454545	0.272727272727273	0.545454545454545	0.568181818181818
160	40	0	1	0.469387755102041	0.469387755102041	0.469387755102041	0.469387755102041	0.0408163265306122	0	0.163265306122449	0.102040816326531	0.0816326530612245	0.469387755102041	0.469387755102041
320	40	0	1	0.441860465116279	0.441860465116279	0.441860465116279	0.441860465116279	0	0	0.0697674418604651	0	0	0.27906976744186	0.441860465116279
20	80	0	1	0.452380952380952	0.452380952380952	0.452380952380952	0.452380952380952	0.285714285714286	0.452380952380952	0.452380952380952	0.452380952380952	0.452380952380952	0.452380952380952	0.404761904761905
40	80	0	1	0.458333333333333	0.458333333333333	0.458333333333333	0.458333333333333	0.0833333333333333	0.208333333333333	0.458333333333333	0.354166666666667	0.25	0.458333333333333	0.458333333333333
80	80	0	1	0.568181818181818	0.568181818181818	0.568181818181818	0.568181818181818	0.0681818181818182	0.0681818181818182	0.340909090909091	0.136363636363636	0.136363636363636	0.568181818181818	0.568181818181818
160	80	0	1	0.469387755102041	0.469387755102041	0.469387755102041	0.469387755102041	0	0	0	0	0	0.285714285714286	0.469387755102041
320	80	0	1	0.441860465116279	0.441860465116279	0.441860465116279	0.441860465116279	0	0	0.0232558139534884	0	0	0.13953488372093	0.441860465116279
20	160	0	1	0.452380952380952	0.452380952380952	0.452380952380952	0.452380952380952	0.261904761904762	0.452380952380952	0.452380952380952	0.452380952380952	0.452380952380952	0.452380952380952	0.357142857142857
40	160	0	1	0.458333333333333	0.458333333333333	0.458333333333333	0.458333333333333	0.0416666666666667	0.166666666666667	0.4375	0.291666666666667	0.25	0.458333333333333	0.458333333333333
80	160	0	1	0.568181818181818	0.568181818181818	0.568181818181818	0.568181818181818	0	0	0.0909090909090909	0.0227272727272727	0.0227272727272727	0.545454545454545	0.568181818181818
160	160	0	1	0.469387755102041	0.469387755102041	0.469387755102041	0.469387755102041	0	0	0	0	0	0.102040816326531	0.469387755102041
320	160	0	1	0.441860465116279	0.441860465116279	0.441860465116279	0.441860465116279	0	0	0	0	0	0	0.441860465116279
20	320	0	1	0.452380952380952	0.452380952380952	0.452380952380952	0.452380952380952	0.119047619047619	0.452380952380952	0.452380952380952	0.452380952380952	0.452380952380952	0.452380952380952	0.404761904761905
40	320	0	1	0.458333333333333	0.458333333333333	0.458333333333333	0.458333333333333	0.0208333333333333	0.270833333333333	0.458333333333333	0.333333333333333	0.291666666666667	0.458333333333333	0.458333333333333
80	320	0	1	0.568181818181818	0.568181818181818	0.568181818181818	0.568181818181818	0	0	0.0227272727272727	0	0	0.5	0.568181818181818
160	320	0	1	0.469387755102041	0.469387755102041	0.469387755102041	0.469387755102041	0	0	0	0	0	0	0.469387755102041
320	320	0	1	0.441860465116279	0.441860465116279	0.441860465116279	0.441860465116279	0	0	0	0	0	0	0.441860465116279
20	20	0.2	1	0.939393939393939	0.898989898989899	0.939393939393939	0.939393939393939	0.828282828282828	0.777777777777778	0.939393939393939	0.909090909090909	0.878787878787879	0.939393939393939	0.747474747474748
40	20	0.2	1	0.966666666666667	0.88	0.966666666666667	0.966666666666667	0.66	0.433333333333333	0.946666666666667	0.8	0.74	0.966666666666667	0.926666666666667
80	20	0.2	1	0.995412844036697	0.86697247706422	0.995412844036697	0.995412844036697	0.536697247706422	0.201834862385321	0.811926605504587	0.628440366972477	0.564220183486238	0.990825688073395	0.972477064220184
160	20	0.2	1	0.997737556561086	0.843891402714932	0.997737556561086	0.997737556561086	0.436651583710407	0.0746606334841629	0.701357466063348	0.493212669683258	0.438914027149321	0.970588235294118	0.979638009049774
320	20	0.2	1	1	0.879089615931721	1	1	0.382645803698435	0.0170697012802276	0.574679943100996	0.406827880512091	0.361308677098151	0.950213371266003	0.992887624466572
20	40	0.2	1	0.939393939393939	0.919191919191919	0.939393939393939	0.939393939393939	0.797979797979798	0.919191919191919	0.939393939393939	0.939393939393939	0.929292929292929	0.939393939393939	0.666666666666667
40	40	0.2	1	0.966666666666667	0.953333333333333	0.966666666666667	0.966666666666667	0.553333333333333	0.513333333333333	0.946666666666667	0.826666666666667	0.8	0.966666666666667	0.94
80	40	0.2	1	1	0.995412844036697	1	1	0.344036697247706	0.151376146788991	0.770642201834862	0.5	0.458715596330275	0.986238532110092	0.990825688073395
160	40	0.2	1	1	0.995475113122172	1	1	0.18552036199095	0.0180995475113122	0.5	0.235294117647059	0.214932126696833	0.923076923076923	0.997737556561086
320	40	0.2	1	1	0.990042674253201	1	1	0.113798008534851	0.0085348506401138	0.288762446657183	0.128022759601707	0.120910384068279	0.810810810810811	1
20	80	0.2	1	0.939393939393939	0.939393939393939	0.939393939393939	0.939393939393939	0.686868686868687	0.919191919191919	0.939393939393939	0.939393939393939	0.939393939393939	0.939393939393939	0.717171717171717
40	80	0.2	1	0.966666666666667	0.966666666666667	0.966666666666667	0.966666666666667	0.173333333333333	0.36	0.94	0.673333333333333	0.593333333333333	0.966666666666667	0.966666666666667
80	80	0.2	1	1	1	1	1	0.0642201834862385	0.0642201834862385	0.55045871559633	0.215596330275229	0.192660550458716	0.940366972477064	1
160	80	0.2	1	1	1	1	1	0.0180995475113122	0.00226244343891403	0.16289592760181	0.0384615384615385	0.0384615384615385	0.687782805429864	1
320	80	0.2	1	1	1	1	1	0.00284495021337127	0	0.0455192034139403	0.0085348506401138	0.0085348506401138	0.374110953058321	1
20	160	0.2	1	0.939393939393939	0.939393939393939	0.939393939393939	0.939393939393939	0.505050505050505	0.939393939393939	0.939393939393939	0.939393939393939	0.939393939393939	0.939393939393939	0.808080808080808
40	160	0.2	1	0.966666666666667	0.966666666666667	0.966666666666667	0.966666666666667	0.0533333333333333	0.426666666666667	0.96	0.686666666666667	0.606666666666667	0.966666666666667	0.966666666666667
80	160	0.2	1	1	1	1	1	0.00458715596330275	0.0229357798165138	0.348623853211009	0.0825688073394495	0.073394495412844	0.899082568807339	1
160	160	0.2	1	1	1	1	1	0	0	0.0429864253393665	0.00226244343891403	0.00226244343891403	0.321266968325792	1
320	160	0.2	1	1	1	1	1	0	0	0.00142247510668563	0	0	0.0611664295874822	1
20	320	0.2	1	0.939393939393939	0.939393939393939	0.939393939393939	0.939393939393939	0.333333333333333	0.939393939393939	0.939393939393939	0.939393939393939	0.939393939393939	0.939393939393939	0.848484848484849
40	320	0.2	1	0.966666666666667	0.966666666666667	0.966666666666667	0.966666666666667	0	0.426666666666667	0.84	0.56	0.493333333333333	0.966666666666667	0.966666666666667
80	320	0.2	1	1	1	1	1	0.00458715596330275	0.0137614678899083	0.151376146788991	0.0321100917431193	0.0229357798165138	0.899082568807339	1
160	320	0.2	1	1	1	1	1	0	0	0	0	0	0.0927601809954751	1
320	320	0.2	1	1	1	1	1	0	0	0	0	0	0	1
20	20	0.5	1	1	0.849431818181818	0.997159090909091	1	0.875	0.872159090909091	0.994318181818182	0.971590909090909	0.965909090909091	1	0.639204545454545
40	20	0.5	1	0.998410174880763	0.885532591414944	0.998410174880763	0.998410174880763	0.804451510333863	0.572337042925278	0.969793322734499	0.891891891891892	0.861685214626391	0.996820349761526	0.858505564387917
80	20	0.5	1	1	0.875565610859729	1	1	0.701357466063348	0.316742081447964	0.926470588235294	0.765837104072398	0.723981900452489	0.994343891402715	0.914027149321267
160	20	0.5	1	0.998994974874372	0.876381909547739	0.998994974874372	0.998994974874372	0.667336683417085	0.185929648241206	0.856281407035176	0.710552763819095	0.658291457286432	0.993969849246231	0.947738693467337
320	20	0.5	1	0.999	0.876	0.999	0.999	0.681	0.133	0.822	0.699	0.644	0.987	0.949
20	40	0.5	1	1	0.997159090909091	1	1	0.826704545454545	0.943181818181818	0.997159090909091	0.980113636363636	0.977272727272727	1	0.659090909090909
40	40	0.5	1	1	0.993640699523052	1	1	0.65818759936407	0.624801271860095	0.984101748807631	0.874403815580286	0.837837837837838	1	0.90302066772655
80	40	0.5	1	1	0.993212669683258	1	1	0.504524886877828	0.289592760180996	0.883484162895928	0.660633484162896	0.618778280542986	0.992081447963801	0.952488687782805
160	40	0.5	1	1	0.992964824120603	1	1	0.448241206030151	0.149748743718593	0.762814070351759	0.541708542713568	0.49748743718593	0.98391959798995	0.973869346733668
320	40	0.5	1	1	0.993	1	1	0.46	0.087	0.699	0.495	0.467	0.972	0.984
20	80	0.5	1	1	1	1	1	0.741477272727273	0.985795454545455	1	0.994318181818182	0.994318181818182	1	0.752840909090909
40	80	0.5	1	1	1	1	1	0.435612082670906	0.643879173290938	0.984101748807631	0.82670906200318	0.777424483306836	1	0.934817170111288
80	80	0.5	1	1	1	1	1	0.25	0.237556561085973	0.77262443438914	0.473981900452489	0.445701357466063	0.983031674208145	0.985294117647059
160	80	0.5	1	1	1	1	1	0.175879396984925	0.0824120603015075	0.571859296482412	0.293467336683417	0.265326633165829	0.922613065326633	0.998994974874372
320	80	0.5	1	1	1	1	1	0.155	0.03	0.445	0.217	0.198	0.873	1
20	160	0.5	1	1	1	1	1	0.571022727272727	0.994318181818182	1	0.997159090909091	0.994318181818182	1	0.747159090909091
40	160	0.5	1	1	1	1	1	0.252782193958665	0.65818759936407	0.969793322734499	0.82670906200318	0.785373608903021	1	0.952305246422893
80	160	0.5	1	1	1	1	1	0.107466063348416	0.210407239819005	0.65158371040724	0.343891402714932	0.322398190045249	0.968325791855204	0.987556561085973
160	160	0.5	1	1	1	1	1	0.0462311557788945	0.04321608040201	0.373869346733668	0.127638190954774	0.112562814070352	0.809045226130653	0.998994974874372
320	160	0.5	1	1	1	1	1	0.027	0.008	0.227	0.064	0.055	0.644	1
20	320	0.5	1	1	1	1	1	0.426136363636364	0.997159090909091	1	0.997159090909091	0.997159090909091	1	0.778409090909091
40	320	0.5	1	1	1	1	1	0.138314785373609	0.694753577106518	0.97456279809221	0.807631160572337	0.775834658187599	1	0.971383147853736
80	320	0.5	1	1	1	1	1	0.0407239819004525	0.188914027149321	0.528280542986425	0.27262443438914	0.245475113122172	0.96606334841629	0.997737556561086
160	320	0.5	1	1	1	1	1	0.0050251256281407	0.0180904522613065	0.209045226130653	0.0492462311557789	0.0452261306532663	0.657286432160804	1
320	320	0.5	1	1	1	1	1	0	0	0.056	0.007	0.007	0.364	1
20	20	0.8	1	0.998563218390805	0.885057471264368	0.997126436781609	0.998563218390805	0.886494252873563	0.885057471264368	0.995689655172414	0.972701149425287	0.972701149425287	0.998563218390805	0.563218390804598
40	20	0.8	1	0.998936170212766	0.872340425531915	0.998936170212766	0.998936170212766	0.871276595744681	0.70531914893617	0.988297872340426	0.932978723404255	0.912765957446809	0.997872340425532	0.680851063829787
80	20	0.8	1	0.999	0.876	0.999	0.999	0.885	0.541	0.974	0.918	0.892	0.997	0.707
160	20	0.8	1	0.999	0.876	0.999	0.999	0.898	0.421	0.962	0.911	0.888	0.999	0.715
320	20	0.8	1	0.999	0.876	0.999	0.999	0.902	0.32	0.953	0.915	0.882	0.998	0.722
20	40	0.8	1	1	0.994252873563218	1	1	0.826149425287356	0.949712643678161	0.998563218390805	0.975574712643678	0.98132183908046	1	0.547413793103448
40	40	0.8	1	1	0.992553191489362	1	1	0.798936170212766	0.774468085106383	0.98936170212766	0.937234042553192	0.915957446808511	1	0.690425531914894
80	40	0.8	1	1	0.993	1	1	0.838	0.643	0.976	0.904	0.883	1	0.759
160	40	0.8	1	1	0.993	1	1	0.858	0.474	0.971	0.907	0.883	0.999	0.769
320	40	0.8	1	1	0.993	1	1	0.861	0.373	0.959	0.88	0.865	0.999	0.781
20	80	0.8	1	1	1	1	1	0.728448275862069	0.977011494252874	0.997126436781609	0.989942528735632	0.989942528735632	1	0.594827586206897
40	80	0.8	1	1	1	1	1	0.665957446808511	0.834042553191489	0.993617021276596	0.932978723404255	0.911702127659574	1	0.742553191489362
80	80	0.8	1	1	1	1	1	0.687	0.668	0.969	0.86	0.837	1	0.82
160	80	0.8	1	1	1	1	1	0.728	0.525	0.95	0.835	0.807	1	0.858
320	80	0.8	1	1	1	1	1	0.724	0.372	0.935	0.799	0.772	0.996	0.861
20	160	0.8	1	1	1	1	1	0.577586206896552	0.987068965517241	0.998563218390805	0.988505747126437	0.989942528735632	1	0.581896551724138
40	160	0.8	1	1	1	1	1	0.506382978723404	0.865957446808511	0.988297872340426	0.930851063829787	0.91063829787234	1	0.73936170212766
80	160	0.8	1	1	1	1	1	0.53	0.73	0.964	0.848	0.833	0.998	0.856
160	160	0.8	1	1	1	1	1	0.555	0.539	0.935	0.777	0.754	0.999	0.883
320	160	0.8	1	1	1	1	1	0.591	0.376	0.906	0.724	0.704	0.991	0.925
20	320	0.8	1	1	1	1	1	0.454022988505747	0.992816091954023	0.998563218390805	0.987068965517241	0.992816091954023	1	0.579022988505747
40	320	0.8	1	1	1	1	1	0.397872340425532	0.887234042553191	0.991489361702128	0.926595744680851	0.911702127659574	1	0.765957446808511
80	320	0.8	1	1	1	1	1	0.391	0.728	0.95	0.819	0.804	1	0.871
160	320	0.8	1	1	1	1	1	0.396	0.571	0.893	0.728	0.708	0.994	0.913
320	320	0.8	1	1	1	1	1	0.386	0.379	0.852	0.602	0.579	0.985	0.953
20	20	1	1	0.998858447488584	0.878995433789954	0.996575342465753	0.998858447488584	0.856164383561644	0.863013698630137	0.997716894977169	0.955479452054795	0.950913242009132	0.998858447488584	0.442922374429224
40	20	1	1	0.998992950654582	0.877139979859013	0.998992950654582	0.998992950654582	0.883182275931521	0.732124874118832	0.991943605236657	0.945619335347432	0.931520644511581	0.998992950654582	0.502517623363545
80	20	1	1	0.999	0.876	0.999	0.999	0.917	0.624	0.989	0.946	0.939	0.998	0.498
160	20	1	1	0.999	0.876	0.999	0.999	0.938	0.463	0.988	0.948	0.942	0.999	0.518
320	20	1	1	0.999	0.876	0.999	0.999	0.944	0.352	0.982	0.949	0.942	0.999	0.518
20	40	1	1	1	0.995433789954338	1	1	0.771689497716895	0.926940639269406	0.993150684931507	0.958904109589041	0.962328767123288	1	0.414383561643836
40	40	1	1	1	0.992950654582075	1	1	0.83987915407855	0.832829808660624	0.997985901309164	0.955689828801611	0.958710976837865	1	0.493454179254783
80	40	1	1	1	0.993	1	1	0.893	0.751	0.994	0.949	0.942	1	0.486
160	40	1	1	1	0.993	1	1	0.92	0.61	0.988	0.947	0.942	1	0.483
320	40	1	1	1	0.993	1	1	0.932	0.484	0.983	0.951	0.942	1	0.486
20	80	1	1	1	1	1	1	0.675799086757991	0.944063926940639	0.995433789954338	0.949771689497717	0.96689497716895	1	0.434931506849315
40	80	1	1	1	1	1	1	0.737160120845921	0.908358509566969	0.995971802618328	0.955689828801611	0.959718026183283	1	0.520644511581068
80	80	1	1	1	1	1	1	0.838	0.838	0.995	0.942	0.946	1	0.494
160	80	1	1	1	1	1	1	0.886	0.726	0.993	0.951	0.951	1	0.507
320	80	1	1	1	1	1	1	0.917	0.615	0.994	0.953	0.947	1	0.525
20	160	1	1	1	1	1	1	0.534246575342466	0.95662100456621	0.994292237442922	0.952054794520548	0.96689497716895	1	0.416666666666667
40	160	1	1	1	1	1	1	0.603222557905337	0.925478348439074	0.995971802618328	0.955689828801611	0.957703927492447	1	0.503524672708963
80	160	1	1	1	1	1	1	0.72	0.87	0.991	0.943	0.942	1	0.476
160	160	1	1	1	1	1	1	0.831	0.827	0.994	0.953	0.957	0.999	0.505
320	160	1	1	1	1	1	1	0.886	0.748	0.991	0.944	0.943	0.999	0.514
20	320	1	1	1	1	1	1	0.407534246575342	0.960045662100457	0.987442922374429	0.948630136986301	0.964611872146119	1	0.406392694063927
40	320	1	1	1	1	1	1	0.475327291037261	0.933534743202417	0.988922457200403	0.945619335347432	0.954682779456193	1	0.504531722054381
80	320	1	1	1	1	1	1	0.604	0.911	0.993	0.942	0.947	1	0.481
160	320	1	1	1	1	1	1	0.741	0.879	0.995	0.941	0.943	1	0.495
320	320	1	1	1	1	1	1	0.823	0.828	0.996	0.946	0.941	1	0.49
