n1	n2	d1	d2	sig1	sig2	sigm	sdir	d1.c2	d2.c1	c1.c2	d1.p2	d2.p1	p1.p2	d2.scp1	big2
20	20	0	0	0.583333333333333	0.0277777777777778	0.388888888888889	0.583333333333333	0.416666666666667	0.444444444444444	0.583333333333333	0.583333333333333	0.583333333333333	0.583333333333333	0.583333333333333	0.0277777777777778
40	20	0	0	0.531914893617021	0.0212765957446809	0.425531914893617	0.531914893617021	0.531914893617021	0.51063829787234	0.531914893617021	0.531914893617021	0.531914893617021	0.531914893617021	0.531914893617021	0.0638297872340425
80	20	0	0	0.46	0.02	0.4	0.46	0.46	0.38	0.46	0.46	0.46	0.46	0.46	0.08
160	20	0	0	0.51063829787234	0	0.468085106382979	0.51063829787234	0.51063829787234	0.361702127659574	0.51063829787234	0.51063829787234	0.51063829787234	0.51063829787234	0.51063829787234	0.191489361702128
320	20	0	0	0.48780487804878	0.024390243902439	0.48780487804878	0.48780487804878	0.48780487804878	0.268292682926829	0.48780487804878	0.48780487804878	0.48780487804878	0.48780487804878	0.48780487804878	0.292682926829268
20	40	0	0	0.5	0	0.138888888888889	0.5	0.0277777777777778	0.194444444444444	0.5	0.416666666666667	0.444444444444444	0.5	0.194444444444444	0
40	40	0	0	0.680851063829787	0	0.446808510638298	0.680851063829787	0.48936170212766	0.48936170212766	0.680851063829787	0.638297872340426	0.638297872340426	0.680851063829787	0.680851063829787	0
80	40	0	0	0.6	0.02	0.46	0.6	0.58	0.48	0.6	0.6	0.6	0.6	0.6	0.06
160	40	0	0	0.617021276595745	0	0.553191489361702	0.617021276595745	0.617021276595745	0.51063829787234	0.617021276595745	0.617021276595745	0.617021276595745	0.617021276595745	0.617021276595745	0.0851063829787234
320	40	0	0	0.609756097560976	0.0487804878048781	0.609756097560976	0.609756097560976	0.609756097560976	0.560975609756098	0.609756097560976	0.609756097560976	0.609756097560976	0.609756097560976	0.609756097560976	0.292682926829268
20	80	0	0	0.638888888888889	0.111111111111111	0.305555555555556	0.638888888888889	0.111111111111111	0.388888888888889	0.638888888888889	0.388888888888889	0.416666666666667	0.638888888888889	0.194444444444444	0.111111111111111
40	80	0	0	0.617021276595745	0.0425531914893617	0.191489361702128	0.617021276595745	0.106382978723404	0.404255319148936	0.617021276595745	0.553191489361702	0.553191489361702	0.617021276595745	0.340425531914894	0.0425531914893617
80	80	0	0	0.66	0	0.42	0.66	0.46	0.46	0.66	0.62	0.62	0.66	0.66	0
160	80	0	0	0.468085106382979	0.0425531914893617	0.382978723404255	0.468085106382979	0.468085106382979	0.446808510638298	0.468085106382979	0.468085106382979	0.468085106382979	0.468085106382979	0.468085106382979	0.0425531914893617
320	80	0	0	0.536585365853659	0.024390243902439	0.51219512195122	0.536585365853659	0.536585365853659	0.51219512195122	0.536585365853659	0.536585365853659	0.536585365853659	0.536585365853659	0.536585365853659	0.0731707317073171
20	160	0	0	0.333333333333333	0	0.0277777777777778	0.333333333333333	0	0.138888888888889	0.305555555555556	0.166666666666667	0.166666666666667	0.333333333333333	0	0
40	160	0	0	0.48936170212766	0.0851063829787234	0.170212765957447	0.48936170212766	0.0851063829787234	0.297872340425532	0.468085106382979	0.425531914893617	0.446808510638298	0.48936170212766	0.106382978723404	0.0851063829787234
80	160	0	0	0.6	0	0.36	0.6	0.06	0.34	0.6	0.48	0.48	0.6	0.42	0
160	160	0	0	0.446808510638298	0.0212765957446809	0.297872340425532	0.446808510638298	0.340425531914894	0.340425531914894	0.446808510638298	0.404255319148936	0.425531914893617	0.446808510638298	0.446808510638298	0.0212765957446809
320	160	0	0	0.560975609756098	0	0.439024390243902	0.560975609756098	0.536585365853659	0.390243902439024	0.560975609756098	0.560975609756098	0.560975609756098	0.560975609756098	0.560975609756098	0
20	320	0	0	0.361111111111111	0.0555555555555556	0.0555555555555556	0.361111111111111	0.0555555555555556	0.166666666666667	0.277777777777778	0.166666666666667	0.166666666666667	0.361111111111111	0.0555555555555556	0.0555555555555556
40	320	0	0	0.574468085106383	0.0212765957446809	0.0851063829787234	0.574468085106383	0.0212765957446809	0.191489361702128	0.51063829787234	0.276595744680851	0.319148936170213	0.574468085106383	0.0212765957446809	0.0212765957446809
80	320	0	0	0.48	0.02	0.16	0.48	0.02	0.24	0.44	0.3	0.3	0.48	0.1	0.02
160	320	0	0	0.51063829787234	0	0.191489361702128	0.51063829787234	0.0425531914893617	0.361702127659574	0.51063829787234	0.425531914893617	0.425531914893617	0.51063829787234	0.340425531914894	0
320	320	0	0	0.439024390243902	0.0731707317073171	0.292682926829268	0.439024390243902	0.341463414634146	0.341463414634146	0.439024390243902	0.439024390243902	0.439024390243902	0.439024390243902	0.439024390243902	0.0731707317073171
20	20	0.2	0	0.54639175257732	0.0206185567010309	0.278350515463918	0.54639175257732	0.329896907216495	0.350515463917526	0.54639175257732	0.515463917525773	0.525773195876289	0.54639175257732	0.54639175257732	0.0206185567010309
40	20	0.2	0	0.543307086614173	0.0078740157480315	0.488188976377953	0.543307086614173	0.503937007874016	0.377952755905512	0.543307086614173	0.52755905511811	0.535433070866142	0.543307086614173	0.543307086614173	0.031496062992126
80	20	0.2	0	0.48995983935743	0.0160642570281124	0.465863453815261	0.48995983935743	0.485943775100402	0.357429718875502	0.48995983935743	0.48995983935743	0.48995983935743	0.48995983935743	0.48995983935743	0.112449799196787
160	20	0.2	0	0.552338530066815	0.0378619153674833	0.543429844097996	0.552338530066815	0.552338530066815	0.423162583518931	0.552338530066815	0.552338530066815	0.552338530066815	0.552338530066815	0.552338530066815	0.191536748329621
320	20	0.2	0	0.539454806312769	0.0229555236728838	0.538020086083214	0.539454806312769	0.539454806312769	0.338593974175036	0.539454806312769	0.539454806312769	0.539454806312769	0.539454806312769	0.539454806312769	0.24103299856528
20	40	0.2	0	0.536082474226804	0.0412371134020619	0.247422680412371	0.536082474226804	0.134020618556701	0.34020618556701	0.536082474226804	0.443298969072165	0.494845360824742	0.536082474226804	0.34020618556701	0.0412371134020619
40	40	0.2	0	0.503937007874016	0.0393700787401575	0.401574803149606	0.503937007874016	0.307086614173228	0.307086614173228	0.503937007874016	0.488188976377953	0.488188976377953	0.503937007874016	0.503937007874016	0.0393700787401575
80	40	0.2	0	0.477911646586345	0.0200803212851406	0.421686746987952	0.477911646586345	0.437751004016064	0.333333333333333	0.477911646586345	0.473895582329317	0.473895582329317	0.477911646586345	0.477911646586345	0.0281124497991968
160	40	0.2	0	0.503340757238307	0.0200445434298441	0.492204899777283	0.503340757238307	0.498886414253898	0.378619153674833	0.503340757238307	0.503340757238307	0.503340757238307	0.503340757238307	0.503340757238307	0.10913140311804
320	40	0.2	0	0.48206599713056	0.0315638450502152	0.477761836441894	0.48206599713056	0.48206599713056	0.344332855093257	0.48206599713056	0.48206599713056	0.48206599713056	0.48206599713056	0.48206599713056	0.147776183644189
20	80	0.2	0	0.474226804123711	0.0206185567010309	0.185567010309278	0.474226804123711	0.0206185567010309	0.288659793814433	0.463917525773196	0.319587628865979	0.350515463917526	0.474226804123711	0.103092783505155	0.0206185567010309
40	80	0.2	0	0.440944881889764	0.0078740157480315	0.21259842519685	0.440944881889764	0.0866141732283465	0.228346456692913	0.440944881889764	0.330708661417323	0.354330708661417	0.440944881889764	0.283464566929134	0.0078740157480315
80	80	0.2	0	0.429718875502008	0.00803212851405622	0.293172690763052	0.429718875502008	0.236947791164659	0.248995983935743	0.429718875502008	0.397590361445783	0.397590361445783	0.429718875502008	0.429718875502008	0.00803212851405622
160	80	0.2	0	0.494432071269488	0.0289532293986637	0.461024498886414	0.494432071269488	0.434298440979955	0.345211581291759	0.494432071269488	0.478841870824053	0.478841870824053	0.494432071269488	0.494432071269488	0.0467706013363029
320	80	0.2	0	0.459110473457676	0.0229555236728838	0.45480631276901	0.459110473457676	0.45480631276901	0.294117647058824	0.459110473457676	0.456241032998565	0.456241032998565	0.459110473457676	0.459110473457676	0.0659971305595409
20	160	0.2	0	0.422680412371134	0.0206185567010309	0.103092783505155	0.422680412371134	0.0206185567010309	0.195876288659794	0.381443298969072	0.22680412371134	0.268041237113402	0.422680412371134	0.0206185567010309	0.0206185567010309
40	160	0.2	0	0.566929133858268	0.015748031496063	0.196850393700787	0.566929133858268	0.015748031496063	0.244094488188976	0.543307086614173	0.322834645669291	0.37007874015748	0.566929133858268	0.118110236220472	0.015748031496063
80	160	0.2	0	0.48995983935743	0.0200803212851406	0.289156626506024	0.48995983935743	0.0843373493975904	0.261044176706827	0.469879518072289	0.401606425702811	0.409638554216867	0.48995983935743	0.333333333333333	0.0200803212851406
160	160	0.2	0	0.483296213808463	0.0311804008908686	0.387527839643653	0.483296213808463	0.244988864142539	0.251670378619154	0.478841870824053	0.412026726057906	0.416481069042316	0.483296213808463	0.483296213808463	0.0311804008908686
320	160	0.2	0	0.483500717360115	0.024390243902439	0.466284074605452	0.483500717360115	0.371592539454806	0.242467718794835	0.48206599713056	0.440459110473458	0.443328550932568	0.483500717360115	0.483500717360115	0.0387374461979914
20	320	0.2	0	0.536082474226804	0.0412371134020619	0.0721649484536082	0.536082474226804	0.0412371134020619	0.175257731958763	0.45360824742268	0.175257731958763	0.22680412371134	0.536082474226804	0.0412371134020619	0.0412371134020619
40	320	0.2	0	0.590551181102362	0.031496062992126	0.125984251968504	0.590551181102362	0.031496062992126	0.149606299212598	0.488188976377953	0.196850393700787	0.236220472440945	0.590551181102362	0.031496062992126	0.031496062992126
80	320	0.2	0	0.497991967871486	0.0160642570281124	0.156626506024096	0.497991967871486	0.0160642570281124	0.208835341365462	0.453815261044177	0.273092369477912	0.285140562248996	0.497991967871486	0.0562248995983936	0.0160642570281124
160	320	0.2	0	0.501113585746102	0.022271714922049	0.307349665924276	0.501113585746102	0.0556792873051225	0.193763919821826	0.465478841870824	0.32739420935412	0.334075723830735	0.498886414253898	0.309576837416481	0.022271714922049
320	320	0.2	0	0.532281205164993	0.03012912482066	0.474892395982783	0.532281205164993	0.200860832137733	0.202295552367288	0.507890961262554	0.374461979913917	0.375896700143472	0.532281205164993	0.532281205164993	0.03012912482066
20	20	0.5	0	0.532085561497326	0.0267379679144385	0.382352941176471	0.532085561497326	0.262032085561497	0.280748663101604	0.526737967914438	0.451871657754011	0.462566844919786	0.532085561497326	0.532085561497326	0.0267379679144385
40	20	0.5	0	0.525083612040134	0.0284280936454849	0.48494983277592	0.525083612040134	0.439799331103679	0.290969899665552	0.521739130434783	0.486622073578595	0.498327759197324	0.525083612040134	0.525083612040134	0.0451505016722408
80	20	0.5	0	0.525309336332958	0.0213723284589426	0.519685039370079	0.525309336332958	0.487064116985377	0.263217097862767	0.524184476940383	0.507311586051744	0.510686164229471	0.525309336332958	0.525309336332958	0.0652418447694038
160	20	0.5	0	0.528643216080402	0.0231155778894472	0.528643216080402	0.528643216080402	0.515577889447236	0.224120603015075	0.528643216080402	0.522613065326633	0.526633165829146	0.528643216080402	0.528643216080402	0.0743718592964824
320	20	0.5	0	0.527	0.023	0.527	0.527	0.524	0.156	0.527	0.525	0.525	0.527	0.527	0.068
20	40	0.5	0	0.475935828877005	0.0213903743315508	0.245989304812834	0.475935828877005	0.053475935828877	0.224598930481283	0.449197860962567	0.304812834224599	0.328877005347594	0.473262032085562	0.27807486631016	0.0213903743315508
40	40	0.5	0	0.491638795986622	0.0250836120401338	0.406354515050167	0.491638795986622	0.214046822742475	0.22742474916388	0.479933110367893	0.38628762541806	0.403010033444816	0.491638795986622	0.491638795986622	0.0250836120401338
80	40	0.5	0	0.493813273340832	0.0258717660292463	0.479190101237345	0.493813273340832	0.327334083239595	0.201349831271091	0.488188976377953	0.417322834645669	0.426321709786277	0.493813273340832	0.493813273340832	0.0292463442069741
160	40	0.5	0	0.495477386934673	0.0251256281407035	0.495477386934673	0.495477386934673	0.371859296482412	0.14070351758794	0.491457286432161	0.424120603015075	0.42713567839196	0.495477386934673	0.495477386934673	0.0331658291457286
320	40	0.5	0	0.496	0.026	0.496	0.496	0.381	0.083	0.488	0.411	0.416	0.496	0.496	0.031
20	80	0.5	0	0.46524064171123	0.018716577540107	0.144385026737968	0.46524064171123	0.018716577540107	0.195187165775401	0.411764705882353	0.229946524064171	0.267379679144385	0.462566844919786	0.0614973262032086	0.018716577540107
40	80	0.5	0	0.459866220735786	0.0217391304347826	0.311036789297659	0.459866220735786	0.0501672240802676	0.173913043478261	0.416387959866221	0.259197324414716	0.269230769230769	0.45819397993311	0.297658862876254	0.0217391304347826
80	80	0.5	0	0.47244094488189	0.0224971878515186	0.444319460067492	0.47244094488189	0.113610798650169	0.119235095613048	0.419572553430821	0.267716535433071	0.271091113610799	0.471316085489314	0.47244094488189	0.0224971878515186
160	80	0.5	0	0.465326633165829	0.0201005025125628	0.465326633165829	0.465326633165829	0.160804020100503	0.0733668341708543	0.407035175879397	0.240201005025126	0.246231155778894	0.464321608040201	0.465326633165829	0.0201005025125628
320	80	0.5	0	0.467	0.02	0.467	0.467	0.14	0.036	0.366	0.189	0.194	0.467	0.467	0.02
20	160	0.5	0	0.470588235294118	0.0320855614973262	0.122994652406417	0.470588235294118	0.0320855614973262	0.141711229946524	0.339572192513369	0.157754010695187	0.165775401069519	0.467914438502674	0.0320855614973262	0.0320855614973262
40	160	0.5	0	0.496655518394649	0.0250836120401338	0.195652173913043	0.496655518394649	0.0250836120401338	0.112040133779264	0.359531772575251	0.175585284280936	0.190635451505017	0.483277591973244	0.0702341137123746	0.0250836120401338
80	160	0.5	0	0.481439820022497	0.0236220472440945	0.38132733408324	0.481439820022497	0.0359955005624297	0.0911136107986502	0.349831271091114	0.159730033745782	0.16310461192351	0.469066366704162	0.289088863892013	0.0236220472440945
160	160	0.5	0	0.488442211055276	0.0261306532663317	0.485427135678392	0.488442211055276	0.0532663316582915	0.0532663316582915	0.282412060301508	0.11356783919598	0.115577889447236	0.465326633165829	0.488442211055276	0.0261306532663317
320	160	0.5	0	0.488	0.026	0.488	0.488	0.035	0.028	0.174	0.052	0.052	0.43	0.488	0.026
20	320	0.5	0	0.497326203208556	0.0240641711229947	0.072192513368984	0.497326203208556	0.0240641711229947	0.112299465240642	0.294117647058824	0.109625668449198	0.128342245989305	0.489304812834225	0.0240641711229947	0.0240641711229947
40	320	0.5	0	0.505016722408027	0.0317725752508361	0.132107023411371	0.505016722408027	0.0317725752508361	0.0919732441471572	0.304347826086957	0.115384615384615	0.125418060200669	0.491638795986622	0.0317725752508361	0.0317725752508361
80	320	0.5	0	0.521934758155231	0.0258717660292463	0.318335208098988	0.521934758155231	0.0258717660292463	0.0686164229471316	0.253093363329584	0.0956130483689539	0.100112485939258	0.479190101237345	0.0809898762654668	0.0258717660292463
160	320	0.5	0	0.516582914572864	0.0251256281407035	0.499497487437186	0.516582914572864	0.0281407035175879	0.0361809045226131	0.166834170854271	0.0592964824120603	0.0592964824120603	0.420100502512563	0.321608040201005	0.0251256281407035
320	320	0.5	0	0.517	0.025	0.517	0.517	0.025	0.025	0.059	0.026	0.026	0.262	0.517	0.025
20	20	0.8	0	0.537790697674419	0.0188953488372093	0.444767441860465	0.537790697674419	0.171511627906977	0.203488372093023	0.51453488372093	0.36046511627907	0.401162790697674	0.537790697674419	0.537790697674419	0.0188953488372093
40	20	0.8	0	0.528481012658228	0.0232067510548523	0.518987341772152	0.528481012658228	0.274261603375527	0.166666666666667	0.507383966244726	0.377637130801688	0.410337552742616	0.528481012658228	0.528481012658228	0.0274261603375527
80	20	0.8	0	0.527582748244734	0.0230692076228686	0.527582748244734	0.527582748244734	0.309929789368104	0.0912738214643932	0.513540621865597	0.388164493480441	0.412236710130391	0.527582748244734	0.527582748244734	0.0270812437311936
160	20	0.8	0	0.527	0.023	0.527	0.527	0.313	0.047	0.501	0.349	0.376	0.527	0.527	0.025
320	20	0.8	0	0.527	0.023	0.527	0.527	0.307	0.03	0.474	0.329	0.356	0.527	0.527	0.023
20	40	0.8	0	0.481104651162791	0.0203488372093023	0.303779069767442	0.481104651162791	0.0450581395348837	0.145348837209302	0.406976744186047	0.226744186046512	0.26453488372093	0.475290697674419	0.277616279069767	0.0203488372093023
40	40	0.8	0	0.490506329113924	0.0274261603375527	0.456751054852321	0.490506329113924	0.119198312236287	0.124472573839662	0.417721518987342	0.244725738396624	0.264767932489451	0.488396624472574	0.490506329113924	0.0274261603375527
80	40	0.8	0	0.497492477432297	0.0260782347041123	0.497492477432297	0.497492477432297	0.0982948846539619	0.0481444332998997	0.374122367101304	0.172517552657974	0.187562688064193	0.493480441323972	0.497492477432297	0.0260782347041123
160	40	0.8	0	0.496	0.026	0.496	0.496	0.078	0.028	0.29	0.119	0.135	0.492	0.496	0.026
320	40	0.8	0	0.496	0.026	0.496	0.496	0.063	0.026	0.207	0.08	0.09	0.496	0.496	0.026
20	80	0.8	0	0.453488372093023	0.0130813953488372	0.175872093023256	0.453488372093023	0.0130813953488372	0.0857558139534884	0.306686046511628	0.120639534883721	0.145348837209302	0.446220930232558	0.0523255813953488	0.0130813953488372
40	80	0.8	0	0.457805907172996	0.020042194092827	0.385021097046414	0.457805907172996	0.0316455696202532	0.0706751054852321	0.300632911392405	0.128691983122363	0.140295358649789	0.440928270042194	0.289029535864979	0.020042194092827
80	80	0.8	0	0.46740220661986	0.0200601805416249	0.464393179538616	0.46740220661986	0.0361083249749248	0.0361083249749248	0.197592778335005	0.0672016048144433	0.0722166499498496	0.417251755265797	0.46740220661986	0.0200601805416249
160	80	0.8	0	0.467	0.02	0.467	0.467	0.022	0.02	0.076	0.026	0.027	0.355	0.467	0.02
320	80	0.8	0	0.467	0.02	0.467	0.467	0.02	0.02	0.042	0.02	0.02	0.274	0.467	0.02
20	160	0.8	0	0.489825581395349	0.0319767441860465	0.126453488372093	0.489825581395349	0.0319767441860465	0.0973837209302326	0.268895348837209	0.103197674418605	0.129360465116279	0.465116279069767	0.0319767441860465	0.0319767441860465
40	160	0.8	0	0.489451476793249	0.0274261603375527	0.292194092827004	0.489451476793249	0.0274261603375527	0.0611814345991561	0.206751054852321	0.0812236286919831	0.0864978902953586	0.435654008438819	0.0770042194092827	0.0274261603375527
80	160	0.8	0	0.487462387161484	0.0260782347041123	0.479438314944835	0.487462387161484	0.0260782347041123	0.0310932798395186	0.0952858575727182	0.037111334002006	0.0381143430290873	0.32296890672016	0.293881644934804	0.0260782347041123
160	160	0.8	0	0.488	0.026	0.488	0.488	0.026	0.026	0.034	0.027	0.027	0.118	0.488	0.026
320	160	0.8	0	0.488	0.026	0.488	0.488	0.026	0.026	0.026	0.026	0.026	0.046	0.488	0.026
20	320	0.8	0	0.513081395348837	0.0232558139534884	0.0784883720930233	0.513081395348837	0.0232558139534884	0.059593023255814	0.199127906976744	0.059593023255814	0.0784883720930233	0.48546511627907	0.0232558139534884	0.0232558139534884
40	320	0.8	0	0.526371308016878	0.0263713080168776	0.205696202531646	0.526371308016878	0.0263713080168776	0.04957805907173	0.15084388185654	0.0590717299578059	0.0675105485232067	0.421940928270042	0.0263713080168776	0.0263713080168776
80	320	0.8	0	0.517552657973922	0.0250752256770311	0.472417251755266	0.517552657973922	0.0250752256770311	0.0270812437311936	0.0531594784353059	0.0310932798395186	0.0310932798395186	0.220661985957874	0.0812437311935807	0.0250752256770311
160	320	0.8	0	0.517	0.025	0.517	0.517	0.025	0.025	0.025	0.025	0.025	0.045	0.322	0.025
320	320	0.8	0	0.517	0.025	0.517	0.517	0.025	0.025	0.025	0.025	0.025	0.025	0.517	0.025
20	20	1	0	0.514619883040936	0.0187134502923977	0.457309941520468	0.514619883040936	0.126315789473684	0.149707602339181	0.472514619883041	0.293567251461988	0.338011695906433	0.512280701754386	0.514619883040936	0.0187134502923977
40	20	1	0	0.524772497472194	0.0232558139534884	0.522750252780586	0.524772497472194	0.156723963599596	0.0778564206268959	0.469160768452983	0.247724974721941	0.288169868554095	0.524772497472194	0.524772497472194	0.0242669362992922
80	20	1	0	0.527	0.023	0.527	0.527	0.152	0.04	0.396	0.207	0.233	0.527	0.527	0.024
160	20	1	0	0.527	0.023	0.527	0.527	0.138	0.025	0.337	0.168	0.186	0.527	0.527	0.023
320	20	1	0	0.527	0.023	0.527	0.527	0.132	0.023	0.268	0.143	0.163	0.527	0.527	0.023
20	40	1	0	0.492397660818713	0.0280701754385965	0.364912280701754	0.492397660818713	0.039766081871345	0.109941520467836	0.378947368421053	0.162573099415205	0.191812865497076	0.47953216374269	0.293567251461988	0.0280701754385965
40	40	1	0	0.49747219413549	0.0252780586450961	0.494438827098079	0.49747219413549	0.0475227502527806	0.0505561172901921	0.320525783619818	0.102123356926188	0.116279069767442	0.481294236602629	0.49747219413549	0.0252780586450961
80	40	1	0	0.496	0.026	0.496	0.496	0.042	0.031	0.195	0.064	0.067	0.452	0.496	0.026
160	40	1	0	0.496	0.026	0.496	0.496	0.032	0.026	0.096	0.035	0.038	0.434	0.496	0.026
320	40	1	0	0.496	0.026	0.496	0.496	0.027	0.026	0.058	0.028	0.029	0.4	0.496	0.026
20	80	1	0	0.478362573099415	0.0210526315789474	0.230409356725146	0.478362573099415	0.0210526315789474	0.0771929824561404	0.257309941520468	0.095906432748538	0.115789473684211	0.439766081871345	0.0654970760233918	0.0210526315789474
40	80	1	0	0.466127401415571	0.0182002022244692	0.44994944388271	0.466127401415571	0.0222446916076845	0.0333670374115268	0.15267947421638	0.0455005055611729	0.0485338725985844	0.386248736097068	0.291203235591507	0.0182002022244692
80	80	1	0	0.467	0.02	0.467	0.467	0.02	0.02	0.058	0.026	0.026	0.253	0.467	0.02
160	80	1	0	0.467	0.02	0.467	0.467	0.02	0.02	0.023	0.02	0.02	0.124	0.467	0.02
320	80	1	0	0.467	0.02	0.467	0.467	0.02	0.02	0.02	0.02	0.02	0.053	0.467	0.02
20	160	1	0	0.485380116959064	0.0292397660818713	0.140350877192982	0.485380116959064	0.0292397660818713	0.0608187134502924	0.198830409356725	0.0654970760233918	0.0760233918128655	0.44093567251462	0.0292397660818713	0.0292397660818713
40	160	1	0	0.48938321536906	0.0262891809908999	0.38422649140546	0.48938321536906	0.0262891809908999	0.0333670374115268	0.0808897876643074	0.0394337714863498	0.0424671385237614	0.326592517694641	0.076845298281092	0.0262891809908999
80	160	1	0	0.488	0.026	0.488	0.488	0.026	0.027	0.036	0.027	0.027	0.122	0.293	0.026
160	160	1	0	0.488	0.026	0.488	0.488	0.026	0.026	0.026	0.026	0.026	0.03	0.488	0.026
320	160	1	0	0.488	0.026	0.488	0.488	0.026	0.026	0.026	0.026	0.026	0.026	0.488	0.026
20	320	1	0	0.527485380116959	0.0280701754385965	0.0982456140350877	0.527485380116959	0.0280701754385965	0.0491228070175439	0.143859649122807	0.047953216374269	0.0538011695906433	0.447953216374269	0.0280701754385965	0.0280701754385965
40	320	1	0	0.517694641051567	0.0252780586450961	0.273003033367037	0.517694641051567	0.0252780586450961	0.032355915065723	0.0626895854398382	0.0353892821031345	0.0374115267947422	0.277047522750253	0.0252780586450961	0.0252780586450961
80	320	1	0	0.517	0.025	0.515	0.517	0.025	0.025	0.028	0.026	0.026	0.069	0.081	0.025
160	320	1	0	0.517	0.025	0.517	0.517	0.025	0.025	0.025	0.025	0.025	0.026	0.322	0.025
320	320	1	0	0.517	0.025	0.517	0.517	0.025	0.025	0.025	0.025	0.025	0.025	0.517	0.025
20	20	0	0.2	0.472222222222222	0.0277777777777778	0.444444444444444	0.472222222222222	0.361111111111111	0.388888888888889	0.472222222222222	0.472222222222222	0.472222222222222	0.472222222222222	0.472222222222222	0.0277777777777778
40	20	0	0.2	0.531914893617021	0	0.404255319148936	0.531914893617021	0.531914893617021	0.446808510638298	0.531914893617021	0.531914893617021	0.531914893617021	0.531914893617021	0.531914893617021	0.0425531914893617
80	20	0	0.2	0.4	0.02	0.36	0.4	0.4	0.36	0.4	0.4	0.4	0.4	0.4	0.14
160	20	0	0.2	0.48936170212766	0.0851063829787234	0.468085106382979	0.48936170212766	0.48936170212766	0.404255319148936	0.48936170212766	0.48936170212766	0.48936170212766	0.48936170212766	0.48936170212766	0.297872340425532
320	20	0	0.2	0.536585365853659	0.0975609756097561	0.536585365853659	0.536585365853659	0.536585365853659	0.268292682926829	0.536585365853659	0.536585365853659	0.536585365853659	0.536585365853659	0.536585365853659	0.414634146341463
20	40	0	0.2	0.527777777777778	0.111111111111111	0.333333333333333	0.527777777777778	0.166666666666667	0.361111111111111	0.527777777777778	0.472222222222222	0.472222222222222	0.527777777777778	0.388888888888889	0.111111111111111
40	40	0	0.2	0.531914893617021	0.0425531914893617	0.340425531914894	0.531914893617021	0.382978723404255	0.382978723404255	0.531914893617021	0.51063829787234	0.531914893617021	0.531914893617021	0.531914893617021	0.0425531914893617
80	40	0	0.2	0.36	0.04	0.32	0.36	0.32	0.2	0.36	0.36	0.36	0.36	0.36	0.08
160	40	0	0.2	0.468085106382979	0.0425531914893617	0.425531914893617	0.468085106382979	0.468085106382979	0.404255319148936	0.468085106382979	0.468085106382979	0.468085106382979	0.468085106382979	0.468085106382979	0.191489361702128
320	40	0	0.2	0.560975609756098	0.0731707317073171	0.560975609756098	0.560975609756098	0.560975609756098	0.341463414634146	0.560975609756098	0.560975609756098	0.560975609756098	0.560975609756098	0.560975609756098	0.365853658536585
20	80	0	0.2	0.472222222222222	0.111111111111111	0.25	0.472222222222222	0.111111111111111	0.333333333333333	0.472222222222222	0.388888888888889	0.444444444444444	0.472222222222222	0.166666666666667	0.111111111111111
40	80	0	0.2	0.51063829787234	0.148936170212766	0.404255319148936	0.51063829787234	0.276595744680851	0.48936170212766	0.48936170212766	0.48936170212766	0.48936170212766	0.51063829787234	0.425531914893617	0.148936170212766
80	80	0	0.2	0.4	0.08	0.34	0.4	0.28	0.3	0.4	0.38	0.38	0.4	0.4	0.08
160	80	0	0.2	0.531914893617021	0.127659574468085	0.51063829787234	0.531914893617021	0.51063829787234	0.48936170212766	0.531914893617021	0.531914893617021	0.531914893617021	0.531914893617021	0.531914893617021	0.234042553191489
320	80	0	0.2	0.658536585365854	0.121951219512195	0.658536585365854	0.658536585365854	0.658536585365854	0.658536585365854	0.658536585365854	0.658536585365854	0.658536585365854	0.658536585365854	0.658536585365854	0.390243902439024
20	160	0	0.2	0.638888888888889	0.277777777777778	0.444444444444444	0.638888888888889	0.277777777777778	0.472222222222222	0.611111111111111	0.472222222222222	0.5	0.638888888888889	0.277777777777778	0.277777777777778
40	160	0	0.2	0.553191489361702	0.276595744680851	0.446808510638298	0.553191489361702	0.276595744680851	0.48936170212766	0.553191489361702	0.48936170212766	0.531914893617021	0.553191489361702	0.446808510638298	0.276595744680851
80	160	0	0.2	0.38	0.16	0.34	0.38	0.24	0.3	0.36	0.34	0.34	0.38	0.32	0.16
160	160	0	0.2	0.553191489361702	0.319148936170213	0.51063829787234	0.553191489361702	0.51063829787234	0.51063829787234	0.553191489361702	0.553191489361702	0.553191489361702	0.553191489361702	0.553191489361702	0.319148936170213
320	160	0	0.2	0.585365853658537	0.219512195121951	0.585365853658537	0.585365853658537	0.585365853658537	0.585365853658537	0.585365853658537	0.585365853658537	0.585365853658537	0.585365853658537	0.585365853658537	0.341463414634146
20	320	0	0.2	0.638888888888889	0.555555555555556	0.611111111111111	0.638888888888889	0.555555555555556	0.583333333333333	0.638888888888889	0.583333333333333	0.611111111111111	0.638888888888889	0.555555555555556	0.555555555555556
40	320	0	0.2	0.553191489361702	0.319148936170213	0.48936170212766	0.553191489361702	0.319148936170213	0.48936170212766	0.531914893617021	0.48936170212766	0.48936170212766	0.553191489361702	0.319148936170213	0.319148936170213
80	320	0	0.2	0.4	0.3	0.36	0.4	0.3	0.4	0.4	0.4	0.4	0.4	0.36	0.3
160	320	0	0.2	0.553191489361702	0.340425531914894	0.48936170212766	0.553191489361702	0.425531914893617	0.531914893617021	0.553191489361702	0.553191489361702	0.553191489361702	0.553191489361702	0.531914893617021	0.340425531914894
320	320	0	0.2	0.634146341463415	0.390243902439024	0.609756097560976	0.634146341463415	0.585365853658537	0.585365853658537	0.634146341463415	0.634146341463415	0.634146341463415	0.634146341463415	0.634146341463415	0.390243902439024
20	20	0.2	0.2	0.701030927835051	0.0824742268041237	0.515463917525773	0.701030927835051	0.525773195876289	0.56701030927835	0.701030927835051	0.680412371134021	0.690721649484536	0.701030927835051	0.701030927835051	0.0824742268041237
40	20	0.2	0.2	0.645669291338583	0.0708661417322835	0.598425196850394	0.645669291338583	0.637795275590551	0.543307086614173	0.645669291338583	0.645669291338583	0.645669291338583	0.645669291338583	0.645669291338583	0.110236220472441
80	20	0.2	0.2	0.730923694779116	0.104417670682731	0.710843373493976	0.730923694779116	0.730923694779116	0.598393574297189	0.730923694779116	0.730923694779116	0.730923694779116	0.730923694779116	0.730923694779116	0.253012048192771
160	20	0.2	0.2	0.717149220489978	0.0913140311804009	0.712694877505568	0.717149220489978	0.717149220489978	0.541202672605791	0.717149220489978	0.717149220489978	0.717149220489978	0.717149220489978	0.717149220489978	0.371937639198218
320	20	0.2	0.2	0.741750358680057	0.0903873744619799	0.740315638450502	0.741750358680057	0.741750358680057	0.463414634146341	0.741750358680057	0.741750358680057	0.741750358680057	0.741750358680057	0.741750358680057	0.460545193687231
20	40	0.2	0.2	0.804123711340206	0.103092783505155	0.505154639175258	0.804123711340206	0.278350515463918	0.587628865979381	0.804123711340206	0.77319587628866	0.77319587628866	0.804123711340206	0.597938144329897	0.103092783505155
40	40	0.2	0.2	0.795275590551181	0.125984251968504	0.677165354330709	0.795275590551181	0.559055118110236	0.574803149606299	0.795275590551181	0.755905511811024	0.779527559055118	0.795275590551181	0.795275590551181	0.125984251968504
80	40	0.2	0.2	0.839357429718876	0.112449799196787	0.779116465863454	0.839357429718876	0.819277108433735	0.70281124497992	0.839357429718876	0.835341365461847	0.835341365461847	0.839357429718876	0.839357429718876	0.192771084337349
160	40	0.2	0.2	0.835189309576837	0.102449888641425	0.815144766146993	0.835189309576837	0.830734966592428	0.714922048997773	0.835189309576837	0.832962138084632	0.832962138084632	0.835189309576837	0.835189309576837	0.325167037861915
320	40	0.2	0.2	0.817790530846485	0.12051649928264	0.817790530846485	0.817790530846485	0.817790530846485	0.57532281205165	0.817790530846485	0.817790530846485	0.817790530846485	0.817790530846485	0.817790530846485	0.426111908177905
20	80	0.2	0.2	0.855670103092783	0.278350515463918	0.587628865979381	0.855670103092783	0.278350515463918	0.628865979381443	0.835051546391753	0.690721649484536	0.731958762886598	0.855670103092783	0.45360824742268	0.278350515463918
40	80	0.2	0.2	0.921259842519685	0.251968503937008	0.771653543307087	0.921259842519685	0.456692913385827	0.755905511811024	0.921259842519685	0.850393700787402	0.858267716535433	0.921259842519685	0.818897637795276	0.251968503937008
80	80	0.2	0.2	0.899598393574297	0.265060240963855	0.803212851405622	0.899598393574297	0.751004016064257	0.763052208835341	0.899598393574297	0.8714859437751	0.8714859437751	0.899598393574297	0.899598393574297	0.265060240963855
160	80	0.2	0.2	0.888641425389755	0.247216035634744	0.870824053452116	0.888641425389755	0.853006681514477	0.755011135857461	0.888641425389755	0.884187082405345	0.884187082405345	0.888641425389755	0.888641425389755	0.320712694877506
320	80	0.2	0.2	0.902439024390244	0.258249641319943	0.895265423242468	0.902439024390244	0.896700143472023	0.766140602582496	0.902439024390244	0.898134863701578	0.899569583931133	0.902439024390244	0.902439024390244	0.431850789096126
20	160	0.2	0.2	0.927835051546392	0.402061855670103	0.56701030927835	0.927835051546392	0.402061855670103	0.670103092783505	0.88659793814433	0.680412371134021	0.731958762886598	0.927835051546392	0.402061855670103	0.402061855670103
40	160	0.2	0.2	0.952755905511811	0.456692913385827	0.740157480314961	0.952755905511811	0.456692913385827	0.708661417322835	0.937007874015748	0.795275590551181	0.795275590551181	0.952755905511811	0.606299212598425	0.456692913385827
80	160	0.2	0.2	0.971887550200803	0.485943775100402	0.899598393574297	0.971887550200803	0.654618473895582	0.819277108433735	0.967871485943775	0.931726907630522	0.931726907630522	0.971887550200803	0.919678714859438	0.485943775100402
160	160	0.2	0.2	0.982182628062361	0.405345211581292	0.942093541202673	0.982182628062361	0.799554565701559	0.804008908685969	0.982182628062361	0.937639198218263	0.939866369710468	0.982182628062361	0.982182628062361	0.405345211581292
320	160	0.2	0.2	0.978479196556671	0.469153515064562	0.972740315638451	0.978479196556671	0.925394548063128	0.827833572453372	0.978479196556671	0.965566714490674	0.965566714490674	0.978479196556671	0.978479196556671	0.51506456241033
20	320	0.2	0.2	0.958762886597938	0.505154639175258	0.711340206185567	0.958762886597938	0.505154639175258	0.752577319587629	0.917525773195876	0.752577319587629	0.783505154639175	0.958762886597938	0.505154639175258	0.505154639175258
40	320	0.2	0.2	0.976377952755906	0.622047244094488	0.874015748031496	0.976377952755906	0.622047244094488	0.858267716535433	0.960629921259842	0.858267716535433	0.866141732283465	0.976377952755906	0.622047244094488	0.622047244094488
80	320	0.2	0.2	0.991967871485944	0.710843373493976	0.939759036144578	0.991967871485944	0.710843373493976	0.867469879518072	0.971887550200803	0.907630522088353	0.91566265060241	0.991967871485944	0.859437751004016	0.710843373493976
160	320	0.2	0.2	1	0.690423162583519	0.973273942093541	1	0.812917594654788	0.904231625835189	0.997772828507795	0.951002227171492	0.951002227171492	1	0.982182628062361	0.690423162583519
320	320	0.2	0.2	0.997130559540889	0.688665710186514	0.995695839311334	0.997130559540889	0.911047345767575	0.912482065997131	0.992826398852224	0.96700143472023	0.96700143472023	0.997130559540889	0.997130559540889	0.688665710186514
20	20	0.5	0.2	0.716577540106952	0.101604278074866	0.582887700534759	0.716577540106952	0.46524064171123	0.494652406417112	0.70855614973262	0.620320855614973	0.644385026737968	0.716577540106952	0.716577540106952	0.101604278074866
40	20	0.5	0.2	0.735785953177257	0.103678929765886	0.678929765886288	0.735785953177257	0.647157190635452	0.491638795986622	0.734113712374582	0.705685618729097	0.714046822742475	0.735785953177257	0.735785953177257	0.138795986622074
80	20	0.5	0.2	0.733408323959505	0.0899887514060742	0.728908886389201	0.733408323959505	0.699662542182227	0.46119235095613	0.733408323959505	0.718785151856018	0.72103487064117	0.733408323959505	0.733408323959505	0.172103487064117
160	20	0.5	0.2	0.733668341708543	0.0934673366834171	0.732663316582915	0.733668341708543	0.728643216080402	0.389949748743719	0.733668341708543	0.72964824120603	0.731658291457286	0.733668341708543	0.733668341708543	0.184924623115578
320	20	0.5	0.2	0.733	0.093	0.733	0.733	0.728	0.325	0.733	0.73	0.731	0.733	0.733	0.184
20	40	0.5	0.2	0.820855614973262	0.10427807486631	0.564171122994652	0.820855614973262	0.219251336898396	0.478609625668449	0.802139037433155	0.601604278074866	0.625668449197861	0.820855614973262	0.612299465240642	0.10427807486631
40	40	0.5	0.2	0.836120401337793	0.115384615384615	0.765886287625418	0.836120401337793	0.483277591973244	0.498327759197324	0.824414715719064	0.705685618729097	0.730769230769231	0.836120401337793	0.836120401337793	0.115384615384615
80	40	0.5	0.2	0.830146231721035	0.12710911136108	0.820022497187851	0.830146231721035	0.638920134983127	0.46681664791901	0.816647919010124	0.730033745781777	0.74578177727784	0.830146231721035	0.830146231721035	0.142857142857143
160	40	0.5	0.2	0.82713567839196	0.124623115577889	0.82713567839196	0.82713567839196	0.708542713567839	0.375879396984925	0.823115577889447	0.750753768844221	0.759798994974874	0.82713567839196	0.82713567839196	0.153768844221106
320	40	0.5	0.2	0.826	0.125	0.826	0.826	0.709	0.273	0.82	0.744	0.752	0.826	0.826	0.138
20	80	0.5	0.2	0.901069518716578	0.245989304812834	0.620320855614973	0.901069518716578	0.245989304812834	0.550802139037433	0.82620320855615	0.609625668449198	0.63903743315508	0.898395721925134	0.433155080213904	0.245989304812834
40	80	0.5	0.2	0.91304347826087	0.249163879598662	0.792642140468227	0.91304347826087	0.361204013377926	0.561872909698997	0.874581939799331	0.693979933110368	0.725752508361204	0.909698996655518	0.801003344481605	0.249163879598662
80	80	0.5	0.2	0.901012373453318	0.25421822272216	0.880764904386952	0.901012373453318	0.49718785151856	0.501687289088864	0.860517435320585	0.681664791901012	0.688413948256468	0.899887514060742	0.901012373453318	0.25421822272216
160	80	0.5	0.2	0.898492462311558	0.250251256281407	0.898492462311558	0.898492462311558	0.539698492462312	0.401005025125628	0.853266331658291	0.671356783919598	0.679396984924623	0.898492462311558	0.898492462311558	0.25427135678392
320	80	0.5	0.2	0.899	0.249	0.899	0.899	0.546	0.294	0.819	0.622	0.627	0.899	0.899	0.249
20	160	0.5	0.2	0.973262032085562	0.46524064171123	0.724598930481283	0.973262032085562	0.46524064171123	0.663101604278075	0.850267379679144	0.681818181818182	0.716577540106952	0.96524064171123	0.46524064171123	0.46524064171123
40	160	0.5	0.2	0.974916387959866	0.463210702341137	0.824414715719064	0.974916387959866	0.463210702341137	0.637123745819398	0.887959866220736	0.707357859531773	0.724080267558528	0.971571906354515	0.650501672240803	0.463210702341137
80	160	0.5	0.2	0.97525309336333	0.457817772778403	0.9392575928009	0.97525309336333	0.489313835770529	0.598425196850394	0.869516310461192	0.694038245219348	0.700787401574803	0.965129358830146	0.897637795275591	0.457817772778403
160	160	0.5	0.2	0.973869346733668	0.450251256281407	0.97286432160804	0.973869346733668	0.50251256281407	0.505527638190955	0.82713567839196	0.613065326633166	0.617085427135678	0.964824120603015	0.973869346733668	0.450251256281407
320	160	0.5	0.2	0.974	0.449	0.974	0.974	0.472	0.454	0.73	0.533	0.536	0.944	0.974	0.449
20	320	0.5	0.2	0.997326203208556	0.687165775401069	0.863636363636364	0.997326203208556	0.687165775401069	0.780748663101604	0.89572192513369	0.77807486631016	0.794117647058823	0.989304812834225	0.687165775401069	0.687165775401069
40	320	0.5	0.2	0.994983277591973	0.724080267558528	0.923076923076923	0.994983277591973	0.724080267558528	0.801003344481605	0.916387959866221	0.817725752508361	0.826086956521739	0.988294314381271	0.724080267558528	0.724080267558528
80	320	0.5	0.2	0.99437570303712	0.691788526434196	0.965129358830146	0.99437570303712	0.691788526434196	0.766029246344207	0.892013498312711	0.793025871766029	0.797525309336333	0.984251968503937	0.87289088863892	0.691788526434196
160	320	0.5	0.2	0.994974874371859	0.696482412060301	0.994974874371859	0.994974874371859	0.704522613065327	0.714572864321608	0.839195979899497	0.738693467336683	0.742713567839196	0.9678391959799	0.978894472361809	0.696482412060301
320	320	0.5	0.2	0.995	0.697	0.995	0.995	0.697	0.697	0.772	0.705	0.705	0.918	0.995	0.697
20	20	0.8	0.2	0.738372093023256	0.0973837209302326	0.640988372093023	0.738372093023256	0.373546511627907	0.415697674418605	0.719476744186046	0.569767441860465	0.604651162790698	0.738372093023256	0.738372093023256	0.0973837209302326
40	20	0.8	0.2	0.732067510548523	0.0917721518987342	0.721518987341772	0.732067510548523	0.473628691983122	0.328059071729958	0.717299578059072	0.595991561181435	0.621308016877637	0.732067510548523	0.732067510548523	0.0981012658227848
80	20	0.8	0.2	0.733199598796389	0.0932798395185557	0.732196589769308	0.733199598796389	0.505516549648947	0.232698094282849	0.714142427281846	0.561685055165496	0.589769307923771	0.733199598796389	0.733199598796389	0.102306920762287
160	20	0.8	0.2	0.733	0.093	0.733	0.733	0.515	0.141	0.698	0.555	0.575	0.733	0.733	0.099
320	20	0.8	0.2	0.733	0.093	0.733	0.733	0.522	0.113	0.693	0.543	0.569	0.733	0.733	0.094
20	40	0.8	0.2	0.82703488372093	0.122093023255814	0.645348837209302	0.82703488372093	0.196220930232558	0.377906976744186	0.752906976744186	0.497093023255814	0.543604651162791	0.822674418604651	0.638081395348837	0.122093023255814
40	40	0.8	0.2	0.823839662447257	0.128691983122363	0.804852320675105	0.823839662447257	0.306962025316456	0.315400843881857	0.735232067510548	0.486286919831224	0.516877637130802	0.820675105485232	0.823839662447257	0.128691983122363
80	40	0.8	0.2	0.825476429287864	0.125376128385155	0.824473420260782	0.825476429287864	0.297893681043129	0.191574724172518	0.685055165496489	0.425275827482447	0.45937813440321	0.823470411233701	0.825476429287864	0.125376128385155
160	40	0.8	0.2	0.826	0.125	0.826	0.826	0.269	0.13	0.588	0.333	0.348	0.822	0.826	0.125
320	40	0.8	0.2	0.826	0.125	0.826	0.826	0.262	0.125	0.497	0.291	0.311	0.826	0.826	0.125
20	80	0.8	0.2	0.902616279069767	0.26453488372093	0.664244186046512	0.902616279069767	0.26453488372093	0.476744186046512	0.763081395348837	0.523255813953488	0.565406976744186	0.895348837209302	0.450581395348837	0.26453488372093
40	80	0.8	0.2	0.901898734177215	0.251054852320675	0.858649789029536	0.901898734177215	0.279535864978903	0.359704641350211	0.703586497890295	0.441983122362869	0.464135021097046	0.887130801687764	0.785864978902954	0.251054852320675
80	80	0.8	0.2	0.898696088264794	0.24974924774323	0.895687061183551	0.898696088264794	0.281845536609829	0.282848545636911	0.582748244734203	0.364092276830492	0.376128385155466	0.855566700100301	0.898696088264794	0.24974924774323
160	80	0.8	0.2	0.899	0.249	0.899	0.899	0.257	0.249	0.427	0.268	0.269	0.801	0.899	0.249
320	80	0.8	0.2	0.899	0.249	0.899	0.899	0.249	0.249	0.307	0.252	0.253	0.748	0.899	0.249
20	160	0.8	0.2	0.973837209302326	0.45203488372093	0.744186046511628	0.973837209302326	0.45203488372093	0.558139534883721	0.774709302325581	0.566860465116279	0.600290697674419	0.95203488372093	0.45203488372093	0.45203488372093
40	160	0.8	0.2	0.974683544303797	0.445147679324895	0.885021097046414	0.974683544303797	0.445147679324895	0.514767932489452	0.709915611814346	0.546413502109705	0.555907172995781	0.932489451476793	0.644514767932489	0.445147679324895
80	160	0.8	0.2	0.973921765295888	0.449348044132397	0.972918756268806	0.973921765295888	0.452357071213641	0.463390170511535	0.573721163490471	0.478435305917753	0.481444332998997	0.83049147442327	0.895687061183551	0.449348044132397
160	160	0.8	0.2	0.974	0.449	0.974	0.974	0.449	0.449	0.463	0.449	0.449	0.642	0.974	0.449
320	160	0.8	0.2	0.974	0.449	0.974	0.974	0.449	0.449	0.45	0.449	0.449	0.515	0.974	0.449
20	320	0.8	0.2	0.995639534883721	0.683139534883721	0.867732558139535	0.995639534883721	0.683139534883721	0.73546511627907	0.816860465116279	0.728197674418605	0.751453488372093	0.979651162790698	0.683139534883721	0.683139534883721
40	320	0.8	0.2	0.994725738396624	0.70042194092827	0.943037974683544	0.994725738396624	0.70042194092827	0.736286919831224	0.808016877637131	0.741561181434599	0.746835443037975	0.963080168776371	0.70042194092827	0.70042194092827
80	320	0.8	0.2	0.994984954864594	0.698094282848546	0.989969909729188	0.994984954864594	0.698094282848546	0.702106318956871	0.725175526579739	0.705115346038114	0.705115346038114	0.872617853560682	0.875626880641926	0.698094282848546
160	320	0.8	0.2	0.995	0.697	0.995	0.995	0.697	0.697	0.698	0.697	0.697	0.725	0.979	0.697
320	320	0.8	0.2	0.995	0.697	0.995	0.995	0.697	0.697	0.697	0.697	0.697	0.698	0.995	0.697
20	20	1	0.2	0.740350877192982	0.0947368421052632	0.686549707602339	0.740350877192982	0.274853801169591	0.300584795321637	0.692397660818713	0.471345029239766	0.523976608187135	0.736842105263158	0.740350877192982	0.0947368421052632
40	20	1	0.2	0.733063700707786	0.0940343781597573	0.731041456016178	0.733063700707786	0.329625884732053	0.211324570273003	0.67644084934277	0.434782608695652	0.483316481294237	0.733063700707786	0.733063700707786	0.0940343781597573
80	20	1	0.2	0.733	0.093	0.733	0.733	0.297	0.126	0.627	0.375	0.411	0.733	0.733	0.093
160	20	1	0.2	0.733	0.093	0.733	0.733	0.289	0.098	0.55	0.329	0.366	0.733	0.733	0.093
320	20	1	0.2	0.733	0.093	0.733	0.733	0.286	0.093	0.467	0.309	0.356	0.733	0.733	0.093
20	40	1	0.2	0.831578947368421	0.123976608187135	0.704093567251462	0.831578947368421	0.175438596491228	0.291228070175439	0.665497076023392	0.364912280701754	0.422222222222222	0.815204678362573	0.635087719298246	0.123976608187135
40	40	1	0.2	0.825075834175935	0.124368048533873	0.817997977755308	0.825075834175935	0.183013144590495	0.190091001011122	0.586450960566228	0.287158746208291	0.311425682507583	0.799797775530839	0.825075834175935	0.124368048533873
80	40	1	0.2	0.826	0.125	0.826	0.826	0.153	0.131	0.437	0.2	0.213	0.784	0.826	0.125
160	40	1	0.2	0.826	0.125	0.826	0.826	0.14	0.125	0.302	0.155	0.158	0.758	0.826	0.125
320	40	1	0.2	0.826	0.125	0.826	0.826	0.131	0.125	0.206	0.134	0.135	0.74	0.826	0.125
20	80	1	0.2	0.899415204678363	0.245614035087719	0.688888888888889	0.899415204678363	0.245614035087719	0.355555555555556	0.661988304093567	0.392982456140351	0.417543859649123	0.860818713450292	0.424561403508772	0.245614035087719
40	80	1	0.2	0.89989888776542	0.248736097067745	0.887765419615773	0.89989888776542	0.254802831142568	0.277047522750253	0.505561172901921	0.312436804853387	0.32355915065723	0.80788675429727	0.779575328614762	0.248736097067745
80	80	1	0.2	0.899	0.249	0.899	0.899	0.251	0.251	0.336	0.255	0.26	0.677	0.899	0.249
160	80	1	0.2	0.899	0.249	0.899	0.899	0.249	0.249	0.263	0.249	0.249	0.49	0.899	0.249
320	80	1	0.2	0.899	0.249	0.899	0.899	0.249	0.249	0.25	0.249	0.249	0.364	0.899	0.249
20	160	1	0.2	0.973099415204678	0.432748538011696	0.749707602339181	0.973099415204678	0.432748538011696	0.505263157894737	0.678362573099415	0.508771929824561	0.526315789473684	0.927485380116959	0.432748538011696	0.432748538011696
40	160	1	0.2	0.9737108190091	0.448938321536906	0.928210313447927	0.9737108190091	0.448938321536906	0.461071789686552	0.543983822042467	0.468149646107179	0.473205257836198	0.827098078867543	0.644084934277047	0.448938321536906
80	160	1	0.2	0.974	0.449	0.974	0.974	0.449	0.449	0.465	0.45	0.45	0.602	0.896	0.449
160	160	1	0.2	0.974	0.449	0.974	0.974	0.449	0.449	0.449	0.449	0.449	0.463	0.974	0.449
320	160	1	0.2	0.974	0.449	0.974	0.974	0.449	0.449	0.449	0.449	0.449	0.45	0.974	0.449
20	320	1	0.2	0.994152046783626	0.699415204678363	0.894736842105263	0.994152046783626	0.699415204678363	0.730994152046784	0.785964912280702	0.729824561403509	0.735672514619883	0.964912280701754	0.699415204678363	0.699415204678363
40	320	1	0.2	0.994944388270981	0.69464105156724	0.961577350859454	0.994944388270981	0.69464105156724	0.699696663296259	0.717896865520728	0.701718907987867	0.703741152679474	0.872598584428716	0.69464105156724	0.69464105156724
80	320	1	0.2	0.995	0.697	0.995	0.995	0.697	0.697	0.699	0.697	0.697	0.738	0.875	0.697
160	320	1	0.2	0.995	0.697	0.995	0.995	0.697	0.697	0.697	0.697	0.697	0.697	0.979	0.697
320	320	1	0.2	0.995	0.697	0.995	0.995	0.697	0.697	0.697	0.697	0.697	0.697	0.995	0.697
20	20	0	0.5	0.611111111111111	0.305555555555556	0.527777777777778	0.611111111111111	0.555555555555556	0.555555555555556	0.611111111111111	0.611111111111111	0.611111111111111	0.611111111111111	0.611111111111111	0.305555555555556
40	20	0	0.5	0.553191489361702	0.106382978723404	0.531914893617021	0.553191489361702	0.553191489361702	0.531914893617021	0.553191489361702	0.553191489361702	0.553191489361702	0.553191489361702	0.553191489361702	0.234042553191489
80	20	0	0.5	0.36	0.14	0.34	0.36	0.36	0.32	0.36	0.36	0.36	0.36	0.36	0.24
160	20	0	0.5	0.553191489361702	0.191489361702128	0.553191489361702	0.553191489361702	0.553191489361702	0.48936170212766	0.553191489361702	0.553191489361702	0.553191489361702	0.553191489361702	0.553191489361702	0.425531914893617
320	20	0	0.5	0.634146341463415	0.365853658536585	0.609756097560976	0.634146341463415	0.634146341463415	0.560975609756098	0.634146341463415	0.634146341463415	0.634146341463415	0.634146341463415	0.634146341463415	0.585365853658537
20	40	0	0.5	0.611111111111111	0.388888888888889	0.583333333333333	0.611111111111111	0.527777777777778	0.611111111111111	0.611111111111111	0.611111111111111	0.611111111111111	0.611111111111111	0.611111111111111	0.388888888888889
40	40	0	0.5	0.574468085106383	0.361702127659574	0.553191489361702	0.574468085106383	0.574468085106383	0.574468085106383	0.574468085106383	0.574468085106383	0.574468085106383	0.574468085106383	0.574468085106383	0.361702127659574
80	40	0	0.5	0.4	0.26	0.38	0.4	0.4	0.38	0.4	0.4	0.4	0.4	0.4	0.28
160	40	0	0.5	0.531914893617021	0.361702127659574	0.531914893617021	0.531914893617021	0.531914893617021	0.531914893617021	0.531914893617021	0.531914893617021	0.531914893617021	0.531914893617021	0.531914893617021	0.48936170212766
320	40	0	0.5	0.585365853658537	0.341463414634146	0.585365853658537	0.585365853658537	0.585365853658537	0.51219512195122	0.585365853658537	0.585365853658537	0.585365853658537	0.585365853658537	0.585365853658537	0.51219512195122
20	80	0	0.5	0.638888888888889	0.583333333333333	0.638888888888889	0.638888888888889	0.583333333333333	0.638888888888889	0.638888888888889	0.638888888888889	0.638888888888889	0.638888888888889	0.638888888888889	0.583333333333333
40	80	0	0.5	0.553191489361702	0.531914893617021	0.553191489361702	0.553191489361702	0.553191489361702	0.553191489361702	0.553191489361702	0.553191489361702	0.553191489361702	0.553191489361702	0.553191489361702	0.531914893617021
80	80	0	0.5	0.4	0.36	0.4	0.4	0.4	0.4	0.4	0.4	0.4	0.4	0.4	0.36
160	80	0	0.5	0.553191489361702	0.48936170212766	0.553191489361702	0.553191489361702	0.553191489361702	0.553191489361702	0.553191489361702	0.553191489361702	0.553191489361702	0.553191489361702	0.553191489361702	0.51063829787234
320	80	0	0.5	0.609756097560976	0.48780487804878	0.609756097560976	0.609756097560976	0.609756097560976	0.609756097560976	0.609756097560976	0.609756097560976	0.609756097560976	0.609756097560976	0.609756097560976	0.560975609756098
20	160	0	0.5	0.638888888888889	0.611111111111111	0.638888888888889	0.638888888888889	0.611111111111111	0.638888888888889	0.638888888888889	0.638888888888889	0.638888888888889	0.638888888888889	0.611111111111111	0.611111111111111
40	160	0	0.5	0.553191489361702	0.553191489361702	0.553191489361702	0.553191489361702	0.553191489361702	0.553191489361702	0.553191489361702	0.553191489361702	0.553191489361702	0.553191489361702	0.553191489361702	0.553191489361702
80	160	0	0.5	0.4	0.4	0.4	0.4	0.4	0.4	0.4	0.4	0.4	0.4	0.4	0.4
160	160	0	0.5	0.553191489361702	0.553191489361702	0.553191489361702	0.553191489361702	0.553191489361702	0.553191489361702	0.553191489361702	0.553191489361702	0.553191489361702	0.553191489361702	0.553191489361702	0.553191489361702
320	160	0	0.5	0.609756097560976	0.609756097560976	0.609756097560976	0.609756097560976	0.609756097560976	0.609756097560976	0.609756097560976	0.609756097560976	0.609756097560976	0.609756097560976	0.609756097560976	0.609756097560976
20	320	0	0.5	0.638888888888889	0.638888888888889	0.638888888888889	0.638888888888889	0.638888888888889	0.638888888888889	0.638888888888889	0.638888888888889	0.638888888888889	0.638888888888889	0.638888888888889	0.638888888888889
40	320	0	0.5	0.553191489361702	0.553191489361702	0.553191489361702	0.553191489361702	0.553191489361702	0.553191489361702	0.553191489361702	0.553191489361702	0.553191489361702	0.553191489361702	0.553191489361702	0.553191489361702
80	320	0	0.5	0.4	0.4	0.4	0.4	0.4	0.4	0.4	0.4	0.4	0.4	0.4	0.4
160	320	0	0.5	0.553191489361702	0.553191489361702	0.553191489361702	0.553191489361702	0.553191489361702	0.553191489361702	0.553191489361702	0.553191489361702	0.553191489361702	0.553191489361702	0.553191489361702	0.553191489361702
320	320	0	0.5	0.609756097560976	0.609756097560976	0.609756097560976	0.609756097560976	0.609756097560976	0.609756097560976	0.609756097560976	0.609756097560976	0.609756097560976	0.609756097560976	0.609756097560976	0.609756097560976
20	20	0.2	0.5	0.927835051546392	0.402061855670103	0.835051546391753	0.927835051546392	0.845360824742268	0.865979381443299	0.927835051546392	0.907216494845361	0.917525773195876	0.927835051546392	0.927835051546392	0.402061855670103
40	20	0.2	0.5	0.937007874015748	0.393700787401575	0.905511811023622	0.937007874015748	0.937007874015748	0.897637795275591	0.937007874015748	0.937007874015748	0.937007874015748	0.937007874015748	0.937007874015748	0.519685039370079
80	20	0.2	0.5	0.943775100401606	0.373493975903614	0.939759036144578	0.943775100401606	0.943775100401606	0.907630522088353	0.943775100401606	0.943775100401606	0.943775100401606	0.943775100401606	0.943775100401606	0.630522088353414
160	20	0.2	0.5	0.937639198218263	0.34075723830735	0.937639198218263	0.937639198218263	0.937639198218263	0.734966592427617	0.937639198218263	0.937639198218263	0.937639198218263	0.937639198218263	0.937639198218263	0.750556792873051
320	20	0.2	0.5	0.935437589670014	0.375896700143472	0.935437589670014	0.935437589670014	0.935437589670014	0.629842180774749	0.935437589670014	0.935437589670014	0.935437589670014	0.935437589670014	0.935437589670014	0.813486370157819
20	40	0.2	0.5	0.938144329896907	0.577319587628866	0.865979381443299	0.938144329896907	0.711340206185567	0.876288659793814	0.938144329896907	0.896907216494845	0.907216494845361	0.938144329896907	0.88659793814433	0.577319587628866
40	40	0.2	0.5	0.968503937007874	0.598425196850394	0.94488188976378	0.968503937007874	0.94488188976378	0.952755905511811	0.968503937007874	0.968503937007874	0.968503937007874	0.968503937007874	0.968503937007874	0.598425196850394
80	40	0.2	0.5	0.991967871485944	0.622489959839357	0.987951807228916	0.991967871485944	0.987951807228916	0.979919678714859	0.991967871485944	0.991967871485944	0.991967871485944	0.991967871485944	0.991967871485944	0.726907630522088
160	40	0.2	0.5	0.988864142538975	0.594654788418708	0.986636971046771	0.988864142538975	0.988864142538975	0.962138084632517	0.988864142538975	0.988864142538975	0.988864142538975	0.988864142538975	0.988864142538975	0.815144766146993
320	40	0.2	0.5	0.984218077474892	0.586800573888092	0.984218077474892	0.984218077474892	0.984218077474892	0.892395982783357	0.984218077474892	0.984218077474892	0.984218077474892	0.984218077474892	0.984218077474892	0.870875179340029
20	80	0.2	0.5	0.958762886597938	0.824742268041237	0.948453608247423	0.958762886597938	0.824742268041237	0.948453608247423	0.958762886597938	0.958762886597938	0.958762886597938	0.958762886597938	0.938144329896907	0.824742268041237
40	80	0.2	0.5	0.984251968503937	0.866141732283465	0.984251968503937	0.984251968503937	0.937007874015748	0.976377952755906	0.984251968503937	0.984251968503937	0.984251968503937	0.984251968503937	0.984251968503937	0.866141732283465
80	80	0.2	0.5	1	0.8714859437751	1	1	0.987951807228916	0.987951807228916	1	1	1	1	1	0.8714859437751
160	80	0.2	0.5	1	0.89977728285078	1	1	1	1	1	1	1	1	1	0.910913140311804
320	80	0.2	0.5	1	0.889526542324247	1	1	1	0.995695839311334	1	1	1	1	1	0.93974175035868
20	160	0.2	0.5	0.958762886597938	0.948453608247423	0.958762886597938	0.958762886597938	0.948453608247423	0.958762886597938	0.958762886597938	0.958762886597938	0.958762886597938	0.958762886597938	0.948453608247423	0.948453608247423
40	160	0.2	0.5	0.984251968503937	0.984251968503937	0.984251968503937	0.984251968503937	0.984251968503937	0.984251968503937	0.984251968503937	0.984251968503937	0.984251968503937	0.984251968503937	0.984251968503937	0.984251968503937
80	160	0.2	0.5	1	0.995983935742972	1	1	1	1	1	1	1	1	1	0.995983935742972
160	160	0.2	0.5	1	0.99554565701559	1	1	1	1	1	1	1	1	1	0.99554565701559
320	160	0.2	0.5	1	0.997130559540889	1	1	1	0.998565279770445	1	1	1	1	1	0.997130559540889
20	320	0.2	0.5	0.958762886597938	0.958762886597938	0.958762886597938	0.958762886597938	0.958762886597938	0.958762886597938	0.958762886597938	0.958762886597938	0.958762886597938	0.958762886597938	0.958762886597938	0.958762886597938
40	320	0.2	0.5	0.984251968503937	0.984251968503937	0.984251968503937	0.984251968503937	0.984251968503937	0.984251968503937	0.984251968503937	0.984251968503937	0.984251968503937	0.984251968503937	0.984251968503937	0.984251968503937
80	320	0.2	0.5	1	1	1	1	1	1	1	1	1	1	1	1
160	320	0.2	0.5	1	1	1	1	1	1	1	1	1	1	1	1
320	320	0.2	0.5	1	1	1	1	1	1	1	1	1	1	1	1
20	20	0.5	0.5	0.946524064171123	0.398395721925134	0.887700534759358	0.946524064171123	0.751336898395722	0.780748663101604	0.943850267379679	0.885026737967914	0.898395721925134	0.946524064171123	0.946524064171123	0.398395721925134
40	20	0.5	0.5	0.94314381270903	0.384615384615385	0.929765886287625	0.94314381270903	0.911371237458194	0.827759197324415	0.94314381270903	0.936454849498328	0.941471571906355	0.94314381270903	0.94314381270903	0.424749163879599
80	20	0.5	0.5	0.94488188976378	0.372328458942632	0.943757030371204	0.94488188976378	0.929133858267717	0.789651293588301	0.94488188976378	0.934758155230596	0.937007874015748	0.94488188976378	0.94488188976378	0.509561304836895
160	20	0.5	0.5	0.94572864321608	0.373869346733668	0.94572864321608	0.94572864321608	0.941708542713568	0.758793969849246	0.94572864321608	0.941708542713568	0.943718592964824	0.94572864321608	0.94572864321608	0.54070351758794
320	20	0.5	0.5	0.946	0.374	0.946	0.946	0.946	0.698	0.946	0.946	0.946	0.946	0.946	0.531
20	40	0.5	0.5	0.991978609625668	0.601604278074866	0.935828877005348	0.991978609625668	0.727272727272727	0.844919786096257	0.983957219251337	0.901069518716578	0.917112299465241	0.991978609625668	0.957219251336898	0.601604278074866
40	40	0.5	0.5	0.991638795986622	0.610367892976589	0.979933110367893	0.991638795986622	0.887959866220736	0.897993311036789	0.989966555183946	0.969899665551839	0.973244147157191	0.991638795986622	0.991638795986622	0.610367892976589
80	40	0.5	0.5	0.987626546681665	0.596175478065242	0.985376827896513	0.987626546681665	0.928008998875141	0.87289088863892	0.986501687289089	0.965129358830146	0.973003374578178	0.987626546681665	0.987626546681665	0.62429696287964
160	40	0.5	0.5	0.987939698492462	0.597989949748744	0.987939698492462	0.987939698492462	0.963819095477387	0.820100502512563	0.986934673366834	0.970854271356784	0.97286432160804	0.987939698492462	0.987939698492462	0.634170854271357
320	40	0.5	0.5	0.988	0.598	0.988	0.988	0.961	0.753	0.988	0.972	0.977	0.988	0.988	0.615
20	80	0.5	0.5	1	0.898395721925134	0.978609625668449	1	0.898395721925134	0.959893048128342	0.994652406417112	0.973262032085562	0.975935828877005	1	0.957219251336898	0.898395721925134
40	80	0.5	0.5	1	0.872909698996655	0.998327759197324	1	0.904682274247492	0.95819397993311	1	0.976588628762542	0.983277591973244	1	0.998327759197324	0.872909698996655
80	80	0.5	0.5	1	0.892013498312711	1	1	0.953880764904387	0.955005624296963	0.995500562429696	0.976377952755906	0.978627671541057	1	1	0.892013498312711
160	80	0.5	0.5	1	0.890452261306533	1	1	0.960804020100502	0.92964824120603	0.998994974874372	0.98391959798995	0.984924623115578	1	1	0.892462311557789
320	80	0.5	0.5	1	0.889	1	1	0.969	0.9	0.998	0.976	0.977	1	1	0.889
20	160	0.5	0.5	1	0.989304812834225	1	1	0.989304812834225	0.997326203208556	1	0.997326203208556	0.997326203208556	1	0.989304812834225	0.989304812834225
40	160	0.5	0.5	1	0.996655518394649	1	1	0.996655518394649	0.996655518394649	1	0.998327759197324	1	1	1	0.996655518394649
80	160	0.5	0.5	1	0.99437570303712	1	1	0.995500562429696	0.996625421822272	0.998875140607424	0.996625421822272	0.996625421822272	1	1	0.99437570303712
160	160	0.5	0.5	1	0.994974874371859	1	1	0.995979899497487	0.995979899497487	0.998994974874372	0.996984924623116	0.996984924623116	1	1	0.994974874371859
320	160	0.5	0.5	1	0.995	1	1	0.996	0.995	1	0.997	0.997	1	1	0.995
20	320	0.5	0.5	1	1	1	1	1	1	1	1	1	1	1	1
40	320	0.5	0.5	1	1	1	1	1	1	1	1	1	1	1	1
80	320	0.5	0.5	1	1	1	1	1	1	1	1	1	1	1	1
160	320	0.5	0.5	1	1	1	1	1	1	1	1	1	1	1	1
320	320	0.5	0.5	1	1	1	1	1	1	1	1	1	1	1	1
20	20	0.8	0.5	0.954941860465116	0.366279069767442	0.914244186046512	0.954941860465116	0.675872093023256	0.715116279069767	0.940406976744186	0.845930232558139	0.873546511627907	0.954941860465116	0.954941860465116	0.366279069767442
40	20	0.8	0.5	0.944092827004219	0.369198312236287	0.937763713080169	0.944092827004219	0.785864978902954	0.656118143459916	0.939873417721519	0.872362869198312	0.887130801687764	0.944092827004219	0.944092827004219	0.388185654008439
80	20	0.8	0.5	0.945837512537613	0.374122367101304	0.945837512537613	0.945837512537613	0.82246740220662	0.56469408224674	0.939819458375125	0.865596790371113	0.879638916750251	0.945837512537613	0.945837512537613	0.391173520561685
160	20	0.8	0.5	0.946	0.374	0.946	0.946	0.827	0.474	0.932	0.853	0.868	0.946	0.946	0.381
320	20	0.8	0.5	0.946	0.374	0.946	0.946	0.838	0.413	0.923	0.849	0.869	0.946	0.946	0.375
20	40	0.8	0.5	0.986918604651163	0.588662790697674	0.954941860465116	0.986918604651163	0.656976744186046	0.784883720930233	0.954941860465116	0.82703488372093	0.866279069767442	0.986918604651163	0.95203488372093	0.588662790697674
40	40	0.8	0.5	0.987341772151899	0.600210970464135	0.984177215189873	0.987341772151899	0.726793248945148	0.739451476793249	0.958860759493671	0.848101265822785	0.861814345991561	0.986286919831224	0.987341772151899	0.600210970464135
80	40	0.8	0.5	0.987963891675025	0.59679037111334	0.987963891675025	0.987963891675025	0.739217652958877	0.667001003009027	0.940822467402207	0.813440320962889	0.835506519558676	0.987963891675025	0.987963891675025	0.59679037111334
160	40	0.8	0.5	0.988	0.598	0.988	0.988	0.745	0.608	0.933	0.79	0.817	0.988	0.988	0.598
320	40	0.8	0.5	0.988	0.598	0.988	0.988	0.744	0.598	0.911	0.778	0.79	0.987	0.988	0.598
20	80	0.8	0.5	1	0.895348837209302	0.992732558139535	1	0.895348837209302	0.9375	0.984011627906977	0.946220930232558	0.953488372093023	1	0.953488372093023	0.895348837209302
40	80	0.8	0.5	1	0.887130801687764	0.998945147679325	1	0.901898734177215	0.921940928270042	0.977848101265823	0.933544303797468	0.938818565400844	1	0.99789029535865	0.887130801687764
80	80	0.8	0.5	1	0.889669007021063	1	1	0.900702106318957	0.900702106318957	0.958876629889669	0.909729187562688	0.912738214643932	0.995987963891675	1	0.889669007021063
160	80	0.8	0.5	1	0.889	1	1	0.89	0.889	0.932	0.894	0.896	0.991	1	0.889
320	80	0.8	0.5	1	0.889	1	1	0.889	0.889	0.906	0.89	0.89	0.987	1	0.889
20	160	0.8	0.5	1	0.992732558139535	1	1	0.992732558139535	0.994186046511628	0.997093023255814	0.994186046511628	0.995639534883721	1	0.992732558139535	0.992732558139535
40	160	0.8	0.5	1	0.994725738396624	1	1	0.994725738396624	0.996835443037975	0.998945147679325	0.996835443037975	0.996835443037975	1	1	0.994725738396624
80	160	0.8	0.5	1	0.994984954864594	1	1	0.994984954864594	0.994984954864594	0.994984954864594	0.994984954864594	0.994984954864594	1	1	0.994984954864594
160	160	0.8	0.5	1	0.995	1	1	0.995	0.995	0.995	0.995	0.995	0.996	1	0.995
320	160	0.8	0.5	1	0.995	1	1	0.995	0.995	0.995	0.995	0.995	0.997	1	0.995
20	320	0.8	0.5	1	1	1	1	1	1	1	1	1	1	1	1
40	320	0.8	0.5	1	1	1	1	1	1	1	1	1	1	1	1
80	320	0.8	0.5	1	1	1	1	1	1	1	1	1	1	1	1
160	320	0.8	0.5	1	1	1	1	1	1	1	1	1	1	1	1
320	320	0.8	0.5	1	1	1	1	1	1	1	1	1	1	1	1
20	20	1	0.5	0.943859649122807	0.382456140350877	0.923976608187134	0.943859649122807	0.609356725146199	0.64327485380117	0.914619883040936	0.762573099415205	0.807017543859649	0.941520467836257	0.943859649122807	0.382456140350877
40	20	1	0.5	0.945399393326593	0.376137512639029	0.944388270980789	0.945399393326593	0.645096056622851	0.533872598584429	0.906976744186046	0.757330637007078	0.783619817997978	0.945399393326593	0.945399393326593	0.378159757330637
80	20	1	0.5	0.946	0.374	0.946	0.946	0.664	0.423	0.902	0.728	0.765	0.946	0.946	0.374
160	20	1	0.5	0.946	0.374	0.946	0.946	0.666	0.381	0.859	0.702	0.732	0.946	0.946	0.374
320	20	1	0.5	0.946	0.374	0.946	0.946	0.671	0.375	0.816	0.698	0.723	0.946	0.946	0.374
20	40	1	0.5	0.987134502923977	0.59766081871345	0.964912280701754	0.987134502923977	0.636257309941521	0.732163742690058	0.940350877192982	0.783625730994152	0.817543859649123	0.980116959064327	0.949707602339181	0.59766081871345
40	40	1	0.5	0.987866531850354	0.596562184024267	0.985844287158746	0.987866531850354	0.646107178968655	0.652173913043478	0.897876643073812	0.741152679474216	0.760364004044489	0.980788675429727	0.987866531850354	0.596562184024267
80	40	1	0.5	0.988	0.598	0.988	0.988	0.632	0.604	0.842	0.672	0.681	0.976	0.988	0.598
160	40	1	0.5	0.988	0.598	0.988	0.988	0.616	0.598	0.773	0.626	0.63	0.969	0.988	0.598
320	40	1	0.5	0.988	0.598	0.988	0.988	0.601	0.598	0.691	0.605	0.609	0.975	0.988	0.598
20	80	1	0.5	1	0.883040935672515	0.994152046783626	1	0.883040935672515	0.919298245614035	0.96140350877193	0.92280701754386	0.928654970760234	0.995321637426901	0.950877192982456	0.883040935672515
40	80	1	0.5	1	0.889787664307381	1	1	0.891809908998989	0.895854398382204	0.931243680485339	0.901921132457027	0.902932254802831	0.992922143579373	0.998988877654196	0.889787664307381
80	80	1	0.5	1	0.889	1	1	0.889	0.889	0.909	0.893	0.893	0.975	1	0.889
160	80	1	0.5	1	0.889	1	1	0.889	0.889	0.891	0.889	0.889	0.952	1	0.889
320	80	1	0.5	1	0.889	1	1	0.889	0.889	0.89	0.889	0.889	0.923	1	0.889
20	160	1	0.5	1	0.995321637426901	1	1	0.995321637426901	0.996491228070175	0.998830409356725	0.996491228070175	0.99766081871345	1	0.995321637426901	0.995321637426901
40	160	1	0.5	1	0.994944388270981	1	1	0.994944388270981	0.994944388270981	0.994944388270981	0.994944388270981	0.994944388270981	0.997977755308392	1	0.994944388270981
80	160	1	0.5	1	0.995	1	1	0.995	0.995	0.995	0.995	0.995	0.998	1	0.995
160	160	1	0.5	1	0.995	1	1	0.995	0.995	0.995	0.995	0.995	0.995	1	0.995
320	160	1	0.5	1	0.995	1	1	0.995	0.995	0.995	0.995	0.995	0.995	1	0.995
20	320	1	0.5	1	1	1	1	1	1	1	1	1	1	1	1
40	320	1	0.5	1	1	1	1	1	1	1	1	1	1	1	1
80	320	1	0.5	1	1	1	1	1	1	1	1	1	1	1	1
160	320	1	0.5	1	1	1	1	1	1	1	1	1	1	1	1
320	320	1	0.5	1	1	1	1	1	1	1	1	1	1	1	1
20	20	0	0.8	0.638888888888889	0.527777777777778	0.638888888888889	0.638888888888889	0.638888888888889	0.638888888888889	0.638888888888889	0.638888888888889	0.638888888888889	0.638888888888889	0.638888888888889	0.527777777777778
40	20	0	0.8	0.553191489361702	0.319148936170213	0.531914893617021	0.553191489361702	0.553191489361702	0.553191489361702	0.553191489361702	0.553191489361702	0.553191489361702	0.553191489361702	0.553191489361702	0.404255319148936
80	20	0	0.8	0.4	0.3	0.4	0.4	0.4	0.4	0.4	0.4	0.4	0.4	0.4	0.34
160	20	0	0.8	0.531914893617021	0.340425531914894	0.531914893617021	0.531914893617021	0.531914893617021	0.468085106382979	0.531914893617021	0.531914893617021	0.531914893617021	0.531914893617021	0.531914893617021	0.468085106382979
320	20	0	0.8	0.585365853658537	0.365853658536585	0.585365853658537	0.585365853658537	0.585365853658537	0.48780487804878	0.585365853658537	0.585365853658537	0.585365853658537	0.585365853658537	0.585365853658537	0.585365853658537
20	40	0	0.8	0.638888888888889	0.638888888888889	0.638888888888889	0.638888888888889	0.638888888888889	0.638888888888889	0.638888888888889	0.638888888888889	0.638888888888889	0.638888888888889	0.638888888888889	0.638888888888889
40	40	0	0.8	0.553191489361702	0.51063829787234	0.553191489361702	0.553191489361702	0.553191489361702	0.553191489361702	0.553191489361702	0.553191489361702	0.553191489361702	0.553191489361702	0.553191489361702	0.51063829787234
80	40	0	0.8	0.4	0.38	0.4	0.4	0.4	0.4	0.4	0.4	0.4	0.4	0.4	0.4
160	40	0	0.8	0.553191489361702	0.51063829787234	0.553191489361702	0.553191489361702	0.553191489361702	0.553191489361702	0.553191489361702	0.553191489361702	0.553191489361702	0.553191489361702	0.553191489361702	0.531914893617021
320	40	0	0.8	0.609756097560976	0.585365853658537	0.609756097560976	0.609756097560976	0.609756097560976	0.585365853658537	0.609756097560976	0.609756097560976	0.609756097560976	0.609756097560976	0.609756097560976	0.609756097560976
20	80	0	0.8	0.638888888888889	0.638888888888889	0.638888888888889	0.638888888888889	0.638888888888889	0.638888888888889	0.638888888888889	0.638888888888889	0.638888888888889	0.638888888888889	0.638888888888889	0.638888888888889
40	80	0	0.8	0.553191489361702	0.553191489361702	0.553191489361702	0.553191489361702	0.553191489361702	0.553191489361702	0.553191489361702	0.553191489361702	0.553191489361702	0.553191489361702	0.553191489361702	0.553191489361702
80	80	0	0.8	0.4	0.4	0.4	0.4	0.4	0.4	0.4	0.4	0.4	0.4	0.4	0.4
160	80	0	0.8	0.553191489361702	0.553191489361702	0.553191489361702	0.553191489361702	0.553191489361702	0.553191489361702	0.553191489361702	0.553191489361702	0.553191489361702	0.553191489361702	0.553191489361702	0.553191489361702
320	80	0	0.8	0.609756097560976	0.609756097560976	0.609756097560976	0.609756097560976	0.609756097560976	0.609756097560976	0.609756097560976	0.609756097560976	0.609756097560976	0.609756097560976	0.609756097560976	0.609756097560976
20	160	0	0.8	0.638888888888889	0.638888888888889	0.638888888888889	0.638888888888889	0.638888888888889	0.638888888888889	0.638888888888889	0.638888888888889	0.638888888888889	0.638888888888889	0.638888888888889	0.638888888888889
40	160	0	0.8	0.553191489361702	0.553191489361702	0.553191489361702	0.553191489361702	0.553191489361702	0.553191489361702	0.553191489361702	0.553191489361702	0.553191489361702	0.553191489361702	0.553191489361702	0.553191489361702
80	160	0	0.8	0.4	0.4	0.4	0.4	0.4	0.4	0.4	0.4	0.4	0.4	0.4	0.4
160	160	0	0.8	0.553191489361702	0.553191489361702	0.553191489361702	0.553191489361702	0.553191489361702	0.553191489361702	0.553191489361702	0.553191489361702	0.553191489361702	0.553191489361702	0.553191489361702	0.553191489361702
320	160	0	0.8	0.609756097560976	0.609756097560976	0.609756097560976	0.609756097560976	0.609756097560976	0.609756097560976	0.609756097560976	0.609756097560976	0.609756097560976	0.609756097560976	0.609756097560976	0.609756097560976
20	320	0	0.8	0.638888888888889	0.638888888888889	0.638888888888889	0.638888888888889	0.638888888888889	0.638888888888889	0.638888888888889	0.638888888888889	0.638888888888889	0.638888888888889	0.638888888888889	0.638888888888889
40	320	0	0.8	0.553191489361702	0.553191489361702	0.553191489361702	0.553191489361702	0.553191489361702	0.553191489361702	0.553191489361702	0.553191489361702	0.553191489361702	0.553191489361702	0.553191489361702	0.553191489361702
80	320	0	0.8	0.4	0.4	0.4	0.4	0.4	0.4	0.4	0.4	0.4	0.4	0.4	0.4
160	320	0	0.8	0.553191489361702	0.553191489361702	0.553191489361702	0.553191489361702	0.553191489361702	0.553191489361702	0.553191489361702	0.553191489361702	0.553191489361702	0.553191489361702	0.553191489361702	0.553191489361702
320	320	0	0.8	0.609756097560976	0.609756097560976	0.609756097560976	0.609756097560976	0.609756097560976	0.609756097560976	0.609756097560976	0.609756097560976	0.609756097560976	0.609756097560976	0.609756097560976	0.609756097560976
20	20	0.2	0.8	0.927835051546392	0.670103092783505	0.917525773195876	0.927835051546392	0.907216494845361	0.907216494845361	0.927835051546392	0.927835051546392	0.927835051546392	0.927835051546392	0.927835051546392	0.670103092783505
40	20	0.2	0.8	0.976377952755906	0.692913385826772	0.976377952755906	0.976377952755906	0.968503937007874	0.968503937007874	0.976377952755906	0.976377952755906	0.976377952755906	0.976377952755906	0.976377952755906	0.771653543307087
80	20	0.2	0.8	0.995983935742972	0.662650602409639	0.995983935742972	0.995983935742972	0.995983935742972	0.987951807228916	0.995983935742972	0.995983935742972	0.995983935742972	0.995983935742972	0.995983935742972	0.879518072289157
160	20	0.2	0.8	0.99109131403118	0.694877505567929	0.99109131403118	0.99109131403118	0.99109131403118	0.87750556792873	0.99109131403118	0.99109131403118	0.99109131403118	0.99109131403118	0.99109131403118	0.922048997772829
320	20	0.2	0.8	0.997130559540889	0.703012912482066	0.997130559540889	0.997130559540889	0.997130559540889	0.793400286944046	0.997130559540889	0.997130559540889	0.997130559540889	0.997130559540889	0.997130559540889	0.959827833572453
20	40	0.2	0.8	0.958762886597938	0.948453608247423	0.958762886597938	0.958762886597938	0.958762886597938	0.958762886597938	0.958762886597938	0.958762886597938	0.958762886597938	0.958762886597938	0.958762886597938	0.948453608247423
40	40	0.2	0.8	0.984251968503937	0.929133858267717	0.984251968503937	0.984251968503937	0.976377952755906	0.976377952755906	0.984251968503937	0.984251968503937	0.984251968503937	0.984251968503937	0.984251968503937	0.929133858267717
80	40	0.2	0.8	1	0.943775100401606	1	1	1	1	1	1	1	1	1	0.951807228915663
160	40	0.2	0.8	1	0.962138084632517	1	1	1	1	1	1	1	1	1	0.986636971046771
320	40	0.2	0.8	1	0.944045911047346	1	1	1	0.974175035868006	1	1	1	1	1	0.995695839311334
20	80	0.2	0.8	0.958762886597938	0.958762886597938	0.958762886597938	0.958762886597938	0.958762886597938	0.958762886597938	0.958762886597938	0.958762886597938	0.958762886597938	0.958762886597938	0.958762886597938	0.958762886597938
40	80	0.2	0.8	0.984251968503937	0.976377952755906	0.984251968503937	0.984251968503937	0.984251968503937	0.984251968503937	0.984251968503937	0.984251968503937	0.984251968503937	0.984251968503937	0.984251968503937	0.976377952755906
80	80	0.2	0.8	1	0.995983935742972	1	1	1	1	1	1	1	1	1	0.995983935742972
160	80	0.2	0.8	1	1	1	1	1	1	1	1	1	1	1	1
320	80	0.2	0.8	1	0.995695839311334	1	1	1	1	1	1	1	1	1	0.998565279770445
20	160	0.2	0.8	0.958762886597938	0.958762886597938	0.958762886597938	0.958762886597938	0.958762886597938	0.958762886597938	0.958762886597938	0.958762886597938	0.958762886597938	0.958762886597938	0.958762886597938	0.958762886597938
40	160	0.2	0.8	0.984251968503937	0.984251968503937	0.984251968503937	0.984251968503937	0.984251968503937	0.984251968503937	0.984251968503937	0.984251968503937	0.984251968503937	0.984251968503937	0.984251968503937	0.984251968503937
80	160	0.2	0.8	1	1	1	1	1	1	1	1	1	1	1	1
160	160	0.2	0.8	1	1	1	1	1	1	1	1	1	1	1	1
320	160	0.2	0.8	1	1	1	1	1	1	1	1	1	1	1	1
20	320	0.2	0.8	0.958762886597938	0.958762886597938	0.958762886597938	0.958762886597938	0.958762886597938	0.958762886597938	0.958762886597938	0.958762886597938	0.958762886597938	0.958762886597938	0.958762886597938	0.958762886597938
40	320	0.2	0.8	0.984251968503937	0.984251968503937	0.984251968503937	0.984251968503937	0.984251968503937	0.984251968503937	0.984251968503937	0.984251968503937	0.984251968503937	0.984251968503937	0.984251968503937	0.984251968503937
80	320	0.2	0.8	1	1	1	1	1	1	1	1	1	1	1	1
160	320	0.2	0.8	1	1	1	1	1	1	1	1	1	1	1	1
320	320	0.2	0.8	1	1	1	1	1	1	1	1	1	1	1	1
20	20	0.5	0.8	0.997326203208556	0.713903743315508	0.981283422459893	0.997326203208556	0.946524064171123	0.957219251336898	0.997326203208556	0.981283422459893	0.986631016042781	0.997326203208556	0.997326203208556	0.713903743315508
40	20	0.5	0.8	0.993311036789298	0.675585284280936	0.986622073578595	0.993311036789298	0.981605351170569	0.94314381270903	0.993311036789298	0.991638795986622	0.991638795986622	0.993311036789298	0.993311036789298	0.724080267558528
80	20	0.5	0.8	0.993250843644544	0.682789651293588	0.993250843644544	0.993250843644544	0.985376827896513	0.955005624296963	0.993250843644544	0.993250843644544	0.993250843644544	0.993250843644544	0.993250843644544	0.785151856017998
160	20	0.5	0.8	0.993969849246231	0.689447236180905	0.993969849246231	0.993969849246231	0.992964824120603	0.927638190954774	0.993969849246231	0.992964824120603	0.992964824120603	0.993969849246231	0.993969849246231	0.814070351758794
320	20	0.5	0.8	0.994	0.688	0.994	0.994	0.994	0.889	0.994	0.994	0.994	0.994	0.994	0.83
20	40	0.5	0.8	1	0.949197860962567	0.997326203208556	1	0.975935828877005	0.989304812834225	1	0.991978609625668	0.991978609625668	1	1	0.949197860962567
40	40	0.5	0.8	1	0.94314381270903	1	1	0.986622073578595	0.989966555183946	1	0.998327759197324	0.998327759197324	1	1	0.94314381270903
80	40	0.5	0.8	1	0.94488188976378	1	1	0.995500562429696	0.989876265466817	1	0.997750281214848	0.997750281214848	1	1	0.948256467941507
160	40	0.5	0.8	1	0.947738693467337	1	1	0.997989949748744	0.991959798994975	1	1	1	1	1	0.958793969849246
320	40	0.5	0.8	1	0.948	1	1	1	0.976	1	1	1	1	1	0.952
20	80	0.5	0.8	1	0.997326203208556	1	1	0.997326203208556	1	1	1	1	1	1	0.997326203208556
40	80	0.5	0.8	1	0.996655518394649	1	1	0.998327759197324	1	1	1	1	1	1	0.996655518394649
80	80	0.5	0.8	1	0.996625421822272	1	1	0.997750281214848	0.997750281214848	1	0.998875140607424	0.998875140607424	1	1	0.996625421822272
160	80	0.5	0.8	1	0.997989949748744	1	1	0.998994974874372	0.997989949748744	1	0.998994974874372	0.998994974874372	1	1	0.997989949748744
320	80	0.5	0.8	1	0.997	1	1	1	0.998	1	1	1	1	1	0.997
20	160	0.5	0.8	1	1	1	1	1	1	1	1	1	1	1	1
40	160	0.5	0.8	1	1	1	1	1	1	1	1	1	1	1	1
80	160	0.5	0.8	1	1	1	1	1	1	1	1	1	1	1	1
160	160	0.5	0.8	1	1	1	1	1	1	1	1	1	1	1	1
320	160	0.5	0.8	1	1	1	1	1	1	1	1	1	1	1	1
20	320	0.5	0.8	1	1	1	1	1	1	1	1	1	1	1	1
40	320	0.5	0.8	1	1	1	1	1	1	1	1	1	1	1	1
80	320	0.5	0.8	1	1	1	1	1	1	1	1	1	1	1	1
160	320	0.5	0.8	1	1	1	1	1	1	1	1	1	1	1	1
320	320	0.5	0.8	1	1	1	1	1	1	1	1	1	1	1	1
20	20	0.8	0.8	0.994186046511628	0.696220930232558	0.988372093023256	0.994186046511628	0.880813953488372	0.893895348837209	0.991279069767442	0.957848837209302	0.973837209302326	0.994186046511628	0.994186046511628	0.696220930232558
40	20	0.8	0.8	0.993670886075949	0.693037974683544	0.993670886075949	0.993670886075949	0.95253164556962	0.897679324894515	0.993670886075949	0.978902953586498	0.983122362869198	0.993670886075949	0.993670886075949	0.709915611814346
80	20	0.8	0.8	0.993981945837513	0.688064192577733	0.993981945837513	0.993981945837513	0.957873620862588	0.83049147442327	0.993981945837513	0.977933801404213	0.9839518555667	0.993981945837513	0.993981945837513	0.696088264794383
160	20	0.8	0.8	0.994	0.688	0.994	0.994	0.966	0.767	0.993	0.976	0.98	0.994	0.994	0.694
320	20	0.8	0.8	0.994	0.688	0.994	0.994	0.969	0.728	0.988	0.974	0.975	0.994	0.994	0.69
20	40	0.8	0.8	1	0.946220930232558	1	1	0.960755813953488	0.98546511627907	0.994186046511628	0.989825581395349	0.992732558139535	0.998546511627907	1	0.946220930232558
40	40	0.8	0.8	1	0.947257383966245	1	1	0.972573839662447	0.973628691983122	0.998945147679325	0.987341772151899	0.990506329113924	1	1	0.947257383966245
80	40	0.8	0.8	1	0.947843530591775	1	1	0.969909729187563	0.963891675025075	0.998996990972919	0.980942828485456	0.982948846539619	1	1	0.947843530591775
160	40	0.8	0.8	1	0.948	1	1	0.974	0.951	0.998	0.982	0.983	1	1	0.948
320	40	0.8	0.8	1	0.948	1	1	0.978	0.948	0.996	0.983	0.985	1	1	0.948
20	80	0.8	0.8	1	0.997093023255814	1	1	0.997093023255814	0.998546511627907	0.998546511627907	0.998546511627907	0.998546511627907	1	1	0.997093023255814
40	80	0.8	0.8	1	0.996835443037975	1	1	0.99789029535865	0.998945147679325	1	0.998945147679325	0.998945147679325	1	1	0.996835443037975
80	80	0.8	0.8	1	0.996990972918756	1	1	0.996990972918756	0.996990972918756	0.998996990972919	0.997993981945838	0.997993981945838	1	1	0.996990972918756
160	80	0.8	0.8	1	0.997	1	1	0.997	0.997	0.999	0.997	0.997	1	1	0.997
320	80	0.8	0.8	1	0.997	1	1	0.997	0.997	0.997	0.997	0.997	1	1	0.997
20	160	0.8	0.8	1	1	1	1	1	1	1	1	1	1	1	1
40	160	0.8	0.8	1	1	1	1	1	1	1	1	1	1	1	1
80	160	0.8	0.8	1	1	1	1	1	1	1	1	1	1	1	1
160	160	0.8	0.8	1	1	1	1	1	1	1	1	1	1	1	1
320	160	0.8	0.8	1	1	1	1	1	1	1	1	1	1	1	1
20	320	0.8	0.8	1	1	1	1	1	1	1	1	1	1	1	1
40	320	0.8	0.8	1	1	1	1	1	1	1	1	1	1	1	1
80	320	0.8	0.8	1	1	1	1	1	1	1	1	1	1	1	1
160	320	0.8	0.8	1	1	1	1	1	1	1	1	1	1	1	1
320	320	0.8	0.8	1	1	1	1	1	1	1	1	1	1	1	1
20	20	1	0.8	0.994152046783626	0.695906432748538	0.980116959064327	0.994152046783626	0.844444444444444	0.866666666666667	0.981286549707602	0.929824561403509	0.941520467836257	0.994152046783626	0.994152046783626	0.695906432748538
40	20	1	0.8	0.993933265925177	0.687563195146613	0.993933265925177	0.993933265925177	0.863498483316481	0.79474216380182	0.983822042467139	0.919110212335693	0.932254802831143	0.992922143579373	0.993933265925177	0.690596562184024
80	20	1	0.8	0.994	0.688	0.994	0.994	0.885	0.74	0.976	0.918	0.93	0.994	0.994	0.689
160	20	1	0.8	0.994	0.688	0.994	0.994	0.883	0.696	0.973	0.907	0.924	0.994	0.994	0.688
320	20	1	0.8	0.994	0.688	0.994	0.994	0.898	0.688	0.964	0.909	0.929	0.994	0.994	0.688
20	40	1	0.8	1	0.947368421052632	0.998830409356725	1	0.960233918128655	0.977777777777778	0.991812865497076	0.981286549707602	0.983625730994152	0.99766081871345	1	0.947368421052632
40	40	1	0.8	1	0.948432760364004	1	1	0.955510616784631	0.957532861476239	0.991911021233569	0.971688574317492	0.975733063700708	0.998988877654196	1	0.948432760364004
80	40	1	0.8	1	0.948	1	1	0.952	0.95	0.986	0.959	0.959	1	1	0.948
160	40	1	0.8	1	0.948	1	1	0.951	0.948	0.986	0.951	0.953	0.999	1	0.948
320	40	1	0.8	1	0.948	1	1	0.948	0.948	0.977	0.95	0.952	1	1	0.948
20	80	1	0.8	1	0.996491228070175	1	1	0.996491228070175	0.996491228070175	0.998830409356725	0.996491228070175	0.996491228070175	1	1	0.996491228070175
40	80	1	0.8	1	0.996966632962588	1	1	0.996966632962588	0.996966632962588	0.998988877654196	0.996966632962588	0.996966632962588	1	1	0.996966632962588
80	80	1	0.8	1	0.997	1	1	0.997	0.997	0.999	0.997	0.997	1	1	0.997
160	80	1	0.8	1	0.997	1	1	0.997	0.997	0.998	0.997	0.997	0.999	1	0.997
320	80	1	0.8	1	0.997	1	1	0.997	0.997	0.997	0.997	0.997	0.998	1	0.997
20	160	1	0.8	1	1	1	1	1	1	1	1	1	1	1	1
40	160	1	0.8	1	1	1	1	1	1	1	1	1	1	1	1
80	160	1	0.8	1	1	1	1	1	1	1	1	1	1	1	1
160	160	1	0.8	1	1	1	1	1	1	1	1	1	1	1	1
320	160	1	0.8	1	1	1	1	1	1	1	1	1	1	1	1
20	320	1	0.8	1	1	1	1	1	1	1	1	1	1	1	1
40	320	1	0.8	1	1	1	1	1	1	1	1	1	1	1	1
80	320	1	0.8	1	1	1	1	1	1	1	1	1	1	1	1
160	320	1	0.8	1	1	1	1	1	1	1	1	1	1	1	1
320	320	1	0.8	1	1	1	1	1	1	1	1	1	1	1	1
20	20	0	1	0.638888888888889	0.527777777777778	0.638888888888889	0.638888888888889	0.638888888888889	0.638888888888889	0.638888888888889	0.638888888888889	0.638888888888889	0.638888888888889	0.638888888888889	0.527777777777778
40	20	0	1	0.553191489361702	0.51063829787234	0.553191489361702	0.553191489361702	0.553191489361702	0.553191489361702	0.553191489361702	0.553191489361702	0.553191489361702	0.553191489361702	0.553191489361702	0.553191489361702
80	20	0	1	0.4	0.38	0.4	0.4	0.4	0.4	0.4	0.4	0.4	0.4	0.4	0.4
160	20	0	1	0.553191489361702	0.446808510638298	0.553191489361702	0.553191489361702	0.553191489361702	0.48936170212766	0.553191489361702	0.553191489361702	0.553191489361702	0.553191489361702	0.553191489361702	0.553191489361702
320	20	0	1	0.609756097560976	0.536585365853659	0.609756097560976	0.609756097560976	0.609756097560976	0.536585365853659	0.609756097560976	0.609756097560976	0.609756097560976	0.609756097560976	0.609756097560976	0.609756097560976
20	40	0	1	0.638888888888889	0.638888888888889	0.638888888888889	0.638888888888889	0.638888888888889	0.638888888888889	0.638888888888889	0.638888888888889	0.638888888888889	0.638888888888889	0.638888888888889	0.638888888888889
40	40	0	1	0.553191489361702	0.553191489361702	0.553191489361702	0.553191489361702	0.553191489361702	0.553191489361702	0.553191489361702	0.553191489361702	0.553191489361702	0.553191489361702	0.553191489361702	0.553191489361702
80	40	0	1	0.4	0.4	0.4	0.4	0.4	0.4	0.4	0.4	0.4	0.4	0.4	0.4
160	40	0	1	0.553191489361702	0.531914893617021	0.553191489361702	0.553191489361702	0.553191489361702	0.553191489361702	0.553191489361702	0.553191489361702	0.553191489361702	0.553191489361702	0.553191489361702	0.553191489361702
320	40	0	1	0.609756097560976	0.609756097560976	0.609756097560976	0.609756097560976	0.609756097560976	0.609756097560976	0.609756097560976	0.609756097560976	0.609756097560976	0.609756097560976	0.609756097560976	0.609756097560976
20	80	0	1	0.638888888888889	0.638888888888889	0.638888888888889	0.638888888888889	0.638888888888889	0.638888888888889	0.638888888888889	0.638888888888889	0.638888888888889	0.638888888888889	0.638888888888889	0.638888888888889
40	80	0	1	0.553191489361702	0.553191489361702	0.553191489361702	0.553191489361702	0.553191489361702	0.553191489361702	0.553191489361702	0.553191489361702	0.553191489361702	0.553191489361702	0.553191489361702	0.553191489361702
80	80	0	1	0.4	0.4	0.4	0.4	0.4	0.4	0.4	0.4	0.4	0.4	0.4	0.4
160	80	0	1	0.553191489361702	0.553191489361702	0.553191489361702	0.553191489361702	0.553191489361702	0.553191489361702	0.553191489361702	0.553191489361702	0.553191489361702	0.553191489361702	0.553191489361702	0.553191489361702
320	80	0	1	0.609756097560976	0.609756097560976	0.609756097560976	0.609756097560976	0.609756097560976	0.609756097560976	0.609756097560976	0.609756097560976	0.609756097560976	0.609756097560976	0.609756097560976	0.609756097560976
20	160	0	1	0.638888888888889	0.638888888888889	0.638888888888889	0.638888888888889	0.638888888888889	0.638888888888889	0.638888888888889	0.638888888888889	0.638888888888889	0.638888888888889	0.638888888888889	0.638888888888889
40	160	0	1	0.553191489361702	0.553191489361702	0.553191489361702	0.553191489361702	0.553191489361702	0.553191489361702	0.553191489361702	0.553191489361702	0.553191489361702	0.553191489361702	0.553191489361702	0.553191489361702
80	160	0	1	0.4	0.4	0.4	0.4	0.4	0.4	0.4	0.4	0.4	0.4	0.4	0.4
160	160	0	1	0.553191489361702	0.553191489361702	0.553191489361702	0.553191489361702	0.553191489361702	0.553191489361702	0.553191489361702	0.553191489361702	0.553191489361702	0.553191489361702	0.553191489361702	0.553191489361702
320	160	0	1	0.609756097560976	0.609756097560976	0.609756097560976	0.609756097560976	0.609756097560976	0.609756097560976	0.609756097560976	0.609756097560976	0.609756097560976	0.609756097560976	0.609756097560976	0.609756097560976
20	320	0	1	0.638888888888889	0.638888888888889	0.638888888888889	0.638888888888889	0.638888888888889	0.638888888888889	0.638888888888889	0.638888888888889	0.638888888888889	0.638888888888889	0.638888888888889	0.638888888888889
40	320	0	1	0.553191489361702	0.553191489361702	0.553191489361702	0.553191489361702	0.553191489361702	0.553191489361702	0.553191489361702	0.553191489361702	0.553191489361702	0.553191489361702	0.553191489361702	0.553191489361702
80	320	0	1	0.4	0.4	0.4	0.4	0.4	0.4	0.4	0.4	0.4	0.4	0.4	0.4
160	320	0	1	0.553191489361702	0.553191489361702	0.553191489361702	0.553191489361702	0.553191489361702	0.553191489361702	0.553191489361702	0.553191489361702	0.553191489361702	0.553191489361702	0.553191489361702	0.553191489361702
320	320	0	1	0.609756097560976	0.609756097560976	0.609756097560976	0.609756097560976	0.609756097560976	0.609756097560976	0.609756097560976	0.609756097560976	0.609756097560976	0.609756097560976	0.609756097560976	0.609756097560976
20	20	0.2	1	0.958762886597938	0.855670103092783	0.958762886597938	0.958762886597938	0.958762886597938	0.958762886597938	0.958762886597938	0.958762886597938	0.958762886597938	0.958762886597938	0.958762886597938	0.855670103092783
40	20	0.2	1	0.984251968503937	0.834645669291339	0.984251968503937	0.984251968503937	0.976377952755906	0.976377952755906	0.984251968503937	0.984251968503937	0.984251968503937	0.984251968503937	0.984251968503937	0.858267716535433
80	20	0.2	1	1	0.831325301204819	1	1	1	1	1	1	1	1	1	0.947791164658635
160	20	0.2	1	1	0.853006681514477	1	1	1	0.926503340757238	1	1	1	1	1	0.982182628062361
320	20	0.2	1	0.998565279770445	0.856527977044476	0.998565279770445	0.998565279770445	0.998565279770445	0.886657101865136	0.998565279770445	0.998565279770445	0.998565279770445	0.998565279770445	0.998565279770445	0.988522238163558
20	40	0.2	1	0.958762886597938	0.948453608247423	0.958762886597938	0.958762886597938	0.948453608247423	0.948453608247423	0.958762886597938	0.958762886597938	0.958762886597938	0.958762886597938	0.958762886597938	0.948453608247423
40	40	0.2	1	0.984251968503937	0.976377952755906	0.984251968503937	0.984251968503937	0.984251968503937	0.984251968503937	0.984251968503937	0.984251968503937	0.984251968503937	0.984251968503937	0.984251968503937	0.976377952755906
80	40	0.2	1	1	0.991967871485944	1	1	1	1	1	1	1	1	1	0.991967871485944
160	40	0.2	1	1	0.986636971046771	1	1	1	1	1	1	1	1	1	0.997772828507795
320	40	0.2	1	1	0.991391678622669	1	1	1	0.994261119081779	1	1	1	1	1	1
20	80	0.2	1	0.958762886597938	0.958762886597938	0.958762886597938	0.958762886597938	0.958762886597938	0.958762886597938	0.958762886597938	0.958762886597938	0.958762886597938	0.958762886597938	0.958762886597938	0.958762886597938
40	80	0.2	1	0.984251968503937	0.984251968503937	0.984251968503937	0.984251968503937	0.984251968503937	0.984251968503937	0.984251968503937	0.984251968503937	0.984251968503937	0.984251968503937	0.984251968503937	0.984251968503937
80	80	0.2	1	1	1	1	1	1	1	1	1	1	1	1	1
160	80	0.2	1	1	1	1	1	1	1	1	1	1	1	1	1
320	80	0.2	1	1	1	1	1	1	1	1	1	1	1	1	1
20	160	0.2	1	0.958762886597938	0.958762886597938	0.958762886597938	0.958762886597938	0.958762886597938	0.958762886597938	0.958762886597938	0.958762886597938	0.958762886597938	0.958762886597938	0.958762886597938	0.958762886597938
40	160	0.2	1	0.984251968503937	0.984251968503937	0.984251968503937	0.984251968503937	0.984251968503937	0.984251968503937	0.984251968503937	0.984251968503937	0.984251968503937	0.984251968503937	0.984251968503937	0.984251968503937
80	160	0.2	1	1	1	1	1	1	1	1	1	1	1	1	1
160	160	0.2	1	1	1	1	1	1	1	1	1	1	1	1	1
320	160	0.2	1	1	1	1	1	1	1	1	1	1	1	1	1
20	320	0.2	1	0.958762886597938	0.958762886597938	0.958762886597938	0.958762886597938	0.958762886597938	0.958762886597938	0.958762886597938	0.958762886597938	0.958762886597938	0.958762886597938	0.958762886597938	0.958762886597938
40	320	0.2	1	0.984251968503937	0.984251968503937	0.984251968503937	0.984251968503937	0.984251968503937	0.984251968503937	0.984251968503937	0.984251968503937	0.984251968503937	0.984251968503937	0.984251968503937	0.984251968503937
80	320	0.2	1	1	1	1	1	1	1	1	1	1	1	1	1
160	320	0.2	1	1	1	1	1	1	1	1	1	1	1	1	1
320	320	0.2	1	1	1	1	1	1	1	1	1	1	1	1	1
20	20	0.5	1	0.997326203208556	0.877005347593583	0.994652406417112	0.997326203208556	0.978609625668449	0.981283422459893	0.997326203208556	0.989304812834225	0.994652406417112	0.997326203208556	0.997326203208556	0.877005347593583
40	20	0.5	1	0.998327759197324	0.857859531772575	0.998327759197324	0.998327759197324	0.993311036789298	0.986622073578595	0.998327759197324	0.994983277591973	0.996655518394649	0.998327759197324	0.998327759197324	0.889632107023411
80	20	0.5	1	0.998875140607424	0.856017997750281	0.997750281214848	0.998875140607424	0.997750281214848	0.992125984251969	0.998875140607424	0.998875140607424	0.998875140607424	0.998875140607424	0.998875140607424	0.90888638920135
160	20	0.5	1	0.998994974874372	0.85427135678392	0.998994974874372	0.998994974874372	0.998994974874372	0.970854271356784	0.998994974874372	0.998994974874372	0.998994974874372	0.998994974874372	0.998994974874372	0.918592964824121
320	20	0.5	1	0.999	0.855	0.999	0.999	0.999	0.967	0.999	0.999	0.999	0.999	0.999	0.923
20	40	0.5	1	1	0.983957219251337	1	1	0.989304812834225	1	1	1	1	1	1	0.983957219251337
40	40	0.5	1	1	0.996655518394649	1	1	1	1	1	1	1	1	1	0.996655518394649
80	40	0.5	1	1	0.989876265466817	1	1	1	0.998875140607424	1	1	1	1	1	0.992125984251969
160	40	0.5	1	1	0.98894472361809	1	1	1	0.998994974874372	1	1	1	1	1	0.98894472361809
320	40	0.5	1	1	0.989	1	1	1	0.996	1	1	1	1	1	0.991
20	80	0.5	1	1	1	1	1	1	1	1	1	1	1	1	1
40	80	0.5	1	1	1	1	1	1	1	1	1	1	1	1	1
80	80	0.5	1	1	1	1	1	1	1	1	1	1	1	1	1
160	80	0.5	1	1	1	1	1	1	1	1	1	1	1	1	1
320	80	0.5	1	1	1	1	1	1	1	1	1	1	1	1	1
20	160	0.5	1	1	1	1	1	1	1	1	1	1	1	1	1
40	160	0.5	1	1	1	1	1	1	1	1	1	1	1	1	1
80	160	0.5	1	1	1	1	1	1	1	1	1	1	1	1	1
160	160	0.5	1	1	1	1	1	1	1	1	1	1	1	1	1
320	160	0.5	1	1	1	1	1	1	1	1	1	1	1	1	1
20	320	0.5	1	1	1	1	1	1	1	1	1	1	1	1	1
40	320	0.5	1	1	1	1	1	1	1	1	1	1	1	1	1
80	320	0.5	1	1	1	1	1	1	1	1	1	1	1	1	1
160	320	0.5	1	1	1	1	1	1	1	1	1	1	1	1	1
320	320	0.5	1	1	1	1	1	1	1	1	1	1	1	1	1
20	20	0.8	1	0.998546511627907	0.854651162790698	0.995639534883721	0.998546511627907	0.95203488372093	0.960755813953488	0.995639534883721	0.978197674418605	0.984011627906977	0.998546511627907	0.998546511627907	0.854651162790698
40	20	0.8	1	0.998945147679325	0.857594936708861	0.998945147679325	0.998945147679325	0.978902953586498	0.959915611814346	0.998945147679325	0.990506329113924	0.993670886075949	0.998945147679325	0.998945147679325	0.864978902953586
80	20	0.8	1	0.998996990972919	0.855566700100301	0.998996990972919	0.998996990972919	0.993981945837513	0.919759277833501	0.997993981945838	0.994984954864594	0.994984954864594	0.998996990972919	0.998996990972919	0.859578736208626
160	20	0.8	1	0.999	0.855	0.999	0.999	0.991	0.896	0.998	0.991	0.992	0.999	0.999	0.856
320	20	0.8	1	0.999	0.855	0.999	0.999	0.995	0.871	0.997	0.995	0.995	0.999	0.999	0.858
20	40	0.8	1	1	0.991279069767442	1	1	0.995639534883721	0.997093023255814	1	0.997093023255814	0.998546511627907	1	1	0.991279069767442
40	40	0.8	1	1	0.989451476793249	1	1	0.993670886075949	0.994725738396624	1	0.99789029535865	1	1	1	0.989451476793249
80	40	0.8	1	1	0.988966900702106	1	1	0.992978936810431	0.989969909729188	1	0.995987963891675	0.997993981945838	1	1	0.988966900702106
160	40	0.8	1	1	0.989	1	1	0.995	0.989	1	0.996	0.996	1	1	0.989
320	40	0.8	1	1	0.989	1	1	0.997	0.989	0.998	0.997	0.997	1	1	0.989
20	80	0.8	1	1	1	1	1	1	1	1	1	1	1	1	1
40	80	0.8	1	1	1	1	1	1	1	1	1	1	1	1	1
80	80	0.8	1	1	1	1	1	1	1	1	1	1	1	1	1
160	80	0.8	1	1	1	1	1	1	1	1	1	1	1	1	1
320	80	0.8	1	1	1	1	1	1	1	1	1	1	1	1	1
20	160	0.8	1	1	1	1	1	1	1	1	1	1	1	1	1
40	160	0.8	1	1	1	1	1	1	1	1	1	1	1	1	1
80	160	0.8	1	1	1	1	1	1	1	1	1	1	1	1	1
160	160	0.8	1	1	1	1	1	1	1	1	1	1	1	1	1
320	160	0.8	1	1	1	1	1	1	1	1	1	1	1	1	1
20	320	0.8	1	1	1	1	1	1	1	1	1	1	1	1	1
40	320	0.8	1	1	1	1	1	1	1	1	1	1	1	1	1
80	320	0.8	1	1	1	1	1	1	1	1	1	1	1	1	1
160	320	0.8	1	1	1	1	1	1	1	1	1	1	1	1	1
320	320	0.8	1	1	1	1	1	1	1	1	1	1	1	1	1
20	20	1	1	1	0.845614035087719	1	1	0.92280701754386	0.930994152046784	0.995321637426901	0.970760233918129	0.983625730994152	1	1	0.845614035087719
40	20	1	1	0.998988877654196	0.856420626895854	0.998988877654196	0.998988877654196	0.952477249747219	0.916076845298281	0.996966632962588	0.966632962588473	0.974721941354904	0.998988877654196	0.998988877654196	0.862487360970677
80	20	1	1	0.999	0.855	0.999	0.999	0.958	0.875	0.994	0.971	0.978	0.999	0.999	0.855
160	20	1	1	0.999	0.855	0.999	0.999	0.96	0.861	0.989	0.97	0.972	0.999	0.999	0.855
320	20	1	1	0.999	0.855	0.999	0.999	0.959	0.855	0.988	0.963	0.976	0.999	0.999	0.855
20	40	1	1	1	0.989473684210526	1	1	0.990643274853801	0.992982456140351	0.998830409356725	0.996491228070175	0.996491228070175	1	1	0.989473684210526
40	40	1	1	1	0.988877654196158	1	1	0.990899898887765	0.990899898887765	0.998988877654196	0.995955510616785	0.995955510616785	1	1	0.988877654196158
80	40	1	1	1	0.989	1	1	0.99	0.989	0.998	0.993	0.993	1	1	0.989
160	40	1	1	1	0.989	1	1	0.99	0.989	0.995	0.99	0.991	1	1	0.989
320	40	1	1	1	0.989	1	1	0.99	0.989	0.992	0.99	0.99	1	1	0.989
20	80	1	1	1	1	1	1	1	1	1	1	1	1	1	1
40	80	1	1	1	1	1	1	1	1	1	1	1	1	1	1
80	80	1	1	1	1	1	1	1	1	1	1	1	1	1	1
160	80	1	1	1	1	1	1	1	1	1	1	1	1	1	1
320	80	1	1	1	1	1	1	1	1	1	1	1	1	1	1
20	160	1	1	1	1	1	1	1	1	1	1	1	1	1	1
40	160	1	1	1	1	1	1	1	1	1	1	1	1	1	1
80	160	1	1	1	1	1	1	1	1	1	1	1	1	1	1
160	160	1	1	1	1	1	1	1	1	1	1	1	1	1	1
320	160	1	1	1	1	1	1	1	1	1	1	1	1	1	1
20	320	1	1	1	1	1	1	1	1	1	1	1	1	1	1
40	320	1	1	1	1	1	1	1	1	1	1	1	1	1	1
80	320	1	1	1	1	1	1	1	1	1	1	1	1	1	1
160	320	1	1	1	1	1	1	1	1	1	1	1	1	1	1
320	320	1	1	1	1	1	1	1	1	1	1	1	1	1	1
