n1	n2	d1	d2	sig1	sig2	sigm	sdir	d1.c2	d2.c1	c1.c2	d1.p2	d2.p1	p1.p2	big2
20	20	0	0	0.0238095238095238	0.0238095238095238	0.0238095238095238	0.0238095238095238	0.0238095238095238	0.0238095238095238	0.0238095238095238	0.0238095238095238	0.0238095238095238	0.0238095238095238	0
40	20	0	0	0.0416666666666667	0.0416666666666667	0.0416666666666667	0.0416666666666667	0.0416666666666667	0.0416666666666667	0.0416666666666667	0.0416666666666667	0.0416666666666667	0.0416666666666667	0.0416666666666667
80	20	0	0	0.0227272727272727	0.0227272727272727	0.0227272727272727	0.0227272727272727	0.0227272727272727	0	0.0227272727272727	0.0227272727272727	0.0227272727272727	0.0227272727272727	0.0227272727272727
160	20	0	0	NA	NA	NA	NA	NA	NA	NA	NA	NA	NA	NA
320	20	0	0	0.0465116279069767	0.0465116279069767	0.0465116279069767	0.0465116279069767	0.0465116279069767	0	0.0465116279069767	0.0465116279069767	0.0465116279069767	0.0465116279069767	0.0465116279069767
20	40	0	0	0.0476190476190476	0.0476190476190476	0.0476190476190476	0.0476190476190476	0.0476190476190476	0.0476190476190476	0.0476190476190476	0.0476190476190476	0.0476190476190476	0.0476190476190476	0
40	40	0	0	NA	NA	NA	NA	NA	NA	NA	NA	NA	NA	NA
80	40	0	0	0.0227272727272727	0.0227272727272727	0.0227272727272727	0.0227272727272727	0.0227272727272727	0.0227272727272727	0.0227272727272727	0.0227272727272727	0.0227272727272727	0.0227272727272727	0.0227272727272727
160	40	0	0	0.0408163265306122	0.0408163265306122	0.0408163265306122	0.0408163265306122	0.0408163265306122	0	0.0408163265306122	0.0408163265306122	0.0408163265306122	0.0408163265306122	0.0408163265306122
320	40	0	0	0.0232558139534884	0.0232558139534884	0.0232558139534884	0.0232558139534884	0.0232558139534884	0	0.0232558139534884	0.0232558139534884	0.0232558139534884	0.0232558139534884	0.0232558139534884
20	80	0	0	NA	NA	NA	NA	NA	NA	NA	NA	NA	NA	NA
40	80	0	0	0.0208333333333333	0.0208333333333333	0.0208333333333333	0.0208333333333333	0.0208333333333333	0.0208333333333333	0.0208333333333333	0.0208333333333333	0.0208333333333333	0.0208333333333333	0
80	80	0	0	NA	NA	NA	NA	NA	NA	NA	NA	NA	NA	NA
160	80	0	0	NA	NA	NA	NA	NA	NA	NA	NA	NA	NA	NA
320	80	0	0	NA	NA	NA	NA	NA	NA	NA	NA	NA	NA	NA
20	160	0	0	NA	NA	NA	NA	NA	NA	NA	NA	NA	NA	NA
40	160	0	0	0.0625	0.0625	0.0625	0.0625	0	0.0625	0.0625	0.0625	0.0625	0.0625	0
80	160	0	0	0.0227272727272727	0.0227272727272727	0.0227272727272727	0.0227272727272727	0.0227272727272727	0.0227272727272727	0.0227272727272727	0.0227272727272727	0.0227272727272727	0.0227272727272727	0
160	160	0	0	0.0204081632653061	0.0204081632653061	0.0204081632653061	0.0204081632653061	0.0204081632653061	0.0204081632653061	0.0204081632653061	0.0204081632653061	0.0204081632653061	0.0204081632653061	0.0204081632653061
320	160	0	0	0.0232558139534884	0.0232558139534884	0.0232558139534884	0.0232558139534884	0.0232558139534884	0.0232558139534884	0.0232558139534884	0.0232558139534884	0.0232558139534884	0.0232558139534884	0.0232558139534884
20	320	0	0	0.0476190476190476	0.0476190476190476	0.0476190476190476	0.0476190476190476	0	0.0476190476190476	0.0476190476190476	0.0476190476190476	0.0476190476190476	0.0476190476190476	0
40	320	0	0	0.0208333333333333	0.0208333333333333	0.0208333333333333	0.0208333333333333	0	0.0208333333333333	0.0208333333333333	0.0208333333333333	0.0208333333333333	0.0208333333333333	0
80	320	0	0	0.0227272727272727	0.0227272727272727	0.0227272727272727	0.0227272727272727	0	0.0227272727272727	0.0227272727272727	0.0227272727272727	0.0227272727272727	0.0227272727272727	0
160	320	0	0	NA	NA	NA	NA	NA	NA	NA	NA	NA	NA	NA
320	320	0	0	0.0465116279069767	0.0465116279069767	0.0465116279069767	0.0465116279069767	0.0465116279069767	0.0465116279069767	0.0465116279069767	0.0465116279069767	0.0465116279069767	0.0465116279069767	0.0232558139534884
20	20	0.2	0	0.0606060606060606	0.0606060606060606	0.0606060606060606	0.0606060606060606	0.0606060606060606	0.0606060606060606	0.0606060606060606	0.0606060606060606	0.0606060606060606	0.0606060606060606	0.0202020202020202
40	20	0.2	0	0.02	0.02	0.02	0.02	0.02	0.0133333333333333	0.02	0.02	0.02	0.02	0.02
80	20	0.2	0	0.00917431192660551	0.00917431192660551	0.00917431192660551	0.00917431192660551	0.00917431192660551	0.00458715596330275	0.00917431192660551	0.00917431192660551	0.00917431192660551	0.00917431192660551	0.00917431192660551
160	20	0.2	0	0.0203619909502262	0.0203619909502262	0.0203619909502262	0.0203619909502262	0.0203619909502262	0.00226244343891403	0.0203619909502262	0.0203619909502262	0.0203619909502262	0.0203619909502262	0.0203619909502262
320	20	0.2	0	0.0227596017069701	0.0227596017069701	0.0227596017069701	0.0227596017069701	0.0184921763869132	0	0.0227596017069701	0.0199146514935989	0.0184921763869132	0.0227596017069701	0.0227596017069701
20	40	0.2	0	0.0505050505050505	0.0505050505050505	0.0505050505050505	0.0505050505050505	0.0404040404040404	0.0505050505050505	0.0505050505050505	0.0505050505050505	0.0505050505050505	0.0505050505050505	0
40	40	0.2	0	0.0333333333333333	0.0333333333333333	0.0333333333333333	0.0333333333333333	0.0333333333333333	0.0333333333333333	0.0333333333333333	0.0333333333333333	0.0333333333333333	0.0333333333333333	0.0266666666666667
80	40	0.2	0	0.0321100917431193	0.0321100917431193	0.0321100917431193	0.0321100917431193	0.0321100917431193	0.0275229357798165	0.0321100917431193	0.0321100917431193	0.0321100917431193	0.0321100917431193	0.0321100917431193
160	40	0.2	0	0.0158371040723982	0.0158371040723982	0.0158371040723982	0.0158371040723982	0.0158371040723982	0.00452488687782805	0.0158371040723982	0.0158371040723982	0.0158371040723982	0.0158371040723982	0.0158371040723982
320	40	0.2	0	0.0213371266002845	0.0213371266002845	0.0213371266002845	0.0213371266002845	0.0184921763869132	0	0.0199146514935989	0.0199146514935989	0.0184921763869132	0.0213371266002845	0.0213371266002845
20	80	0.2	0	0.0202020202020202	0.0202020202020202	0.0202020202020202	0.0202020202020202	0.0101010101010101	0.0202020202020202	0.0202020202020202	0.0202020202020202	0.0202020202020202	0.0202020202020202	0
40	80	0.2	0	0.02	0.02	0.02	0.02	0.02	0.02	0.02	0.02	0.02	0.02	0
80	80	0.2	0	0.036697247706422	0.036697247706422	0.036697247706422	0.036697247706422	0.036697247706422	0.036697247706422	0.036697247706422	0.036697247706422	0.036697247706422	0.036697247706422	0.0229357798165138
160	80	0.2	0	0.0158371040723982	0.0158371040723982	0.0158371040723982	0.0158371040723982	0.0158371040723982	0.0158371040723982	0.0158371040723982	0.0158371040723982	0.0158371040723982	0.0158371040723982	0.0113122171945701
320	80	0.2	0	0.0312944523470839	0.0312944523470839	0.0312944523470839	0.0312944523470839	0.0312944523470839	0.0170697012802276	0.0312944523470839	0.0312944523470839	0.0312944523470839	0.0312944523470839	0.0298719772403983
20	160	0.2	0	0.0505050505050505	0.0505050505050505	0.0505050505050505	0.0505050505050505	0	0.0505050505050505	0.0505050505050505	0.0505050505050505	0.0505050505050505	0.0505050505050505	0
40	160	0.2	0	0.0466666666666667	0.0466666666666667	0.0466666666666667	0.0466666666666667	0	0.0466666666666667	0.0466666666666667	0.0466666666666667	0.0466666666666667	0.0466666666666667	0
80	160	0.2	0	0.0321100917431193	0.0321100917431193	0.0321100917431193	0.0321100917431193	0.0229357798165138	0.0275229357798165	0.0321100917431193	0.0321100917431193	0.0321100917431193	0.0321100917431193	0
160	160	0.2	0	0.0271493212669683	0.0271493212669683	0.0271493212669683	0.0271493212669683	0.0248868778280543	0.0248868778280543	0.0271493212669683	0.0271493212669683	0.0271493212669683	0.0271493212669683	0.00678733031674208
320	160	0.2	0	0.0227596017069701	0.0227596017069701	0.0227596017069701	0.0227596017069701	0.0227596017069701	0.0227596017069701	0.0227596017069701	0.0227596017069701	0.0227596017069701	0.0227596017069701	0.0142247510668563
20	320	0.2	0	0.0202020202020202	0.0202020202020202	0.0202020202020202	0.0202020202020202	0	0.0101010101010101	0.0202020202020202	0.0101010101010101	0.0101010101010101	0.0202020202020202	0
40	320	0.2	0	0.02	0.02	0.02	0.02	0	0.0133333333333333	0.02	0.0133333333333333	0.0133333333333333	0.02	0
80	320	0.2	0	0.0137614678899083	0.0137614678899083	0.0137614678899083	0.0137614678899083	0.00458715596330275	0.0137614678899083	0.0137614678899083	0.0137614678899083	0.0137614678899083	0.0137614678899083	0
160	320	0.2	0	0.0180995475113122	0.0180995475113122	0.0180995475113122	0.0180995475113122	0.0158371040723982	0.0180995475113122	0.0180995475113122	0.0180995475113122	0.0180995475113122	0.0180995475113122	0
320	320	0.2	0	0.0184921763869132	0.0184921763869132	0.0184921763869132	0.0184921763869132	0.0184921763869132	0.0184921763869132	0.0184921763869132	0.0184921763869132	0.0184921763869132	0.0184921763869132	0
20	20	0.5	0	0.0227272727272727	0.0227272727272727	0.0227272727272727	0.0227272727272727	0.0227272727272727	0.0227272727272727	0.0227272727272727	0.0227272727272727	0.0227272727272727	0.0227272727272727	0.00284090909090909
40	20	0.5	0	0.0206677265500795	0.0206677265500795	0.0206677265500795	0.0206677265500795	0.0206677265500795	0.0206677265500795	0.0206677265500795	0.0206677265500795	0.0206677265500795	0.0206677265500795	0.0158982511923688
80	20	0.5	0	0.0180995475113122	0.0180995475113122	0.0180995475113122	0.0180995475113122	0.0180995475113122	0.0113122171945701	0.0180995475113122	0.0180995475113122	0.0180995475113122	0.0180995475113122	0.0158371040723982
160	20	0.5	0	0.0190954773869347	0.0190954773869347	0.0190954773869347	0.0190954773869347	0.0190954773869347	0.00603015075376884	0.0190954773869347	0.0190954773869347	0.0190954773869347	0.0190954773869347	0.0190954773869347
320	20	0.5	0	0.019	0.019	0.019	0.019	0.019	0.003	0.019	0.019	0.019	0.019	0.019
20	40	0.5	0	0.03125	0.03125	0.03125	0.03125	0.0227272727272727	0.0255681818181818	0.03125	0.0284090909090909	0.03125	0.03125	0
40	40	0.5	0	0.0222575516693164	0.0222575516693164	0.0222575516693164	0.0222575516693164	0.0222575516693164	0.0222575516693164	0.0222575516693164	0.0222575516693164	0.0222575516693164	0.0222575516693164	0.00635930047694754
80	40	0.5	0	0.0237556561085973	0.0237556561085973	0.0237556561085973	0.0237556561085973	0.0226244343891403	0.0226244343891403	0.0237556561085973	0.0237556561085973	0.0237556561085973	0.0237556561085973	0.0147058823529412
160	40	0.5	0	0.0221105527638191	0.0221105527638191	0.0221105527638191	0.0221105527638191	0.021105527638191	0.0190954773869347	0.0221105527638191	0.021105527638191	0.021105527638191	0.0221105527638191	0.014070351758794
320	40	0.5	0	0.022	0.022	0.022	0.022	0.022	0.019	0.022	0.022	0.022	0.022	0.016
20	80	0.5	0	0.03125	0.03125	0.03125	0.03125	0	0.0227272727272727	0.0284090909090909	0.0255681818181818	0.0255681818181818	0.03125	0
40	80	0.5	0	0.0333863275039746	0.0333863275039746	0.0333863275039746	0.0333863275039746	0.0174880763116057	0.0254372019077901	0.0333863275039746	0.0302066772655008	0.0302066772655008	0.0333863275039746	0.00158982511923688
80	80	0.5	0	0.0226244343891403	0.0226244343891403	0.0226244343891403	0.0226244343891403	0.0180995475113122	0.0192307692307692	0.0226244343891403	0.0214932126696833	0.0226244343891403	0.0226244343891403	0.00339366515837104
160	80	0.5	0	0.0241206030150754	0.0241206030150754	0.0241206030150754	0.0241206030150754	0.0231155778894472	0.0201005025125628	0.0241206030150754	0.0231155778894472	0.0241206030150754	0.0241206030150754	0.00100502512562814
320	80	0.5	0	0.025	0.025	0.025	0.025	0.024	0.019	0.025	0.024	0.024	0.025	0.005
20	160	0.5	0	0.0170454545454545	0.0170454545454545	0.0170454545454545	0.0170454545454545	0	0.00852272727272727	0.0113636363636364	0.00852272727272727	0.00852272727272727	0.0142045454545455	0
40	160	0.5	0	0.0222575516693164	0.0222575516693164	0.0222575516693164	0.0222575516693164	0	0.0095389507154213	0.0206677265500795	0.0111287758346582	0.0111287758346582	0.0222575516693164	0
80	160	0.5	0	0.0203619909502262	0.0203619909502262	0.0203619909502262	0.0203619909502262	0.00452488687782805	0.00678733031674208	0.0169683257918552	0.00904977375565611	0.00904977375565611	0.0192307692307692	0
160	160	0.5	0	0.0231155778894472	0.0231155778894472	0.0231155778894472	0.0231155778894472	0.00703517587939699	0.00703517587939699	0.0231155778894472	0.0160804020100503	0.0160804020100503	0.0231155778894472	0
320	160	0.5	0	0.023	0.023	0.023	0.023	0.009	0.004	0.021	0.014	0.015	0.023	0
20	320	0.5	0	0.0170454545454545	0.0170454545454545	0.0170454545454545	0.0170454545454545	0	0.0113636363636364	0.0142045454545455	0.00568181818181818	0.0113636363636364	0.0170454545454545	0
40	320	0.5	0	0.0206677265500795	0.0206677265500795	0.0206677265500795	0.0206677265500795	0	0.0111287758346582	0.0158982511923688	0.0111287758346582	0.0127186009538951	0.0206677265500795	0
80	320	0.5	0	0.0203619909502262	0.0203619909502262	0.0203619909502262	0.0203619909502262	0.00226244343891403	0.0113122171945701	0.0192307692307692	0.0135746606334842	0.0135746606334842	0.0203619909502262	0
160	320	0.5	0	0.0190954773869347	0.0190954773869347	0.0190954773869347	0.0190954773869347	0.00301507537688442	0.0050251256281407	0.0150753768844221	0.00804020100502513	0.00804020100502513	0.0190954773869347	0
320	320	0.5	0	0.019	0.019	0.019	0.019	0.002	0.002	0.011	0.005	0.005	0.019	0
20	20	0.8	0	0.021551724137931	0.021551724137931	0.021551724137931	0.021551724137931	0.0186781609195402	0.0201149425287356	0.021551724137931	0.021551724137931	0.021551724137931	0.021551724137931	0.0028735632183908
40	20	0.8	0	0.0180851063829787	0.0180851063829787	0.0180851063829787	0.0180851063829787	0.0180851063829787	0.0180851063829787	0.0180851063829787	0.0180851063829787	0.0180851063829787	0.0180851063829787	0.00638297872340425
80	20	0.8	0	0.019	0.019	0.019	0.019	0.019	0.017	0.019	0.019	0.019	0.019	0.008
160	20	0.8	0	0.019	0.019	0.019	0.019	0.019	0.018	0.019	0.019	0.019	0.019	0.009
320	20	0.8	0	0.019	0.019	0.019	0.019	0.019	0.013	0.019	0.019	0.019	0.019	0.008
20	40	0.8	0	0.0258620689655172	0.0258620689655172	0.0258620689655172	0.0258620689655172	0.0158045977011494	0.0229885057471264	0.0258620689655172	0.0229885057471264	0.0244252873563218	0.0258620689655172	0
40	40	0.8	0	0.0212765957446809	0.0212765957446809	0.0212765957446809	0.0212765957446809	0.0180851063829787	0.0180851063829787	0.0212765957446809	0.0202127659574468	0.0202127659574468	0.0212765957446809	0.00425531914893617
80	40	0.8	0	0.022	0.022	0.022	0.022	0.019	0.015	0.022	0.021	0.021	0.022	0.002
160	40	0.8	0	0.022	0.022	0.022	0.022	0.022	0.011	0.022	0.022	0.022	0.022	0.002
320	40	0.8	0	0.022	0.022	0.022	0.022	0.02	0.005	0.022	0.021	0.021	0.022	0.001
20	80	0.8	0	0.021551724137931	0.021551724137931	0.021551724137931	0.021551724137931	0.0014367816091954	0.0158045977011494	0.021551724137931	0.0158045977011494	0.0186781609195402	0.021551724137931	0
40	80	0.8	0	0.0234042553191489	0.0234042553191489	0.0234042553191489	0.0234042553191489	0.0127659574468085	0.0148936170212766	0.0234042553191489	0.0159574468085106	0.0170212765957447	0.0234042553191489	0
80	80	0.8	0	0.025	0.025	0.025	0.025	0.004	0.004	0.021	0.014	0.015	0.025	0
160	80	0.8	0	0.025	0.025	0.025	0.025	0.005	0.001	0.021	0.009	0.011	0.025	0
320	80	0.8	0	0.025	0.025	0.025	0.025	0.004	0	0.017	0.006	0.006	0.025	0
20	160	0.8	0	0.021551724137931	0.021551724137931	0.021551724137931	0.021551724137931	0	0.00862068965517241	0.0172413793103448	0.00862068965517241	0.0114942528735632	0.021551724137931	0
40	160	0.8	0	0.024468085106383	0.024468085106383	0.024468085106383	0.024468085106383	0	0.00425531914893617	0.0148936170212766	0.00531914893617021	0.00638297872340425	0.024468085106383	0
80	160	0.8	0	0.023	0.023	0.023	0.023	0.001	0.001	0.011	0.002	0.002	0.02	0
160	160	0.8	0	0.023	0.023	0.023	0.023	0	0	0.004	0	0	0.021	0
320	160	0.8	0	0.023	0.023	0.023	0.023	0	0	0.002	0	0	0.013	0
20	320	0.8	0	0.0158045977011494	0.0158045977011494	0.0158045977011494	0.0158045977011494	0	0.00718390804597701	0.0129310344827586	0.00574712643678161	0.00718390804597701	0.0158045977011494	0
40	320	0.8	0	0.0180851063829787	0.0180851063829787	0.0180851063829787	0.0180851063829787	0	0.00106382978723404	0.00638297872340425	0.00212765957446809	0.00319148936170213	0.0180851063829787	0
80	320	0.8	0	0.019	0.019	0.019	0.019	0	0	0.006	0	0	0.013	0
160	320	0.8	0	0.019	0.019	0.019	0.019	0	0	0.001	0	0	0.006	0
320	320	0.8	0	0.019	0.019	0.019	0.019	0	0	0	0	0	0	0
20	20	1	0	0.0182648401826484	0.0182648401826484	0.0182648401826484	0.0182648401826484	0.0159817351598174	0.0159817351598174	0.0182648401826484	0.0171232876712329	0.0171232876712329	0.0182648401826484	0.0045662100456621
40	20	1	0	0.0191339375629406	0.0191339375629406	0.0191339375629406	0.0191339375629406	0.0161127895266868	0.0151057401812689	0.0191339375629406	0.0191339375629406	0.0191339375629406	0.0191339375629406	0.00302114803625378
80	20	1	0	0.019	0.019	0.019	0.019	0.019	0.015	0.019	0.019	0.019	0.019	0.001
160	20	1	0	0.019	0.019	0.019	0.019	0.019	0.011	0.019	0.019	0.019	0.019	0.002
320	20	1	0	0.019	0.019	0.019	0.019	0.019	0.008	0.019	0.019	0.019	0.019	0.001
20	40	1	0	0.0194063926940639	0.0194063926940639	0.0194063926940639	0.0194063926940639	0.00684931506849315	0.0136986301369863	0.0194063926940639	0.0148401826484018	0.0159817351598174	0.0194063926940639	0
40	40	1	0	0.0211480362537764	0.0211480362537764	0.0211480362537764	0.0211480362537764	0.00503524672708963	0.00604229607250755	0.0201409869083585	0.0100704934541793	0.0120845921450151	0.0211480362537764	0.00100704934541793
80	40	1	0	0.022	0.022	0.022	0.022	0.008	0.002	0.02	0.01	0.013	0.022	0
160	40	1	0	0.022	0.022	0.022	0.022	0.014	0	0.02	0.015	0.018	0.022	0
320	40	1	0	0.022	0.022	0.022	0.022	0.01	0	0.021	0.012	0.012	0.022	0
20	80	1	0	0.023972602739726	0.023972602739726	0.023972602739726	0.023972602739726	0.00114155251141553	0.00799086757990868	0.0159817351598174	0.0102739726027397	0.0114155251141553	0.0228310502283105	0
40	80	1	0	0.0251762336354481	0.0251762336354481	0.0251762336354481	0.0251762336354481	0.00100704934541793	0.0040281973816717	0.0191339375629406	0.0040281973816717	0.00704934541792548	0.0241691842900302	0
80	80	1	0	0.025	0.025	0.025	0.025	0.002	0.002	0.014	0.004	0.005	0.024	0
160	80	1	0	0.025	0.025	0.025	0.025	0	0	0.006	0.001	0.001	0.023	0
320	80	1	0	0.025	0.025	0.025	0.025	0	0	0.002	0	0	0.023	0
20	160	1	0	0.0251141552511416	0.0251141552511416	0.0251141552511416	0.0251141552511416	0	0.00570776255707763	0.0148401826484018	0.00570776255707763	0.00570776255707763	0.0228310502283105	0
40	160	1	0	0.0221550855991944	0.0221550855991944	0.0221550855991944	0.0221550855991944	0	0	0.00503524672708963	0.00100704934541793	0.00100704934541793	0.0201409869083585	0
80	160	1	0	0.023	0.023	0.023	0.023	0	0	0.001	0	0	0.013	0
160	160	1	0	0.023	0.023	0.023	0.023	0	0	0	0	0	0.001	0
320	160	1	0	0.023	0.023	0.023	0.023	0	0	0	0	0	0	0
20	320	1	0	0.0182648401826484	0.0182648401826484	0.0182648401826484	0.0182648401826484	0	0.00228310502283105	0.00799086757990868	0.00228310502283105	0.00228310502283105	0.0148401826484018	0
40	320	1	0	0.0181268882175227	0.0181268882175227	0.0181268882175227	0.0181268882175227	0	0	0.00302114803625378	0	0	0.0151057401812689	0
80	320	1	0	0.019	0.019	0.019	0.019	0	0	0	0	0	0.003	0
160	320	1	0	0.019	0.019	0.019	0.019	0	0	0	0	0	0	0
320	320	1	0	0.019	0.019	0.019	0.019	0	0	0	0	0	0	0
20	20	0	0.2	0.0952380952380952	0.0952380952380952	0.0952380952380952	0.0952380952380952	0.0952380952380952	0.0952380952380952	0.0952380952380952	0.0952380952380952	0.0952380952380952	0.0952380952380952	0.0476190476190476
40	20	0	0.2	0.0833333333333333	0.0833333333333333	0.0833333333333333	0.0833333333333333	0.0833333333333333	0.0833333333333333	0.0833333333333333	0.0833333333333333	0.0833333333333333	0.0833333333333333	0.0833333333333333
80	20	0	0.2	NA	NA	NA	NA	NA	NA	NA	NA	NA	NA	NA
160	20	0	0.2	0.0204081632653061	0.0204081632653061	0.0204081632653061	0.0204081632653061	0.0204081632653061	0	0.0204081632653061	0.0204081632653061	0.0204081632653061	0.0204081632653061	0.0204081632653061
320	20	0	0.2	NA	NA	NA	NA	NA	NA	NA	NA	NA	NA	NA
20	40	0	0.2	0.0714285714285714	0.0714285714285714	0.0714285714285714	0.0714285714285714	0.0476190476190476	0.0714285714285714	0.0714285714285714	0.0714285714285714	0.0714285714285714	0.0714285714285714	0.0238095238095238
40	40	0	0.2	0.0625	0.0625	0.0625	0.0625	0.0625	0.0625	0.0625	0.0625	0.0625	0.0625	0
80	40	0	0.2	0.0227272727272727	0.0227272727272727	0.0227272727272727	0.0227272727272727	0.0227272727272727	0.0227272727272727	0.0227272727272727	0.0227272727272727	0.0227272727272727	0.0227272727272727	0.0227272727272727
160	40	0	0.2	0.0816326530612245	0.0816326530612245	0.0816326530612245	0.0816326530612245	0.0816326530612245	0.0204081632653061	0.0816326530612245	0.0816326530612245	0.0816326530612245	0.0816326530612245	0.0816326530612245
320	40	0	0.2	0.0465116279069767	0.0465116279069767	0.0465116279069767	0.0465116279069767	0.0232558139534884	0	0.0465116279069767	0.0232558139534884	0.0232558139534884	0.0465116279069767	0.0465116279069767
20	80	0	0.2	0.119047619047619	0.119047619047619	0.119047619047619	0.119047619047619	0.0476190476190476	0.119047619047619	0.119047619047619	0.119047619047619	0.119047619047619	0.119047619047619	0
40	80	0	0.2	0.104166666666667	0.104166666666667	0.104166666666667	0.104166666666667	0.0833333333333333	0.104166666666667	0.104166666666667	0.104166666666667	0.104166666666667	0.104166666666667	0
80	80	0	0.2	0.0681818181818182	0.0681818181818182	0.0681818181818182	0.0681818181818182	0.0681818181818182	0.0681818181818182	0.0681818181818182	0.0681818181818182	0.0681818181818182	0.0681818181818182	0.0681818181818182
160	80	0	0.2	0.0816326530612245	0.0816326530612245	0.0816326530612245	0.0816326530612245	0.0816326530612245	0.0816326530612245	0.0816326530612245	0.0816326530612245	0.0816326530612245	0.0816326530612245	0.0816326530612245
320	80	0	0.2	0.116279069767442	0.116279069767442	0.116279069767442	0.116279069767442	0.116279069767442	0.0232558139534884	0.116279069767442	0.116279069767442	0.116279069767442	0.116279069767442	0.116279069767442
20	160	0	0.2	0.214285714285714	0.214285714285714	0.214285714285714	0.214285714285714	0	0.19047619047619	0.214285714285714	0.19047619047619	0.19047619047619	0.214285714285714	0
40	160	0	0.2	0.208333333333333	0.208333333333333	0.208333333333333	0.208333333333333	0.125	0.1875	0.208333333333333	0.1875	0.1875	0.208333333333333	0.0208333333333333
80	160	0	0.2	0.25	0.25	0.25	0.25	0.25	0.25	0.25	0.25	0.25	0.25	0.0681818181818182
160	160	0	0.2	0.204081632653061	0.204081632653061	0.204081632653061	0.204081632653061	0.204081632653061	0.204081632653061	0.204081632653061	0.204081632653061	0.204081632653061	0.204081632653061	0.163265306122449
320	160	0	0.2	0.186046511627907	0.186046511627907	0.186046511627907	0.186046511627907	0.186046511627907	0.13953488372093	0.186046511627907	0.186046511627907	0.186046511627907	0.186046511627907	0.186046511627907
20	320	0	0.2	0.285714285714286	0.285714285714286	0.285714285714286	0.285714285714286	0	0.238095238095238	0.285714285714286	0.238095238095238	0.261904761904762	0.285714285714286	0
40	320	0	0.2	0.270833333333333	0.270833333333333	0.270833333333333	0.270833333333333	0.0208333333333333	0.25	0.25	0.25	0.25	0.270833333333333	0
80	320	0	0.2	0.431818181818182	0.431818181818182	0.431818181818182	0.431818181818182	0.340909090909091	0.431818181818182	0.431818181818182	0.431818181818182	0.431818181818182	0.431818181818182	0
160	320	0	0.2	0.285714285714286	0.285714285714286	0.285714285714286	0.285714285714286	0.285714285714286	0.285714285714286	0.285714285714286	0.285714285714286	0.285714285714286	0.285714285714286	0.102040816326531
320	320	0	0.2	0.27906976744186	0.27906976744186	0.27906976744186	0.27906976744186	0.255813953488372	0.255813953488372	0.27906976744186	0.27906976744186	0.27906976744186	0.27906976744186	0.255813953488372
20	20	0.2	0.2	0.101010101010101	0.101010101010101	0.101010101010101	0.101010101010101	0.101010101010101	0.101010101010101	0.101010101010101	0.101010101010101	0.101010101010101	0.101010101010101	0.0404040404040404
40	20	0.2	0.2	0.113333333333333	0.113333333333333	0.113333333333333	0.113333333333333	0.113333333333333	0.106666666666667	0.113333333333333	0.113333333333333	0.113333333333333	0.113333333333333	0.106666666666667
80	20	0.2	0.2	0.110091743119266	0.110091743119266	0.110091743119266	0.110091743119266	0.105504587155963	0.0458715596330275	0.110091743119266	0.110091743119266	0.105504587155963	0.110091743119266	0.105504587155963
160	20	0.2	0.2	0.0904977375565611	0.0904977375565611	0.0904977375565611	0.0904977375565611	0.081447963800905	0	0.0904977375565611	0.085972850678733	0.081447963800905	0.0904977375565611	0.0904977375565611
320	20	0.2	0.2	0.0995732574679943	0.0995732574679943	0.0995732574679943	0.0995732574679943	0.0753911806543385	0	0.0953058321479374	0.0796586059743954	0.0753911806543385	0.0995732574679943	0.0995732574679943
20	40	0.2	0.2	0.171717171717172	0.171717171717172	0.171717171717172	0.171717171717172	0.141414141414141	0.171717171717172	0.171717171717172	0.171717171717172	0.171717171717172	0.171717171717172	0
40	40	0.2	0.2	0.153333333333333	0.153333333333333	0.153333333333333	0.153333333333333	0.153333333333333	0.153333333333333	0.153333333333333	0.153333333333333	0.153333333333333	0.153333333333333	0.08
80	40	0.2	0.2	0.13302752293578	0.13302752293578	0.13302752293578	0.13302752293578	0.13302752293578	0.110091743119266	0.13302752293578	0.13302752293578	0.13302752293578	0.13302752293578	0.128440366972477
160	40	0.2	0.2	0.117647058823529	0.117647058823529	0.117647058823529	0.117647058823529	0.115384615384615	0.0475113122171946	0.117647058823529	0.115384615384615	0.115384615384615	0.117647058823529	0.117647058823529
320	40	0.2	0.2	0.14651493598862	0.14651493598862	0.14651493598862	0.14651493598862	0.137980085348506	0.0042674253200569	0.14651493598862	0.140825035561878	0.139402560455192	0.14651493598862	0.14651493598862
20	80	0.2	0.2	0.181818181818182	0.181818181818182	0.181818181818182	0.181818181818182	0.0404040404040404	0.181818181818182	0.181818181818182	0.181818181818182	0.181818181818182	0.181818181818182	0
40	80	0.2	0.2	0.166666666666667	0.166666666666667	0.166666666666667	0.166666666666667	0.166666666666667	0.166666666666667	0.166666666666667	0.166666666666667	0.166666666666667	0.166666666666667	0.00666666666666667
80	80	0.2	0.2	0.23394495412844	0.23394495412844	0.23394495412844	0.23394495412844	0.23394495412844	0.23394495412844	0.23394495412844	0.23394495412844	0.23394495412844	0.23394495412844	0.119266055045872
160	80	0.2	0.2	0.208144796380091	0.208144796380091	0.208144796380091	0.208144796380091	0.203619909502262	0.183257918552036	0.208144796380091	0.208144796380091	0.208144796380091	0.208144796380091	0.17420814479638
320	80	0.2	0.2	0.234708392603129	0.234708392603129	0.234708392603129	0.234708392603129	0.219061166429587	0.109530583214794	0.233285917496444	0.227596017069701	0.226173541963016	0.234708392603129	0.227596017069701
20	160	0.2	0.2	0.373737373737374	0.373737373737374	0.373737373737374	0.373737373737374	0	0.313131313131313	0.373737373737374	0.313131313131313	0.323232323232323	0.373737373737374	0
40	160	0.2	0.2	0.413333333333333	0.413333333333333	0.413333333333333	0.413333333333333	0.14	0.4	0.413333333333333	0.4	0.406666666666667	0.413333333333333	0
80	160	0.2	0.2	0.435779816513761	0.435779816513761	0.435779816513761	0.435779816513761	0.385321100917431	0.431192660550459	0.435779816513761	0.435779816513761	0.435779816513761	0.435779816513761	0.0642201834862385
160	160	0.2	0.2	0.441176470588235	0.441176470588235	0.441176470588235	0.441176470588235	0.429864253393665	0.427601809954751	0.441176470588235	0.441176470588235	0.441176470588235	0.441176470588235	0.217194570135747
320	160	0.2	0.2	0.446657183499289	0.446657183499289	0.446657183499289	0.446657183499289	0.431009957325747	0.385490753911807	0.446657183499289	0.440967283072546	0.440967283072546	0.446657183499289	0.330014224751067
20	320	0.2	0.2	0.616161616161616	0.616161616161616	0.616161616161616	0.616161616161616	0	0.454545454545455	0.575757575757576	0.444444444444444	0.474747474747475	0.616161616161616	0
40	320	0.2	0.2	0.66	0.66	0.66	0.66	0.0133333333333333	0.606666666666667	0.66	0.62	0.64	0.66	0
80	320	0.2	0.2	0.720183486238532	0.720183486238532	0.720183486238532	0.720183486238532	0.321100917431193	0.655963302752294	0.720183486238532	0.669724770642202	0.678899082568807	0.720183486238532	0.0229357798165138
160	320	0.2	0.2	0.710407239819005	0.710407239819005	0.710407239819005	0.710407239819005	0.613122171945701	0.687782805429864	0.708144796380091	0.692307692307692	0.692307692307692	0.710407239819005	0.158371040723982
320	320	0.2	0.2	0.702702702702703	0.702702702702703	0.702702702702703	0.702702702702703	0.668563300142248	0.668563300142248	0.702702702702703	0.69701280227596	0.69701280227596	0.702702702702703	0.369843527738265
20	20	0.5	0.2	0.102272727272727	0.102272727272727	0.102272727272727	0.102272727272727	0.102272727272727	0.102272727272727	0.102272727272727	0.102272727272727	0.102272727272727	0.102272727272727	0.0397727272727273
40	20	0.5	0.2	0.0922098569157393	0.0922098569157393	0.0922098569157393	0.0922098569157393	0.0906200317965024	0.0858505564387917	0.0922098569157393	0.0922098569157393	0.0922098569157393	0.0922098569157393	0.068362480127186
80	20	0.5	0.2	0.0893665158371041	0.0893665158371041	0.0893665158371041	0.0893665158371041	0.0882352941176471	0.0531674208144796	0.0893665158371041	0.0882352941176471	0.0882352941176471	0.0893665158371041	0.080316742081448
160	20	0.5	0.2	0.0924623115577889	0.0924623115577889	0.0924623115577889	0.0924623115577889	0.0894472361809045	0.0291457286432161	0.0924623115577889	0.0894472361809045	0.0894472361809045	0.0924623115577889	0.0904522613065327
320	20	0.5	0.2	0.093	0.093	0.093	0.093	0.091	0.014	0.092	0.092	0.091	0.093	0.092
20	40	0.5	0.2	0.161931818181818	0.161931818181818	0.161931818181818	0.161931818181818	0.110795454545455	0.142045454545455	0.161931818181818	0.153409090909091	0.15625	0.161931818181818	0
40	40	0.5	0.2	0.149443561208267	0.149443561208267	0.149443561208267	0.149443561208267	0.14308426073132	0.144674085850556	0.149443561208267	0.149443561208267	0.149443561208267	0.149443561208267	0.0381558028616852
80	40	0.5	0.2	0.142533936651584	0.142533936651584	0.142533936651584	0.142533936651584	0.142533936651584	0.135746606334842	0.142533936651584	0.142533936651584	0.142533936651584	0.142533936651584	0.0723981900452489
160	40	0.5	0.2	0.144723618090452	0.144723618090452	0.144723618090452	0.144723618090452	0.144723618090452	0.120603015075377	0.144723618090452	0.144723618090452	0.144723618090452	0.144723618090452	0.0884422110552764
320	40	0.5	0.2	0.145	0.145	0.145	0.145	0.145	0.117	0.145	0.145	0.145	0.145	0.095
20	80	0.5	0.2	0.238636363636364	0.238636363636364	0.238636363636364	0.238636363636364	0.0710227272727273	0.210227272727273	0.232954545454545	0.215909090909091	0.215909090909091	0.238636363636364	0
40	80	0.5	0.2	0.211446740858506	0.211446740858506	0.211446740858506	0.211446740858506	0.144674085850556	0.190779014308426	0.211446740858506	0.200317965023847	0.201907790143084	0.211446740858506	0.0127186009538951
80	80	0.5	0.2	0.21606334841629	0.21606334841629	0.21606334841629	0.21606334841629	0.188914027149321	0.188914027149321	0.21606334841629	0.208144796380091	0.210407239819005	0.21606334841629	0.0509049773755656
160	80	0.5	0.2	0.219095477386935	0.219095477386935	0.219095477386935	0.219095477386935	0.206030150753769	0.173869346733668	0.219095477386935	0.21608040201005	0.21608040201005	0.219095477386935	0.0532663316582915
320	80	0.5	0.2	0.218	0.218	0.218	0.218	0.215	0.14	0.217	0.217	0.217	0.218	0.038
20	160	0.5	0.2	0.403409090909091	0.403409090909091	0.403409090909091	0.403409090909091	0.00284090909090909	0.289772727272727	0.389204545454545	0.295454545454545	0.323863636363636	0.403409090909091	0
40	160	0.5	0.2	0.427662957074722	0.427662957074722	0.427662957074722	0.427662957074722	0.0731319554848967	0.319554848966614	0.402225755166932	0.333863275039746	0.349761526232114	0.427662957074722	0
80	160	0.5	0.2	0.434389140271493	0.434389140271493	0.434389140271493	0.434389140271493	0.218325791855204	0.315610859728507	0.425339366515837	0.366515837104072	0.368778280542986	0.434389140271493	0.0203619909502262
160	160	0.5	0.2	0.441206030150754	0.441206030150754	0.441206030150754	0.441206030150754	0.249246231155779	0.255276381909548	0.436180904522613	0.358793969849246	0.363819095477387	0.441206030150754	0.0361809045226131
320	160	0.5	0.2	0.442	0.442	0.442	0.442	0.255	0.141	0.43	0.332	0.343	0.442	0.014
20	320	0.5	0.2	0.693181818181818	0.693181818181818	0.693181818181818	0.693181818181818	0	0.40625	0.5625	0.389204545454545	0.426136363636364	0.690340909090909	0
40	320	0.5	0.2	0.707472178060413	0.707472178060413	0.707472178060413	0.707472178060413	0.0127186009538951	0.441971383147854	0.623211446740858	0.465818759936407	0.481717011128776	0.705882352941177	0
80	320	0.5	0.2	0.708144796380091	0.708144796380091	0.708144796380091	0.708144796380091	0.114253393665158	0.408371040723982	0.626696832579186	0.451357466063348	0.460407239819004	0.70475113122172	0.00339366515837104
160	320	0.5	0.2	0.70251256281407	0.70251256281407	0.70251256281407	0.70251256281407	0.150753768844221	0.276381909547739	0.585929648241206	0.386934673366834	0.392964824120603	0.700502512562814	0.00904522613065327
320	320	0.5	0.2	0.703	0.703	0.703	0.703	0.094	0.096	0.456	0.243	0.246	0.678	0.006
20	20	0.8	0.2	0.0962643678160919	0.0962643678160919	0.0962643678160919	0.0962643678160919	0.0905172413793103	0.0905172413793103	0.0962643678160919	0.0933908045977011	0.0948275862068965	0.0962643678160919	0.0272988505747126
40	20	0.8	0.2	0.0914893617021277	0.0914893617021277	0.0914893617021277	0.0914893617021277	0.0882978723404255	0.0861702127659574	0.0914893617021277	0.0904255319148936	0.0914893617021277	0.0914893617021277	0.0372340425531915
80	20	0.8	0.2	0.093	0.093	0.093	0.093	0.093	0.079	0.093	0.093	0.093	0.093	0.047
160	20	0.8	0.2	0.093	0.093	0.093	0.093	0.093	0.077	0.093	0.093	0.093	0.093	0.036
320	20	0.8	0.2	0.093	0.093	0.093	0.093	0.093	0.067	0.093	0.093	0.093	0.093	0.04
20	40	0.8	0.2	0.133620689655172	0.133620689655172	0.133620689655172	0.133620689655172	0.0775862068965517	0.110632183908046	0.130747126436782	0.119252873563218	0.125	0.133620689655172	0.0028735632183908
40	40	0.8	0.2	0.14468085106383	0.14468085106383	0.14468085106383	0.14468085106383	0.104255319148936	0.106382978723404	0.143617021276596	0.132978723404255	0.13936170212766	0.14468085106383	0.0170212765957447
80	40	0.8	0.2	0.145	0.145	0.145	0.145	0.122	0.088	0.145	0.134	0.138	0.145	0.005
160	40	0.8	0.2	0.145	0.145	0.145	0.145	0.127	0.064	0.144	0.139	0.14	0.145	0.008
320	40	0.8	0.2	0.145	0.145	0.145	0.145	0.136	0.029	0.145	0.142	0.143	0.145	0.001
20	80	0.8	0.2	0.224137931034483	0.224137931034483	0.224137931034483	0.224137931034483	0.028735632183908	0.146551724137931	0.209770114942529	0.156609195402299	0.169540229885057	0.224137931034483	0
40	80	0.8	0.2	0.220212765957447	0.220212765957447	0.220212765957447	0.220212765957447	0.0680851063829787	0.123404255319149	0.209574468085106	0.16063829787234	0.167021276595745	0.220212765957447	0.00425531914893617
80	80	0.8	0.2	0.218	0.218	0.218	0.218	0.082	0.085	0.202	0.142	0.147	0.218	0.002
160	80	0.8	0.2	0.218	0.218	0.218	0.218	0.06	0.025	0.183	0.104	0.11	0.218	0.001
320	80	0.8	0.2	0.218	0.218	0.218	0.218	0.053	0.007	0.167	0.07	0.074	0.218	0
20	160	0.8	0.2	0.448275862068966	0.448275862068966	0.448275862068966	0.448275862068966	0.0028735632183908	0.234195402298851	0.359195402298851	0.235632183908046	0.264367816091954	0.44683908045977	0
40	160	0.8	0.2	0.441489361702128	0.441489361702128	0.441489361702128	0.441489361702128	0.0393617021276596	0.184042553191489	0.340425531914894	0.209574468085106	0.221276595744681	0.436170212765957	0
80	160	0.8	0.2	0.442	0.442	0.442	0.442	0.032	0.069	0.277	0.111	0.118	0.429	0
160	160	0.8	0.2	0.442	0.442	0.442	0.442	0.006	0.006	0.155	0.04	0.04	0.375	0
320	160	0.8	0.2	0.442	0.442	0.442	0.442	0.003	0.001	0.056	0.009	0.012	0.298	0
20	320	0.8	0.2	0.721264367816092	0.721264367816092	0.721264367816092	0.721264367816092	0	0.310344827586207	0.474137931034483	0.301724137931034	0.324712643678161	0.709770114942529	0
40	320	0.8	0.2	0.701063829787234	0.701063829787234	0.701063829787234	0.701063829787234	0.00319148936170213	0.204255319148936	0.382978723404255	0.212765957446809	0.229787234042553	0.667021276595745	0
80	320	0.8	0.2	0.703	0.703	0.703	0.703	0.007	0.057	0.213	0.075	0.078	0.575	0
160	320	0.8	0.2	0.703	0.703	0.703	0.703	0.001	0.004	0.057	0.008	0.009	0.313	0
320	320	0.8	0.2	0.703	0.703	0.703	0.703	0	0	0.004	0	0	0.088	0
20	20	1	0.2	0.0981735159817352	0.0981735159817352	0.0981735159817352	0.0981735159817352	0.0833333333333333	0.0867579908675799	0.0970319634703196	0.0958904109589041	0.0970319634703196	0.0981735159817352	0.0171232876712329
40	20	1	0.2	0.0936555891238671	0.0936555891238671	0.0936555891238671	0.0936555891238671	0.0855991943605237	0.0735146022155086	0.0936555891238671	0.0906344410876133	0.0926485397784491	0.0936555891238671	0.0201409869083585
80	20	1	0.2	0.093	0.093	0.093	0.093	0.093	0.074	0.093	0.093	0.093	0.093	0.013
160	20	1	0.2	0.093	0.093	0.093	0.093	0.093	0.053	0.093	0.093	0.093	0.093	0.012
320	20	1	0.2	0.093	0.093	0.093	0.093	0.093	0.029	0.093	0.093	0.093	0.093	0.011
20	40	1	0.2	0.147260273972603	0.147260273972603	0.147260273972603	0.147260273972603	0.0490867579908676	0.0958904109589041	0.144977168949772	0.116438356164384	0.125570776255708	0.147260273972603	0.0045662100456621
40	40	1	0.2	0.146022155085599	0.146022155085599	0.146022155085599	0.146022155085599	0.0785498489425982	0.0825780463242699	0.144008056394763	0.115810674723061	0.122860020140987	0.146022155085599	0.00201409869083585
80	40	1	0.2	0.145	0.145	0.145	0.145	0.067	0.032	0.139	0.097	0.105	0.145	0
160	40	1	0.2	0.145	0.145	0.145	0.145	0.064	0.01	0.135	0.09	0.093	0.145	0
320	40	1	0.2	0.145	0.145	0.145	0.145	0.058	0	0.134	0.079	0.088	0.145	0
20	80	1	0.2	0.219178082191781	0.219178082191781	0.219178082191781	0.219178082191781	0.0148401826484018	0.125570776255708	0.190639269406393	0.131278538812785	0.142694063926941	0.219178082191781	0
40	80	1	0.2	0.21852970795569	0.21852970795569	0.21852970795569	0.21852970795569	0.0312185297079557	0.0614300100704935	0.171198388721047	0.0906344410876133	0.100704934541793	0.21852970795569	0.00201409869083585
80	80	1	0.2	0.218	0.218	0.218	0.218	0.01	0.012	0.131	0.046	0.053	0.209	0
160	80	1	0.2	0.218	0.218	0.218	0.218	0.005	0.002	0.068	0.013	0.017	0.201	0
320	80	1	0.2	0.218	0.218	0.218	0.218	0.002	0.001	0.028	0.002	0.004	0.183	0
20	160	1	0.2	0.442922374429224	0.442922374429224	0.442922374429224	0.442922374429224	0	0.180365296803653	0.30365296803653	0.181506849315068	0.199771689497717	0.431506849315068	0
40	160	1	0.2	0.442094662638469	0.442094662638469	0.442094662638469	0.442094662638469	0.013091641490433	0.0644511581067472	0.202416918429003	0.0755287009063444	0.0835850956696878	0.40785498489426	0
80	160	1	0.2	0.442	0.442	0.442	0.442	0.001	0.008	0.084	0.016	0.02	0.289	0
160	160	1	0.2	0.442	0.442	0.442	0.442	0	0	0.016	0	0	0.149	0
320	160	1	0.2	0.442	0.442	0.442	0.442	0	0	0.002	0.001	0.001	0.051	0
20	320	1	0.2	0.695205479452055	0.695205479452055	0.695205479452055	0.695205479452055	0	0.205479452054795	0.342465753424658	0.188356164383562	0.218036529680365	0.656392694063927	0
40	320	1	0.2	0.702920443101712	0.702920443101712	0.702920443101712	0.702920443101712	0.00100704934541793	0.0654582074521652	0.201409869083585	0.0725075528700906	0.081570996978852	0.560926485397784	0
80	320	1	0.2	0.703	0.703	0.703	0.703	0	0.002	0.026	0.004	0.005	0.248	0
160	320	1	0.2	0.703	0.703	0.703	0.703	0	0	0.001	0	0	0.032	0
320	320	1	0.2	0.703	0.703	0.703	0.703	0	0	0	0	0	0.003	0
20	20	0	0.5	0.0952380952380952	0.0952380952380952	0.0952380952380952	0.0952380952380952	0.0952380952380952	0.0714285714285714	0.0952380952380952	0.0952380952380952	0.0952380952380952	0.0952380952380952	0.0714285714285714
40	20	0	0.5	0.145833333333333	0.145833333333333	0.145833333333333	0.145833333333333	0.104166666666667	0.0625	0.145833333333333	0.145833333333333	0.125	0.145833333333333	0.145833333333333
80	20	0	0.5	0.0909090909090909	0.0909090909090909	0.0909090909090909	0.0909090909090909	0.0909090909090909	0.0227272727272727	0.0909090909090909	0.0909090909090909	0.0909090909090909	0.0909090909090909	0.0909090909090909
160	20	0	0.5	0.102040816326531	0.102040816326531	0.102040816326531	0.102040816326531	0.102040816326531	0	0.102040816326531	0.102040816326531	0.102040816326531	0.102040816326531	0.102040816326531
320	20	0	0.5	0.186046511627907	0.186046511627907	0.186046511627907	0.186046511627907	0.13953488372093	0	0.186046511627907	0.13953488372093	0.13953488372093	0.186046511627907	0.186046511627907
20	40	0	0.5	0.142857142857143	0.142857142857143	0.142857142857143	0.142857142857143	0.142857142857143	0.142857142857143	0.142857142857143	0.142857142857143	0.142857142857143	0.142857142857143	0.0476190476190476
40	40	0	0.5	0.291666666666667	0.291666666666667	0.291666666666667	0.291666666666667	0.270833333333333	0.270833333333333	0.291666666666667	0.291666666666667	0.291666666666667	0.291666666666667	0.208333333333333
80	40	0	0.5	0.363636363636364	0.363636363636364	0.363636363636364	0.363636363636364	0.295454545454545	0.227272727272727	0.363636363636364	0.340909090909091	0.340909090909091	0.363636363636364	0.363636363636364
160	40	0	0.5	0.306122448979592	0.306122448979592	0.306122448979592	0.306122448979592	0.244897959183673	0.0408163265306122	0.306122448979592	0.26530612244898	0.244897959183673	0.306122448979592	0.306122448979592
320	40	0	0.5	0.255813953488372	0.255813953488372	0.255813953488372	0.255813953488372	0.116279069767442	0	0.209302325581395	0.13953488372093	0.116279069767442	0.255813953488372	0.255813953488372
20	80	0	0.5	0.404761904761905	0.404761904761905	0.404761904761905	0.404761904761905	0.333333333333333	0.404761904761905	0.404761904761905	0.404761904761905	0.404761904761905	0.404761904761905	0.0238095238095238
40	80	0	0.5	0.395833333333333	0.395833333333333	0.395833333333333	0.395833333333333	0.354166666666667	0.395833333333333	0.395833333333333	0.395833333333333	0.395833333333333	0.395833333333333	0.145833333333333
80	80	0	0.5	0.522727272727273	0.522727272727273	0.522727272727273	0.522727272727273	0.409090909090909	0.409090909090909	0.522727272727273	0.5	0.5	0.522727272727273	0.454545454545455
160	80	0	0.5	0.387755102040816	0.387755102040816	0.387755102040816	0.387755102040816	0.224489795918367	0.183673469387755	0.36734693877551	0.306122448979592	0.26530612244898	0.387755102040816	0.387755102040816
320	80	0	0.5	0.395348837209302	0.395348837209302	0.395348837209302	0.395348837209302	0.162790697674419	0.0465116279069767	0.348837209302326	0.232558139534884	0.209302325581395	0.395348837209302	0.395348837209302
20	160	0	0.5	0.452380952380952	0.452380952380952	0.452380952380952	0.452380952380952	0.166666666666667	0.452380952380952	0.452380952380952	0.452380952380952	0.452380952380952	0.452380952380952	0
40	160	0	0.5	0.458333333333333	0.458333333333333	0.458333333333333	0.458333333333333	0.416666666666667	0.458333333333333	0.458333333333333	0.458333333333333	0.458333333333333	0.458333333333333	0.145833333333333
80	160	0	0.5	0.568181818181818	0.568181818181818	0.568181818181818	0.568181818181818	0.340909090909091	0.477272727272727	0.568181818181818	0.545454545454545	0.545454545454545	0.568181818181818	0.477272727272727
160	160	0	0.5	0.448979591836735	0.448979591836735	0.448979591836735	0.448979591836735	0.183673469387755	0.183673469387755	0.448979591836735	0.326530612244898	0.326530612244898	0.448979591836735	0.448979591836735
320	160	0	0.5	0.441860465116279	0.441860465116279	0.441860465116279	0.441860465116279	0.13953488372093	0.0232558139534884	0.348837209302326	0.232558139534884	0.232558139534884	0.441860465116279	0.441860465116279
20	320	0	0.5	0.452380952380952	0.452380952380952	0.452380952380952	0.452380952380952	0.0952380952380952	0.452380952380952	0.452380952380952	0.452380952380952	0.452380952380952	0.452380952380952	0
40	320	0	0.5	0.458333333333333	0.458333333333333	0.458333333333333	0.458333333333333	0.416666666666667	0.458333333333333	0.458333333333333	0.458333333333333	0.458333333333333	0.458333333333333	0.125
80	320	0	0.5	0.568181818181818	0.568181818181818	0.568181818181818	0.568181818181818	0.318181818181818	0.568181818181818	0.568181818181818	0.568181818181818	0.568181818181818	0.568181818181818	0.477272727272727
160	320	0	0.5	0.469387755102041	0.469387755102041	0.469387755102041	0.469387755102041	0.0408163265306122	0.183673469387755	0.469387755102041	0.306122448979592	0.306122448979592	0.469387755102041	0.469387755102041
320	320	0	0.5	0.441860465116279	0.441860465116279	0.441860465116279	0.441860465116279	0.0465116279069767	0.0465116279069767	0.255813953488372	0.0697674418604651	0.0697674418604651	0.441860465116279	0.441860465116279
20	20	0.2	0.5	0.303030303030303	0.303030303030303	0.303030303030303	0.303030303030303	0.303030303030303	0.303030303030303	0.303030303030303	0.303030303030303	0.303030303030303	0.303030303030303	0.181818181818182
40	20	0.2	0.5	0.333333333333333	0.333333333333333	0.333333333333333	0.333333333333333	0.313333333333333	0.226666666666667	0.326666666666667	0.32	0.32	0.333333333333333	0.333333333333333
80	20	0.2	0.5	0.362385321100917	0.362385321100917	0.362385321100917	0.362385321100917	0.302752293577982	0.105504587155963	0.353211009174312	0.307339449541284	0.302752293577982	0.362385321100917	0.362385321100917
160	20	0.2	0.5	0.375565610859729	0.375565610859729	0.375565610859729	0.375565610859729	0.260180995475113	0	0.350678733031674	0.287330316742081	0.260180995475113	0.375565610859729	0.375565610859729
320	20	0.2	0.5	0.337126600284495	0.337126600284495	0.337126600284495	0.337126600284495	0.204836415362731	0	0.28022759601707	0.213371266002845	0.197724039829303	0.337126600284495	0.337126600284495
20	40	0.2	0.5	0.636363636363636	0.636363636363636	0.636363636363636	0.636363636363636	0.565656565656566	0.636363636363636	0.636363636363636	0.636363636363636	0.636363636363636	0.636363636363636	0.141414141414141
40	40	0.2	0.5	0.633333333333333	0.633333333333333	0.633333333333333	0.633333333333333	0.613333333333333	0.606666666666667	0.633333333333333	0.633333333333333	0.633333333333333	0.633333333333333	0.433333333333333
80	40	0.2	0.5	0.63302752293578	0.63302752293578	0.63302752293578	0.63302752293578	0.555045871559633	0.435779816513761	0.63302752293578	0.596330275229358	0.582568807339449	0.63302752293578	0.591743119266055
160	40	0.2	0.5	0.615384615384615	0.615384615384615	0.615384615384615	0.615384615384615	0.468325791855204	0.144796380090498	0.590497737556561	0.506787330316742	0.5	0.615384615384615	0.613122171945701
320	40	0.2	0.5	0.62873399715505	0.62873399715505	0.62873399715505	0.62873399715505	0.40398293029872	0.00995732574679943	0.554765291607397	0.436699857752489	0.431009957325747	0.627311522048364	0.62873399715505
20	80	0.2	0.5	0.848484848484849	0.848484848484849	0.848484848484849	0.848484848484849	0.565656565656566	0.838383838383838	0.848484848484849	0.838383838383838	0.838383838383838	0.848484848484849	0.0808080808080808
40	80	0.2	0.5	0.88	0.88	0.88	0.88	0.853333333333333	0.873333333333333	0.88	0.88	0.873333333333333	0.88	0.426666666666667
80	80	0.2	0.5	0.903669724770642	0.903669724770642	0.903669724770642	0.903669724770642	0.807339449541284	0.793577981651376	0.903669724770642	0.871559633027523	0.871559633027523	0.903669724770642	0.715596330275229
160	80	0.2	0.5	0.880090497737557	0.880090497737557	0.880090497737557	0.880090497737557	0.619909502262443	0.445701357466063	0.84841628959276	0.737556561085973	0.730769230769231	0.880090497737557	0.832579185520362
320	80	0.2	0.5	0.879089615931721	0.879089615931721	0.879089615931721	0.879089615931721	0.477951635846373	0.159317211948791	0.762446657183499	0.546230440967283	0.539118065433855	0.879089615931721	0.874822190611664
20	160	0.2	0.5	0.939393939393939	0.939393939393939	0.939393939393939	0.939393939393939	0.292929292929293	0.929292929292929	0.939393939393939	0.929292929292929	0.929292929292929	0.939393939393939	0.0202020202020202
40	160	0.2	0.5	0.96	0.96	0.96	0.96	0.9	0.96	0.96	0.96	0.96	0.96	0.393333333333333
80	160	0.2	0.5	0.990825688073395	0.990825688073395	0.990825688073395	0.990825688073395	0.81651376146789	0.922018348623853	0.990825688073395	0.977064220183486	0.972477064220184	0.990825688073395	0.738532110091743
160	160	0.2	0.5	0.993212669683258	0.993212669683258	0.993212669683258	0.993212669683258	0.583710407239819	0.574660633484163	0.984162895927602	0.828054298642534	0.819004524886878	0.993212669683258	0.927601809954751
320	160	0.2	0.5	0.995732574679943	0.995732574679943	0.995732574679943	0.995732574679943	0.37126600284495	0.207681365576102	0.829302987197724	0.543385490753912	0.537695590327169	0.987197724039829	0.97724039829303
20	320	0.2	0.5	0.939393939393939	0.939393939393939	0.939393939393939	0.939393939393939	0.131313131313131	0.929292929292929	0.939393939393939	0.929292929292929	0.929292929292929	0.939393939393939	0
40	320	0.2	0.5	0.966666666666667	0.966666666666667	0.966666666666667	0.966666666666667	0.826666666666667	0.966666666666667	0.966666666666667	0.966666666666667	0.966666666666667	0.966666666666667	0.286666666666667
80	320	0.2	0.5	1	1	1	1	0.692660550458716	0.990825688073395	1	1	1	1	0.798165137614679
160	320	0.2	0.5	1	1	1	1	0.332579185520362	0.583710407239819	0.96606334841629	0.782805429864253	0.771493212669683	1	0.952488687782805
320	320	0.2	0.5	1	1	1	1	0.14651493598862	0.145092460881935	0.70697012802276	0.342816500711238	0.334281650071124	0.978662873399715	0.998577524893314
20	20	0.5	0.5	0.352272727272727	0.352272727272727	0.352272727272727	0.352272727272727	0.349431818181818	0.349431818181818	0.352272727272727	0.352272727272727	0.352272727272727	0.352272727272727	0.173295454545455
40	20	0.5	0.5	0.359300476947536	0.359300476947536	0.359300476947536	0.359300476947536	0.344992050874404	0.305246422893482	0.359300476947536	0.352941176470588	0.349761526232114	0.359300476947536	0.306836248012719
80	20	0.5	0.5	0.345022624434389	0.345022624434389	0.345022624434389	0.345022624434389	0.309954751131222	0.167420814479638	0.33710407239819	0.328054298642534	0.321266968325792	0.345022624434389	0.317873303167421
160	20	0.5	0.5	0.351758793969849	0.351758793969849	0.351758793969849	0.351758793969849	0.314572864321608	0.0814070351758794	0.347738693467337	0.322613065326633	0.312562814070352	0.351758793969849	0.347738693467337
320	20	0.5	0.5	0.352	0.352	0.352	0.352	0.325	0.04	0.342	0.327	0.318	0.352	0.351
20	40	0.5	0.5	0.582386363636364	0.582386363636364	0.582386363636364	0.582386363636364	0.5	0.5625	0.582386363636364	0.571022727272727	0.573863636363636	0.582386363636364	0.102272727272727
40	40	0.5	0.5	0.645468998410175	0.645468998410175	0.645468998410175	0.645468998410175	0.616852146263911	0.616852146263911	0.645468998410175	0.645468998410175	0.643879173290938	0.645468998410175	0.327503974562798
80	40	0.5	0.5	0.625565610859729	0.625565610859729	0.625565610859729	0.625565610859729	0.588235294117647	0.497737556561086	0.625565610859729	0.613122171945701	0.610859728506787	0.625565610859729	0.461538461538462
160	40	0.5	0.5	0.628140703517588	0.628140703517588	0.628140703517588	0.628140703517588	0.591959798994975	0.417085427135678	0.624120603015075	0.606030150753769	0.603015075376884	0.628140703517588	0.49748743718593
320	40	0.5	0.5	0.629	0.629	0.629	0.629	0.592	0.341	0.626	0.6	0.595	0.629	0.518
20	80	0.5	0.5	0.889204545454545	0.889204545454545	0.889204545454545	0.889204545454545	0.4375	0.815340909090909	0.883522727272727	0.835227272727273	0.852272727272727	0.889204545454545	0.0539772727272727
40	80	0.5	0.5	0.874403815580286	0.874403815580286	0.874403815580286	0.874403815580286	0.720190779014308	0.833068362480127	0.874403815580286	0.853736089030207	0.858505564387917	0.874403815580286	0.228934817170111
80	80	0.5	0.5	0.8789592760181	0.8789592760181	0.8789592760181	0.8789592760181	0.802036199095023	0.798642533936652	0.8789592760181	0.867647058823529	0.867647058823529	0.8789592760181	0.450226244343891
160	80	0.5	0.5	0.884422110552764	0.884422110552764	0.884422110552764	0.884422110552764	0.824120603015075	0.708542713567839	0.882412060301508	0.860301507537688	0.857286432160804	0.884422110552764	0.525628140703518
320	80	0.5	0.5	0.884	0.884	0.884	0.884	0.829	0.569	0.876	0.849	0.846	0.884	0.504
20	160	0.5	0.5	0.994318181818182	0.994318181818182	0.994318181818182	0.994318181818182	0.252840909090909	0.897727272727273	0.982954545454545	0.894886363636364	0.920454545454545	0.994318181818182	0.00852272727272727
40	160	0.5	0.5	0.992050874403816	0.992050874403816	0.992050874403816	0.992050874403816	0.661367249602544	0.931637519872814	0.992050874403816	0.950715421303657	0.963434022257552	0.992050874403816	0.203497615262321
80	160	0.5	0.5	0.994343891402715	0.994343891402715	0.994343891402715	0.994343891402715	0.774886877828054	0.915158371040724	0.992081447963801	0.960407239819005	0.961538461538462	0.994343891402715	0.42420814479638
160	160	0.5	0.5	0.994974874371859	0.994974874371859	0.994974874371859	0.994974874371859	0.825125628140704	0.818090452261306	0.991959798994975	0.958793969849246	0.958793969849246	0.994974874371859	0.485427135678392
320	160	0.5	0.5	0.995	0.995	0.995	0.995	0.893	0.759	0.99	0.949	0.948	0.995	0.497
20	320	0.5	0.5	1	1	1	1	0.113636363636364	0.917613636363636	0.982954545454545	0.900568181818182	0.926136363636364	1	0.00568181818181818
40	320	0.5	0.5	1	1	1	1	0.545310015898251	0.94912559618442	0.992050874403816	0.95389507154213	0.963434022257552	1	0.17329093799682
80	320	0.5	0.5	1	1	1	1	0.658371040723982	0.949095022624434	0.992081447963801	0.960407239819005	0.963800904977376	1	0.423076923076923
160	320	0.5	0.5	1	1	1	1	0.755778894472362	0.899497487437186	0.996984924623116	0.960804020100502	0.957788944723618	1	0.51356783919598
320	320	0.5	0.5	1	1	1	1	0.829	0.822	0.991	0.942	0.944	1	0.504
20	20	0.8	0.5	0.362068965517241	0.362068965517241	0.362068965517241	0.362068965517241	0.343390804597701	0.344827586206897	0.362068965517241	0.360632183908046	0.362068965517241	0.362068965517241	0.127873563218391
40	20	0.8	0.5	0.347872340425532	0.347872340425532	0.347872340425532	0.347872340425532	0.342553191489362	0.309574468085106	0.347872340425532	0.346808510638298	0.345744680851064	0.347872340425532	0.19468085106383
80	20	0.8	0.5	0.352	0.352	0.352	0.352	0.345	0.28	0.351	0.35	0.346	0.352	0.21
160	20	0.8	0.5	0.352	0.352	0.352	0.352	0.347	0.251	0.351	0.347	0.347	0.352	0.206
320	20	0.8	0.5	0.352	0.352	0.352	0.352	0.348	0.217	0.351	0.349	0.347	0.352	0.21
20	40	0.8	0.5	0.622126436781609	0.622126436781609	0.622126436781609	0.622126436781609	0.436781609195402	0.558908045977011	0.617816091954023	0.580459770114943	0.597701149425287	0.622126436781609	0.0804597701149425
40	40	0.8	0.5	0.626595744680851	0.626595744680851	0.626595744680851	0.626595744680851	0.524468085106383	0.532978723404255	0.626595744680851	0.596808510638298	0.60531914893617	0.626595744680851	0.153191489361702
80	40	0.8	0.5	0.629	0.629	0.629	0.629	0.58	0.487	0.629	0.614	0.617	0.629	0.151
160	40	0.8	0.5	0.629	0.629	0.629	0.629	0.605	0.386	0.629	0.617	0.621	0.629	0.14
320	40	0.8	0.5	0.629	0.629	0.629	0.629	0.618	0.296	0.629	0.623	0.627	0.629	0.117
20	80	0.8	0.5	0.883620689655172	0.883620689655172	0.883620689655172	0.883620689655172	0.278735632183908	0.721264367816092	0.860632183908046	0.745689655172414	0.775862068965517	0.882183908045977	0.0330459770114943
40	80	0.8	0.5	0.882978723404255	0.882978723404255	0.882978723404255	0.882978723404255	0.46063829787234	0.647872340425532	0.853191489361702	0.732978723404255	0.758510638297872	0.882978723404255	0.108510638297872
80	80	0.8	0.5	0.884	0.884	0.884	0.884	0.528	0.545	0.853	0.723	0.746	0.884	0.09
160	80	0.8	0.5	0.884	0.884	0.884	0.884	0.539	0.371	0.839	0.665	0.677	0.884	0.064
320	80	0.8	0.5	0.884	0.884	0.884	0.884	0.528	0.226	0.818	0.603	0.623	0.884	0.06
20	160	0.8	0.5	0.995689655172414	0.995689655172414	0.995689655172414	0.995689655172414	0.14367816091954	0.775862068965517	0.933908045977011	0.767241379310345	0.813218390804598	0.992816091954023	0.00862068965517241
40	160	0.8	0.5	0.99468085106383	0.99468085106383	0.99468085106383	0.99468085106383	0.334042553191489	0.692553191489362	0.922340425531915	0.738297872340426	0.774468085106383	0.990425531914894	0.0617021276595745
80	160	0.8	0.5	0.995	0.995	0.995	0.995	0.336	0.56	0.897	0.688	0.701	0.984	0.051
160	160	0.8	0.5	0.995	0.995	0.995	0.995	0.315	0.325	0.817	0.541	0.558	0.974	0.026
320	160	0.8	0.5	0.995	0.995	0.995	0.995	0.277	0.151	0.714	0.418	0.432	0.97	0.017
20	320	0.8	0.5	1	1	1	1	0.0833333333333333	0.801724137931034	0.913793103448276	0.772988505747126	0.816091954022989	0.998563218390805	0.00574712643678161
40	320	0.8	0.5	1	1	1	1	0.245744680851064	0.70531914893617	0.893617021276596	0.717021276595745	0.745744680851064	0.996808510638298	0.0659574468085106
80	320	0.8	0.5	1	1	1	1	0.215	0.571	0.837	0.632	0.657	0.988	0.042
160	320	0.8	0.5	1	1	1	1	0.151	0.303	0.729	0.443	0.453	0.969	0.016
320	320	0.8	0.5	1	1	1	1	0.115	0.121	0.554	0.262	0.275	0.906	0.003
20	20	1	0.5	0.350456621004566	0.350456621004566	0.350456621004566	0.350456621004566	0.300228310502283	0.317351598173516	0.349315068493151	0.339041095890411	0.343607305936073	0.350456621004566	0.0901826484018265
40	20	1	0.5	0.352467270896274	0.352467270896274	0.352467270896274	0.352467270896274	0.335347432024169	0.295065458207452	0.352467270896274	0.346424974823766	0.350453172205438	0.352467270896274	0.119838872104733
80	20	1	0.5	0.352	0.352	0.352	0.352	0.345	0.266	0.352	0.349	0.351	0.352	0.095
160	20	1	0.5	0.352	0.352	0.352	0.352	0.349	0.202	0.352	0.35	0.351	0.352	0.088
320	20	1	0.5	0.352	0.352	0.352	0.352	0.351	0.148	0.352	0.351	0.351	0.352	0.088
20	40	1	0.5	0.634703196347032	0.634703196347032	0.634703196347032	0.634703196347032	0.342465753424658	0.502283105022831	0.621004566210046	0.530821917808219	0.562785388127854	0.634703196347032	0.045662100456621
40	40	1	0.5	0.629405840886203	0.629405840886203	0.629405840886203	0.629405840886203	0.386706948640483	0.412890231621349	0.617321248741188	0.530715005035247	0.557905337361531	0.629405840886203	0.0594159113796576
80	40	1	0.5	0.629	0.629	0.629	0.629	0.405	0.268	0.61	0.497	0.526	0.629	0.039
160	40	1	0.5	0.629	0.629	0.629	0.629	0.429	0.152	0.613	0.497	0.52	0.629	0.033
320	40	1	0.5	0.629	0.629	0.629	0.629	0.437	0.089	0.608	0.47	0.495	0.629	0.026
20	80	1	0.5	0.884703196347032	0.884703196347032	0.884703196347032	0.884703196347032	0.219178082191781	0.594748858447489	0.813926940639269	0.616438356164384	0.662100456621005	0.881278538812785	0.0194063926940639
40	80	1	0.5	0.884189325276939	0.884189325276939	0.884189325276939	0.884189325276939	0.248741188318228	0.439073514602215	0.772406847935549	0.539778449144008	0.569989929506546	0.877139979859013	0.0372608257804632
80	80	1	0.5	0.884	0.884	0.884	0.884	0.202	0.217	0.683	0.393	0.421	0.868	0.022
160	80	1	0.5	0.884	0.884	0.884	0.884	0.186	0.098	0.584	0.292	0.313	0.866	0.007
320	80	1	0.5	0.884	0.884	0.884	0.884	0.157	0.031	0.458	0.216	0.23	0.85	0.003
20	160	1	0.5	0.995433789954338	0.995433789954338	0.995433789954338	0.995433789954338	0.0993150684931507	0.61986301369863	0.83675799086758	0.610730593607306	0.666666666666667	0.986301369863014	0.00342465753424658
40	160	1	0.5	0.99496475327291	0.99496475327291	0.99496475327291	0.99496475327291	0.14098690835851	0.435045317220544	0.760322255790534	0.482376636455186	0.518630412890232	0.972809667673716	0.0181268882175227
80	160	1	0.5	0.995	0.995	0.995	0.995	0.075	0.176	0.577	0.27	0.291	0.909	0.002
160	160	1	0.5	0.995	0.995	0.995	0.995	0.036	0.041	0.375	0.109	0.118	0.81	0
320	160	1	0.5	0.995	0.995	0.995	0.995	0.019	0.007	0.2	0.046	0.047	0.647	0
20	320	1	0.5	1	1	1	1	0.0445205479452055	0.642694063926941	0.787671232876712	0.610730593607306	0.66324200913242	0.990867579908676	0.00228310502283105
40	320	1	0.5	1	1	1	1	0.081570996978852	0.448136958710977	0.69889224572004	0.463242698892246	0.492447129909366	0.973816717019134	0.0100704934541793
80	320	1	0.5	1	1	1	1	0.038	0.159	0.455	0.202	0.215	0.862	0.003
160	320	1	0.5	1	1	1	1	0.007	0.033	0.211	0.056	0.06	0.651	0
320	320	1	0.5	1	1	1	1	0	0	0.059	0.008	0.009	0.352	0
20	20	0	0.8	0.380952380952381	0.380952380952381	0.380952380952381	0.380952380952381	0.380952380952381	0.357142857142857	0.380952380952381	0.380952380952381	0.380952380952381	0.380952380952381	0.285714285714286
40	20	0	0.8	0.333333333333333	0.333333333333333	0.333333333333333	0.333333333333333	0.3125	0.208333333333333	0.333333333333333	0.333333333333333	0.333333333333333	0.333333333333333	0.333333333333333
80	20	0	0.8	0.431818181818182	0.431818181818182	0.431818181818182	0.431818181818182	0.25	0	0.386363636363636	0.272727272727273	0.25	0.431818181818182	0.431818181818182
160	20	0	0.8	0.285714285714286	0.285714285714286	0.285714285714286	0.285714285714286	0.122448979591837	0	0.204081632653061	0.122448979591837	0.122448979591837	0.285714285714286	0.285714285714286
320	20	0	0.8	0.232558139534884	0.232558139534884	0.232558139534884	0.232558139534884	0.0232558139534884	0	0.0930232558139535	0.0232558139534884	0.0232558139534884	0.232558139534884	0.232558139534884
20	40	0	0.8	0.404761904761905	0.404761904761905	0.404761904761905	0.404761904761905	0.380952380952381	0.404761904761905	0.404761904761905	0.404761904761905	0.404761904761905	0.404761904761905	0.214285714285714
40	40	0	0.8	0.4375	0.4375	0.4375	0.4375	0.333333333333333	0.333333333333333	0.4375	0.395833333333333	0.395833333333333	0.4375	0.416666666666667
80	40	0	0.8	0.522727272727273	0.522727272727273	0.522727272727273	0.522727272727273	0.227272727272727	0.113636363636364	0.477272727272727	0.386363636363636	0.295454545454545	0.522727272727273	0.522727272727273
160	40	0	0.8	0.428571428571429	0.428571428571429	0.428571428571429	0.428571428571429	0.102040816326531	0	0.285714285714286	0.163265306122449	0.142857142857143	0.408163265306122	0.428571428571429
320	40	0	0.8	0.418604651162791	0.418604651162791	0.418604651162791	0.418604651162791	0.0465116279069767	0	0.162790697674419	0.0465116279069767	0.0465116279069767	0.348837209302326	0.418604651162791
20	80	0	0.8	0.452380952380952	0.452380952380952	0.452380952380952	0.452380952380952	0.380952380952381	0.452380952380952	0.452380952380952	0.452380952380952	0.452380952380952	0.452380952380952	0.238095238095238
40	80	0	0.8	0.458333333333333	0.458333333333333	0.458333333333333	0.458333333333333	0.270833333333333	0.375	0.458333333333333	0.458333333333333	0.458333333333333	0.458333333333333	0.416666666666667
80	80	0	0.8	0.568181818181818	0.568181818181818	0.568181818181818	0.568181818181818	0.136363636363636	0.0909090909090909	0.522727272727273	0.363636363636364	0.318181818181818	0.568181818181818	0.568181818181818
160	80	0	0.8	0.469387755102041	0.469387755102041	0.469387755102041	0.469387755102041	0.0204081632653061	0.0204081632653061	0.224489795918367	0.0204081632653061	0.0204081632653061	0.448979591836735	0.469387755102041
320	80	0	0.8	0.441860465116279	0.441860465116279	0.441860465116279	0.441860465116279	0	0	0.0465116279069767	0.0232558139534884	0.0232558139534884	0.302325581395349	0.441860465116279
20	160	0	0.8	0.452380952380952	0.452380952380952	0.452380952380952	0.452380952380952	0.30952380952381	0.452380952380952	0.452380952380952	0.452380952380952	0.452380952380952	0.452380952380952	0.214285714285714
40	160	0	0.8	0.458333333333333	0.458333333333333	0.458333333333333	0.458333333333333	0.229166666666667	0.416666666666667	0.458333333333333	0.458333333333333	0.4375	0.458333333333333	0.416666666666667
80	160	0	0.8	0.568181818181818	0.568181818181818	0.568181818181818	0.568181818181818	0	0.0909090909090909	0.454545454545455	0.227272727272727	0.227272727272727	0.568181818181818	0.568181818181818
160	160	0	0.8	0.469387755102041	0.469387755102041	0.469387755102041	0.469387755102041	0	0	0.0816326530612245	0	0	0.36734693877551	0.469387755102041
320	160	0	0.8	0.441860465116279	0.441860465116279	0.441860465116279	0.441860465116279	0	0	0	0	0	0.116279069767442	0.441860465116279
20	320	0	0.8	0.452380952380952	0.452380952380952	0.452380952380952	0.452380952380952	0.357142857142857	0.452380952380952	0.452380952380952	0.452380952380952	0.452380952380952	0.452380952380952	0.285714285714286
40	320	0	0.8	0.458333333333333	0.458333333333333	0.458333333333333	0.458333333333333	0.125	0.458333333333333	0.458333333333333	0.458333333333333	0.458333333333333	0.458333333333333	0.4375
80	320	0	0.8	0.568181818181818	0.568181818181818	0.568181818181818	0.568181818181818	0	0.0681818181818182	0.318181818181818	0.136363636363636	0.113636363636364	0.568181818181818	0.568181818181818
160	320	0	0.8	0.469387755102041	0.469387755102041	0.469387755102041	0.469387755102041	0	0	0.0204081632653061	0	0	0.224489795918367	0.469387755102041
320	320	0	0.8	0.441860465116279	0.441860465116279	0.441860465116279	0.441860465116279	0	0	0	0	0	0.0465116279069767	0.441860465116279
20	20	0.2	0.8	0.727272727272727	0.727272727272727	0.727272727272727	0.727272727272727	0.707070707070707	0.696969696969697	0.727272727272727	0.717171717171717	0.717171717171717	0.727272727272727	0.565656565656566
40	20	0.2	0.8	0.7	0.7	0.7	0.7	0.586666666666667	0.406666666666667	0.693333333333333	0.64	0.626666666666667	0.7	0.7
80	20	0.2	0.8	0.665137614678899	0.665137614678899	0.665137614678899	0.665137614678899	0.472477064220183	0.0917431192660551	0.623853211009174	0.541284403669725	0.495412844036697	0.665137614678899	0.665137614678899
160	20	0.2	0.8	0.680995475113122	0.680995475113122	0.680995475113122	0.680995475113122	0.33710407239819	0.00226244343891403	0.554298642533937	0.386877828054299	0.341628959276018	0.67420814479638	0.680995475113122
320	20	0.2	0.8	0.691322901849218	0.691322901849218	0.691322901849218	0.691322901849218	0.291607396870555	0	0.473684210526316	0.317211948790896	0.28022759601707	0.679943100995733	0.691322901849218
20	40	0.2	0.8	0.888888888888889	0.888888888888889	0.888888888888889	0.888888888888889	0.808080808080808	0.868686868686869	0.888888888888889	0.888888888888889	0.888888888888889	0.888888888888889	0.515151515151515
40	40	0.2	0.8	0.906666666666667	0.906666666666667	0.906666666666667	0.906666666666667	0.746666666666667	0.7	0.906666666666667	0.866666666666667	0.86	0.906666666666667	0.806666666666667
80	40	0.2	0.8	0.940366972477064	0.940366972477064	0.940366972477064	0.940366972477064	0.472477064220183	0.270642201834862	0.871559633027523	0.605504587155963	0.555045871559633	0.935779816513762	0.935779816513762
160	40	0.2	0.8	0.943438914027149	0.943438914027149	0.943438914027149	0.943438914027149	0.357466063348416	0.0565610859728507	0.708144796380091	0.445701357466063	0.423076923076923	0.929864253393665	0.943438914027149
320	40	0.2	0.8	0.940256045519203	0.940256045519203	0.940256045519203	0.940256045519203	0.267425320056899	0.00568990042674253	0.523470839260313	0.307254623044097	0.283072546230441	0.896159317211949	0.940256045519203
20	80	0.2	0.8	0.939393939393939	0.939393939393939	0.939393939393939	0.939393939393939	0.888888888888889	0.939393939393939	0.939393939393939	0.939393939393939	0.939393939393939	0.939393939393939	0.494949494949495
40	80	0.2	0.8	0.966666666666667	0.966666666666667	0.966666666666667	0.966666666666667	0.62	0.8	0.966666666666667	0.913333333333333	0.906666666666667	0.966666666666667	0.913333333333333
80	80	0.2	0.8	1	1	1	1	0.353211009174312	0.339449541284404	0.940366972477064	0.669724770642202	0.63302752293578	1	0.986238532110092
160	80	0.2	0.8	1	1	1	1	0.144796380090498	0.0497737556561086	0.622171945701357	0.271493212669683	0.255656108597285	0.957013574660634	1
320	80	0.2	0.8	1	1	1	1	0.058321479374111	0.0128022759601707	0.305832147937411	0.102418207681366	0.0910384068278805	0.823613086770982	1
20	160	0.2	0.8	0.939393939393939	0.939393939393939	0.939393939393939	0.939393939393939	0.757575757575758	0.939393939393939	0.939393939393939	0.939393939393939	0.939393939393939	0.939393939393939	0.484848484848485
40	160	0.2	0.8	0.966666666666667	0.966666666666667	0.966666666666667	0.966666666666667	0.433333333333333	0.906666666666667	0.966666666666667	0.953333333333333	0.933333333333333	0.966666666666667	0.94
80	160	0.2	0.8	1	1	1	1	0.123853211009174	0.279816513761468	0.81651376146789	0.481651376146789	0.463302752293578	1	0.995412844036697
160	160	0.2	0.8	1	1	1	1	0.0135746606334842	0.0135746606334842	0.352941176470588	0.085972850678733	0.0723981900452489	0.84841628959276	1
320	160	0.2	0.8	1	1	1	1	0.0042674253200569	0.00284495021337127	0.0796586059743954	0.0142247510668563	0.0128022759601707	0.450924608819346	1
20	320	0.2	0.8	0.939393939393939	0.939393939393939	0.939393939393939	0.939393939393939	0.717171717171717	0.939393939393939	0.939393939393939	0.939393939393939	0.939393939393939	0.939393939393939	0.464646464646465
40	320	0.2	0.8	0.966666666666667	0.966666666666667	0.966666666666667	0.966666666666667	0.18	0.92	0.966666666666667	0.94	0.933333333333333	0.966666666666667	0.953333333333333
80	320	0.2	0.8	1	1	1	1	0.0229357798165138	0.220183486238532	0.706422018348624	0.36697247706422	0.325688073394495	1	1
160	320	0.2	0.8	1	1	1	1	0	0.0158371040723982	0.14027149321267	0.0339366515837104	0.0316742081447964	0.687782805429864	1
320	320	0.2	0.8	1	1	1	1	0	0	0.0113798008534851	0.00142247510668563	0.00142247510668563	0.13371266002845	1
20	20	0.5	0.8	0.704545454545455	0.704545454545455	0.704545454545455	0.704545454545455	0.690340909090909	0.678977272727273	0.704545454545455	0.701704545454545	0.698863636363636	0.704545454545455	0.457386363636364
40	20	0.5	0.8	0.697933227344992	0.697933227344992	0.697933227344992	0.697933227344992	0.635930047694754	0.488076311605723	0.694753577106518	0.672496025437202	0.659777424483307	0.697933227344992	0.623211446740858
80	20	0.5	0.8	0.694570135746606	0.694570135746606	0.694570135746606	0.694570135746606	0.562217194570136	0.234162895927602	0.678733031674208	0.606334841628959	0.573529411764706	0.693438914027149	0.658371040723982
160	20	0.5	0.8	0.69748743718593	0.69748743718593	0.69748743718593	0.69748743718593	0.54572864321608	0.110552763819095	0.651256281407035	0.5678391959799	0.537688442211055	0.696482412060301	0.691457286432161
320	20	0.5	0.8	0.696	0.696	0.696	0.696	0.553	0.053	0.638	0.564	0.537	0.695	0.693
20	40	0.5	0.8	0.931818181818182	0.931818181818182	0.931818181818182	0.931818181818182	0.846590909090909	0.923295454545455	0.931818181818182	0.926136363636364	0.931818181818182	0.931818181818182	0.403409090909091
40	40	0.5	0.8	0.936406995230525	0.936406995230525	0.936406995230525	0.936406995230525	0.799682034976153	0.782193958664547	0.934817170111288	0.912559618441971	0.898251192368839	0.936406995230525	0.696343402225755
80	40	0.5	0.8	0.938914027149321	0.938914027149321	0.938914027149321	0.938914027149321	0.709276018099548	0.523755656108597	0.910633484162896	0.792986425339366	0.77262443438914	0.937782805429864	0.826923076923077
160	40	0.5	0.8	0.939698492462312	0.939698492462312	0.939698492462312	0.939698492462312	0.663316582914573	0.318592964824121	0.871356783919598	0.721608040201005	0.698492462311558	0.937688442211055	0.879396984924623
320	40	0.5	0.8	0.94	0.94	0.94	0.94	0.677	0.214	0.834	0.707	0.686	0.934	0.886
20	80	0.5	0.8	1	1	1	1	0.792613636363636	0.982954545454545	1	0.985795454545455	0.991477272727273	1	0.394886363636364
40	80	0.5	0.8	1	1	1	1	0.758346581875994	0.920508744038156	0.996820349761526	0.982511923688394	0.972972972972973	1	0.753577106518283
80	80	0.5	0.8	1	1	1	1	0.623303167420814	0.607466063348416	0.970588235294118	0.834841628959276	0.809954751131222	1	0.899321266968326
160	80	0.5	0.8	1	1	1	1	0.555778894472362	0.335678391959799	0.900502512562814	0.704522613065327	0.677386934673367	0.994974874371859	0.947738693467337
320	80	0.5	0.8	1	1	1	1	0.558	0.204	0.86	0.647	0.612	0.987	0.949
20	160	0.5	0.8	1	1	1	1	0.732954545454545	0.988636363636364	1	0.988636363636364	0.991477272727273	1	0.380681818181818
40	160	0.5	0.8	1	1	1	1	0.60731319554849	0.960254372019078	0.998410174880763	0.988871224165342	0.982511923688394	1	0.790143084260731
80	160	0.5	0.8	1	1	1	1	0.404977375565611	0.596153846153846	0.953619909502262	0.773755656108597	0.743212669683258	0.997737556561086	0.908371040723982
160	160	0.5	0.8	1	1	1	1	0.322613065326633	0.307537688442211	0.813065326633166	0.550753768844221	0.532663316582915	0.985929648241206	0.968844221105528
320	160	0.5	0.8	1	1	1	1	0.301	0.167	0.731	0.444	0.43	0.958	0.988
20	320	0.5	0.8	1	1	1	1	0.585227272727273	0.988636363636364	0.994318181818182	0.988636363636364	0.991477272727273	1	0.403409090909091
40	320	0.5	0.8	1	1	1	1	0.456279809220986	0.980922098569157	1	0.993640699523052	0.985691573926868	1	0.812400635930048
80	320	0.5	0.8	1	1	1	1	0.257918552036199	0.615384615384615	0.932126696832579	0.719457013574661	0.702488687782805	1	0.941176470588235
160	320	0.5	0.8	1	1	1	1	0.149748743718593	0.279396984924623	0.724623115577889	0.413065326633166	0.4	0.971859296482412	0.986934673366834
320	320	0.5	0.8	1	1	1	1	0.13	0.128	0.549	0.275	0.265	0.895	0.997
20	20	0.8	0.8	0.69683908045977	0.69683908045977	0.69683908045977	0.69683908045977	0.65948275862069	0.656609195402299	0.69683908045977	0.692528735632184	0.688218390804598	0.69683908045977	0.349137931034483
40	20	0.8	0.8	0.695744680851064	0.695744680851064	0.695744680851064	0.695744680851064	0.659574468085106	0.562765957446808	0.693617021276596	0.684042553191489	0.675531914893617	0.695744680851064	0.471276595744681
80	20	0.8	0.8	0.696	0.696	0.696	0.696	0.657	0.466	0.69	0.676	0.661	0.696	0.503
160	20	0.8	0.8	0.696	0.696	0.696	0.696	0.66	0.392	0.687	0.665	0.658	0.696	0.493
320	20	0.8	0.8	0.696	0.696	0.696	0.696	0.67	0.329	0.685	0.671	0.664	0.695	0.503
20	40	0.8	0.8	0.936781609195402	0.936781609195402	0.936781609195402	0.936781609195402	0.75	0.89367816091954	0.936781609195402	0.91235632183908	0.922413793103448	0.936781609195402	0.304597701149425
40	40	0.8	0.8	0.938297872340425	0.938297872340425	0.938297872340425	0.938297872340425	0.813829787234043	0.809574468085106	0.934042553191489	0.908510638297872	0.90531914893617	0.938297872340425	0.476595744680851
80	40	0.8	0.8	0.94	0.94	0.94	0.94	0.865	0.739	0.938	0.905	0.903	0.94	0.508
160	40	0.8	0.8	0.94	0.94	0.94	0.94	0.895	0.595	0.934	0.912	0.908	0.94	0.497
320	40	0.8	0.8	0.94	0.94	0.94	0.94	0.9	0.462	0.934	0.912	0.901	0.94	0.498
20	80	0.8	0.8	1	1	1	1	0.683908045977011	0.938218390804598	0.991379310344828	0.942528735632184	0.96264367816092	1	0.308908045977011
40	80	0.8	0.8	1	1	1	1	0.745744680851064	0.907446808510638	0.995744680851064	0.962765957446808	0.964893617021277	1	0.447872340425532
80	80	0.8	0.8	1	1	1	1	0.841	0.842	0.992	0.955	0.955	1	0.494
160	80	0.8	0.8	1	1	1	1	0.902	0.754	0.996	0.957	0.957	1	0.491
320	80	0.8	0.8	1	1	1	1	0.927	0.649	0.989	0.949	0.942	1	0.482
20	160	0.8	0.8	1	1	1	1	0.560344827586207	0.958333333333333	0.984195402298851	0.952586206896552	0.96264367816092	1	0.285919540229885
40	160	0.8	0.8	1	1	1	1	0.641489361702128	0.942553191489362	0.996808510638298	0.968085106382979	0.973404255319149	1	0.45
80	160	0.8	0.8	1	1	1	1	0.743	0.898	0.996	0.948	0.949	1	0.514
160	160	0.8	0.8	1	1	1	1	0.833	0.835	0.994	0.938	0.936	1	0.497
320	160	0.8	0.8	1	1	1	1	0.897	0.741	0.996	0.958	0.954	1	0.496
20	320	0.8	0.8	1	1	1	1	0.474137931034483	0.955459770114943	0.989942528735632	0.943965517241379	0.96264367816092	1	0.288793103448276
40	320	0.8	0.8	1	1	1	1	0.507446808510638	0.965957446808511	0.99468085106383	0.967021276595745	0.973404255319149	1	0.458510638297872
80	320	0.8	0.8	1	1	1	1	0.65	0.922	0.988	0.937	0.94	1	0.513
160	320	0.8	0.8	1	1	1	1	0.759	0.895	0.996	0.956	0.956	1	0.504
320	320	0.8	0.8	1	1	1	1	0.828	0.828	0.991	0.948	0.948	1	0.492
20	20	1	0.8	0.705479452054795	0.705479452054795	0.705479452054795	0.705479452054795	0.631278538812785	0.643835616438356	0.704337899543379	0.687214611872146	0.694063926940639	0.705479452054795	0.263698630136986
40	20	1	0.8	0.695871097683787	0.695871097683787	0.695871097683787	0.695871097683787	0.665659617321249	0.584088620342397	0.695871097683787	0.686807653575025	0.684793554884189	0.695871097683787	0.331319234642497
80	20	1	0.8	0.696	0.696	0.696	0.696	0.682	0.529	0.695	0.687	0.689	0.696	0.305
160	20	1	0.8	0.696	0.696	0.696	0.696	0.687	0.421	0.695	0.692	0.684	0.696	0.291
320	20	1	0.8	0.696	0.696	0.696	0.696	0.689	0.308	0.694	0.69	0.685	0.696	0.297
20	40	1	0.8	0.945205479452055	0.945205479452055	0.945205479452055	0.945205479452055	0.666666666666667	0.829908675799087	0.937214611872146	0.868721461187215	0.883561643835616	0.945205479452055	0.242009132420091
40	40	1	0.8	0.939577039274924	0.939577039274924	0.939577039274924	0.939577039274924	0.735146022155086	0.75226586102719	0.933534743202417	0.860020140986908	0.877139979859013	0.939577039274924	0.272910372608258
80	40	1	0.8	0.94	0.94	0.94	0.94	0.79	0.622	0.935	0.867	0.88	0.94	0.244
160	40	1	0.8	0.94	0.94	0.94	0.94	0.822	0.489	0.931	0.869	0.879	0.94	0.229
320	40	1	0.8	0.94	0.94	0.94	0.94	0.846	0.356	0.932	0.865	0.879	0.94	0.23
20	80	1	0.8	1	1	1	1	0.54337899543379	0.874429223744292	0.969178082191781	0.881278538812785	0.910958904109589	0.996575342465753	0.186073059360731
40	80	1	0.8	1	1	1	1	0.641490433031219	0.826787512588117	0.981873111782477	0.877139979859013	0.895266868076536	0.998992950654582	0.224572004028197
80	80	1	0.8	1	1	1	1	0.667	0.682	0.975	0.841	0.863	1	0.169
160	80	1	0.8	1	1	1	1	0.712	0.531	0.949	0.82	0.843	0.998	0.166
320	80	1	0.8	1	1	1	1	0.71	0.394	0.941	0.783	0.804	0.997	0.139
20	160	1	0.8	1	1	1	1	0.445205479452055	0.88013698630137	0.964611872146119	0.866438356164384	0.905251141552511	0.997716894977169	0.164383561643836
40	160	1	0.8	1	1	1	1	0.474320241691843	0.849949647532729	0.976837865055388	0.868076535750252	0.891238670694864	1	0.228600201409869
80	160	1	0.8	1	1	1	1	0.518	0.735	0.953	0.812	0.828	0.995	0.149
160	160	1	0.8	1	1	1	1	0.546	0.564	0.944	0.759	0.772	0.994	0.108
320	160	1	0.8	1	1	1	1	0.557	0.388	0.919	0.705	0.722	0.993	0.079
20	320	1	0.8	1	1	1	1	0.335616438356164	0.89041095890411	0.942922374429224	0.86986301369863	0.90296803652968	0.996575342465753	0.180365296803653
40	320	1	0.8	1	1	1	1	0.351460221550856	0.868076535750252	0.959718026183283	0.867069486404834	0.890231621349446	0.997985901309164	0.208459214501511
80	320	1	0.8	1	1	1	1	0.375	0.727	0.927	0.771	0.793	0.998	0.122
160	320	1	0.8	1	1	1	1	0.369	0.582	0.917	0.691	0.717	0.991	0.078
320	320	1	0.8	1	1	1	1	0.354	0.366	0.859	0.582	0.602	0.987	0.039
20	20	0	1	0.357142857142857	0.357142857142857	0.357142857142857	0.357142857142857	0.30952380952381	0.285714285714286	0.357142857142857	0.357142857142857	0.357142857142857	0.357142857142857	0.30952380952381
40	20	0	1	0.4375	0.4375	0.4375	0.4375	0.3125	0.166666666666667	0.4375	0.354166666666667	0.3125	0.4375	0.4375
80	20	0	1	0.522727272727273	0.522727272727273	0.522727272727273	0.522727272727273	0.204545454545455	0.0227272727272727	0.477272727272727	0.272727272727273	0.25	0.522727272727273	0.522727272727273
160	20	0	1	0.387755102040816	0.387755102040816	0.387755102040816	0.387755102040816	0.102040816326531	0	0.224489795918367	0.142857142857143	0.122448979591837	0.36734693877551	0.387755102040816
320	20	0	1	0.395348837209302	0.395348837209302	0.395348837209302	0.395348837209302	0.0697674418604651	0	0.13953488372093	0.0930232558139535	0.0465116279069767	0.348837209302326	0.395348837209302
20	40	0	1	0.452380952380952	0.452380952380952	0.452380952380952	0.452380952380952	0.428571428571429	0.452380952380952	0.452380952380952	0.452380952380952	0.452380952380952	0.452380952380952	0.333333333333333
40	40	0	1	0.458333333333333	0.458333333333333	0.458333333333333	0.458333333333333	0.25	0.229166666666667	0.458333333333333	0.395833333333333	0.375	0.458333333333333	0.458333333333333
80	40	0	1	0.568181818181818	0.568181818181818	0.568181818181818	0.568181818181818	0.204545454545455	0.0909090909090909	0.431818181818182	0.295454545454545	0.272727272727273	0.545454545454545	0.568181818181818
160	40	0	1	0.469387755102041	0.469387755102041	0.469387755102041	0.469387755102041	0.0408163265306122	0	0.163265306122449	0.102040816326531	0.0816326530612245	0.469387755102041	0.469387755102041
320	40	0	1	0.441860465116279	0.441860465116279	0.441860465116279	0.441860465116279	0	0	0.0697674418604651	0	0	0.27906976744186	0.441860465116279
20	80	0	1	0.452380952380952	0.452380952380952	0.452380952380952	0.452380952380952	0.285714285714286	0.452380952380952	0.452380952380952	0.452380952380952	0.452380952380952	0.452380952380952	0.404761904761905
40	80	0	1	0.458333333333333	0.458333333333333	0.458333333333333	0.458333333333333	0.0833333333333333	0.208333333333333	0.458333333333333	0.354166666666667	0.25	0.458333333333333	0.458333333333333
80	80	0	1	0.568181818181818	0.568181818181818	0.568181818181818	0.568181818181818	0.0681818181818182	0.0681818181818182	0.340909090909091	0.136363636363636	0.136363636363636	0.568181818181818	0.568181818181818
160	80	0	1	0.469387755102041	0.469387755102041	0.469387755102041	0.469387755102041	0	0	0	0	0	0.285714285714286	0.469387755102041
320	80	0	1	0.441860465116279	0.441860465116279	0.441860465116279	0.441860465116279	0	0	0.0232558139534884	0	0	0.13953488372093	0.441860465116279
20	160	0	1	0.452380952380952	0.452380952380952	0.452380952380952	0.452380952380952	0.261904761904762	0.452380952380952	0.452380952380952	0.452380952380952	0.452380952380952	0.452380952380952	0.357142857142857
40	160	0	1	0.458333333333333	0.458333333333333	0.458333333333333	0.458333333333333	0.0416666666666667	0.166666666666667	0.4375	0.291666666666667	0.25	0.458333333333333	0.458333333333333
80	160	0	1	0.568181818181818	0.568181818181818	0.568181818181818	0.568181818181818	0	0	0.0909090909090909	0.0227272727272727	0.0227272727272727	0.545454545454545	0.568181818181818
160	160	0	1	0.469387755102041	0.469387755102041	0.469387755102041	0.469387755102041	0	0	0	0	0	0.102040816326531	0.469387755102041
320	160	0	1	0.441860465116279	0.441860465116279	0.441860465116279	0.441860465116279	0	0	0	0	0	0	0.441860465116279
20	320	0	1	0.452380952380952	0.452380952380952	0.452380952380952	0.452380952380952	0.119047619047619	0.452380952380952	0.452380952380952	0.452380952380952	0.452380952380952	0.452380952380952	0.404761904761905
40	320	0	1	0.458333333333333	0.458333333333333	0.458333333333333	0.458333333333333	0.0208333333333333	0.270833333333333	0.458333333333333	0.333333333333333	0.291666666666667	0.458333333333333	0.458333333333333
80	320	0	1	0.568181818181818	0.568181818181818	0.568181818181818	0.568181818181818	0	0	0.0227272727272727	0	0	0.5	0.568181818181818
160	320	0	1	0.469387755102041	0.469387755102041	0.469387755102041	0.469387755102041	0	0	0	0	0	0	0.469387755102041
320	320	0	1	0.441860465116279	0.441860465116279	0.441860465116279	0.441860465116279	0	0	0	0	0	0	0.441860465116279
20	20	0.2	1	0.898989898989899	0.898989898989899	0.898989898989899	0.898989898989899	0.787878787878788	0.737373737373737	0.898989898989899	0.868686868686869	0.838383838383838	0.898989898989899	0.747474747474748
40	20	0.2	1	0.88	0.88	0.88	0.88	0.573333333333333	0.353333333333333	0.86	0.713333333333333	0.653333333333333	0.88	0.88
80	20	0.2	1	0.86697247706422	0.86697247706422	0.86697247706422	0.86697247706422	0.408256880733945	0.0779816513761468	0.68348623853211	0.5	0.435779816513761	0.862385321100917	0.86697247706422
160	20	0.2	1	0.843891402714932	0.843891402714932	0.843891402714932	0.843891402714932	0.282805429864253	0.00452488687782805	0.547511312217195	0.339366515837104	0.285067873303167	0.816742081447964	0.843891402714932
320	20	0.2	1	0.879089615931721	0.879089615931721	0.879089615931721	0.879089615931721	0.261735419630156	0	0.453769559032717	0.285917496443812	0.240398293029872	0.829302987197724	0.879089615931721
20	40	0.2	1	0.919191919191919	0.919191919191919	0.919191919191919	0.919191919191919	0.777777777777778	0.898989898989899	0.919191919191919	0.919191919191919	0.909090909090909	0.919191919191919	0.666666666666667
40	40	0.2	1	0.953333333333333	0.953333333333333	0.953333333333333	0.953333333333333	0.54	0.5	0.933333333333333	0.813333333333333	0.786666666666667	0.953333333333333	0.94
80	40	0.2	1	0.995412844036697	0.995412844036697	0.995412844036697	0.995412844036697	0.339449541284404	0.146788990825688	0.76605504587156	0.495412844036697	0.454128440366972	0.981651376146789	0.990825688073395
160	40	0.2	1	0.995475113122172	0.995475113122172	0.995475113122172	0.995475113122172	0.180995475113122	0.0135746606334842	0.495475113122172	0.230769230769231	0.210407239819005	0.918552036199095	0.995475113122172
320	40	0.2	1	0.990042674253201	0.990042674253201	0.990042674253201	0.990042674253201	0.103840682788051	0	0.278805120910384	0.118065433854908	0.110953058321479	0.800853485064011	0.990042674253201
20	80	0.2	1	0.939393939393939	0.939393939393939	0.939393939393939	0.939393939393939	0.686868686868687	0.919191919191919	0.939393939393939	0.939393939393939	0.939393939393939	0.939393939393939	0.717171717171717
40	80	0.2	1	0.966666666666667	0.966666666666667	0.966666666666667	0.966666666666667	0.173333333333333	0.36	0.94	0.673333333333333	0.593333333333333	0.966666666666667	0.966666666666667
80	80	0.2	1	1	1	1	1	0.0642201834862385	0.0642201834862385	0.55045871559633	0.215596330275229	0.192660550458716	0.940366972477064	1
160	80	0.2	1	1	1	1	1	0.0180995475113122	0.00226244343891403	0.16289592760181	0.0384615384615385	0.0384615384615385	0.687782805429864	1
320	80	0.2	1	1	1	1	1	0.00284495021337127	0	0.0455192034139403	0.0085348506401138	0.0085348506401138	0.374110953058321	1
20	160	0.2	1	0.939393939393939	0.939393939393939	0.939393939393939	0.939393939393939	0.505050505050505	0.939393939393939	0.939393939393939	0.939393939393939	0.939393939393939	0.939393939393939	0.808080808080808
40	160	0.2	1	0.966666666666667	0.966666666666667	0.966666666666667	0.966666666666667	0.0533333333333333	0.426666666666667	0.96	0.686666666666667	0.606666666666667	0.966666666666667	0.966666666666667
80	160	0.2	1	1	1	1	1	0.00458715596330275	0.0229357798165138	0.348623853211009	0.0825688073394495	0.073394495412844	0.899082568807339	1
160	160	0.2	1	1	1	1	1	0	0	0.0429864253393665	0.00226244343891403	0.00226244343891403	0.321266968325792	1
320	160	0.2	1	1	1	1	1	0	0	0.00142247510668563	0	0	0.0611664295874822	1
20	320	0.2	1	0.939393939393939	0.939393939393939	0.939393939393939	0.939393939393939	0.333333333333333	0.939393939393939	0.939393939393939	0.939393939393939	0.939393939393939	0.939393939393939	0.848484848484849
40	320	0.2	1	0.966666666666667	0.966666666666667	0.966666666666667	0.966666666666667	0	0.426666666666667	0.84	0.56	0.493333333333333	0.966666666666667	0.966666666666667
80	320	0.2	1	1	1	1	1	0.00458715596330275	0.0137614678899083	0.151376146788991	0.0321100917431193	0.0229357798165138	0.899082568807339	1
160	320	0.2	1	1	1	1	1	0	0	0	0	0	0.0927601809954751	1
320	320	0.2	1	1	1	1	1	0	0	0	0	0	0	1
20	20	0.5	1	0.849431818181818	0.849431818181818	0.849431818181818	0.849431818181818	0.755681818181818	0.744318181818182	0.846590909090909	0.832386363636364	0.823863636363636	0.849431818181818	0.639204545454545
40	20	0.5	1	0.885532591414944	0.885532591414944	0.885532591414944	0.885532591414944	0.697933227344992	0.468998410174881	0.85691573926868	0.78060413354531	0.748807631160572	0.883942766295707	0.829888712241653
80	20	0.5	1	0.875565610859729	0.875565610859729	0.875565610859729	0.875565610859729	0.579185520361991	0.201357466063348	0.802036199095023	0.642533936651584	0.600678733031674	0.869909502262443	0.855203619909502
160	20	0.5	1	0.876381909547739	0.876381909547739	0.876381909547739	0.876381909547739	0.544723618090452	0.0804020100502513	0.733668341708543	0.587939698492462	0.535678391959799	0.871356783919598	0.873366834170854
320	20	0.5	1	0.876	0.876	0.876	0.876	0.558	0.041	0.699	0.576	0.521	0.864	0.873
20	40	0.5	1	0.997159090909091	0.997159090909091	0.997159090909091	0.997159090909091	0.826704545454545	0.940340909090909	0.994318181818182	0.977272727272727	0.974431818181818	0.997159090909091	0.659090909090909
40	40	0.5	1	0.993640699523052	0.993640699523052	0.993640699523052	0.993640699523052	0.651828298887122	0.618441971383148	0.977742448330684	0.868044515103339	0.83147853736089	0.993640699523052	0.90302066772655
80	40	0.5	1	0.993212669683258	0.993212669683258	0.993212669683258	0.993212669683258	0.497737556561086	0.282805429864253	0.876696832579186	0.653846153846154	0.611990950226244	0.985294117647059	0.951357466063348
160	40	0.5	1	0.992964824120603	0.992964824120603	0.992964824120603	0.992964824120603	0.441206030150754	0.144723618090452	0.755778894472362	0.534673366834171	0.490452261306533	0.976884422110553	0.973869346733668
320	40	0.5	1	0.993	0.993	0.993	0.993	0.453	0.082	0.692	0.488	0.46	0.965	0.984
20	80	0.5	1	1	1	1	1	0.741477272727273	0.985795454545455	1	0.994318181818182	0.994318181818182	1	0.752840909090909
40	80	0.5	1	1	1	1	1	0.435612082670906	0.643879173290938	0.984101748807631	0.82670906200318	0.777424483306836	1	0.934817170111288
80	80	0.5	1	1	1	1	1	0.25	0.237556561085973	0.77262443438914	0.473981900452489	0.445701357466063	0.983031674208145	0.985294117647059
160	80	0.5	1	1	1	1	1	0.175879396984925	0.0824120603015075	0.571859296482412	0.293467336683417	0.265326633165829	0.922613065326633	0.998994974874372
320	80	0.5	1	1	1	1	1	0.155	0.03	0.445	0.217	0.198	0.873	1
20	160	0.5	1	1	1	1	1	0.571022727272727	0.994318181818182	1	0.997159090909091	0.994318181818182	1	0.747159090909091
40	160	0.5	1	1	1	1	1	0.252782193958665	0.65818759936407	0.969793322734499	0.82670906200318	0.785373608903021	1	0.952305246422893
80	160	0.5	1	1	1	1	1	0.107466063348416	0.210407239819005	0.65158371040724	0.343891402714932	0.322398190045249	0.968325791855204	0.987556561085973
160	160	0.5	1	1	1	1	1	0.0462311557788945	0.04321608040201	0.373869346733668	0.127638190954774	0.112562814070352	0.809045226130653	0.998994974874372
320	160	0.5	1	1	1	1	1	0.027	0.008	0.227	0.064	0.055	0.644	1
20	320	0.5	1	1	1	1	1	0.426136363636364	0.997159090909091	1	0.997159090909091	0.997159090909091	1	0.778409090909091
40	320	0.5	1	1	1	1	1	0.138314785373609	0.694753577106518	0.97456279809221	0.807631160572337	0.775834658187599	1	0.971383147853736
80	320	0.5	1	1	1	1	1	0.0407239819004525	0.188914027149321	0.528280542986425	0.27262443438914	0.245475113122172	0.96606334841629	0.997737556561086
160	320	0.5	1	1	1	1	1	0.0050251256281407	0.0180904522613065	0.209045226130653	0.0492462311557789	0.0452261306532663	0.657286432160804	1
320	320	0.5	1	1	1	1	1	0	0	0.056	0.007	0.007	0.364	1
20	20	0.8	1	0.885057471264368	0.885057471264368	0.885057471264368	0.885057471264368	0.808908045977011	0.797413793103448	0.882183908045977	0.870689655172414	0.864942528735632	0.885057471264368	0.563218390804598
40	20	0.8	1	0.872340425531915	0.872340425531915	0.872340425531915	0.872340425531915	0.761702127659574	0.611702127659574	0.862765957446809	0.812765957446808	0.790425531914894	0.871276595744681	0.674468085106383
80	20	0.8	1	0.876	0.876	0.876	0.876	0.77	0.46	0.851	0.8	0.774	0.874	0.703
160	20	0.8	1	0.876	0.876	0.876	0.876	0.78	0.377	0.839	0.792	0.768	0.876	0.712
320	20	0.8	1	0.876	0.876	0.876	0.876	0.782	0.295	0.831	0.795	0.761	0.875	0.72
20	40	0.8	1	0.994252873563218	0.994252873563218	0.994252873563218	0.994252873563218	0.824712643678161	0.945402298850575	0.992816091954023	0.971264367816092	0.975574712643678	0.994252873563218	0.547413793103448
40	40	0.8	1	0.992553191489362	0.992553191489362	0.992553191489362	0.992553191489362	0.793617021276596	0.769148936170213	0.981914893617021	0.930851063829787	0.909574468085106	0.992553191489362	0.690425531914894
80	40	0.8	1	0.993	0.993	0.993	0.993	0.832	0.639	0.97	0.898	0.877	0.993	0.759
160	40	0.8	1	0.993	0.993	0.993	0.993	0.853	0.474	0.964	0.9	0.876	0.992	0.769
320	40	0.8	1	0.993	0.993	0.993	0.993	0.856	0.373	0.952	0.873	0.858	0.992	0.781
20	80	0.8	1	1	1	1	1	0.728448275862069	0.977011494252874	0.997126436781609	0.989942528735632	0.989942528735632	1	0.594827586206897
40	80	0.8	1	1	1	1	1	0.665957446808511	0.834042553191489	0.993617021276596	0.932978723404255	0.911702127659574	1	0.742553191489362
80	80	0.8	1	1	1	1	1	0.687	0.668	0.969	0.86	0.837	1	0.82
160	80	0.8	1	1	1	1	1	0.728	0.525	0.95	0.835	0.807	1	0.858
320	80	0.8	1	1	1	1	1	0.724	0.372	0.935	0.799	0.772	0.996	0.861
20	160	0.8	1	1	1	1	1	0.577586206896552	0.987068965517241	0.998563218390805	0.988505747126437	0.989942528735632	1	0.581896551724138
40	160	0.8	1	1	1	1	1	0.506382978723404	0.865957446808511	0.988297872340426	0.930851063829787	0.91063829787234	1	0.73936170212766
80	160	0.8	1	1	1	1	1	0.53	0.73	0.964	0.848	0.833	0.998	0.856
160	160	0.8	1	1	1	1	1	0.555	0.539	0.935	0.777	0.754	0.999	0.883
320	160	0.8	1	1	1	1	1	0.591	0.376	0.906	0.724	0.704	0.991	0.925
20	320	0.8	1	1	1	1	1	0.454022988505747	0.992816091954023	0.998563218390805	0.987068965517241	0.992816091954023	1	0.579022988505747
40	320	0.8	1	1	1	1	1	0.397872340425532	0.887234042553191	0.991489361702128	0.926595744680851	0.911702127659574	1	0.765957446808511
80	320	0.8	1	1	1	1	1	0.391	0.728	0.95	0.819	0.804	1	0.871
160	320	0.8	1	1	1	1	1	0.396	0.571	0.893	0.728	0.708	0.994	0.913
320	320	0.8	1	1	1	1	1	0.386	0.379	0.852	0.602	0.579	0.985	0.953
20	20	1	1	0.878995433789954	0.878995433789954	0.878995433789954	0.878995433789954	0.799086757990868	0.800228310502283	0.878995433789954	0.865296803652968	0.857305936073059	0.878995433789954	0.442922374429224
40	20	1	1	0.877139979859013	0.877139979859013	0.877139979859013	0.877139979859013	0.800604229607251	0.675730110775428	0.872104733131923	0.846928499496475	0.828801611278953	0.877139979859013	0.499496475327291
80	20	1	1	0.876	0.876	0.876	0.876	0.832	0.593	0.87	0.851	0.837	0.875	0.498
160	20	1	1	0.876	0.876	0.876	0.876	0.84	0.461	0.871	0.845	0.836	0.876	0.518
320	20	1	1	0.876	0.876	0.876	0.876	0.846	0.352	0.866	0.848	0.836	0.876	0.518
20	40	1	1	0.995433789954338	0.995433789954338	0.995433789954338	0.995433789954338	0.771689497716895	0.924657534246575	0.988584474885845	0.955479452054795	0.958904109589041	0.995433789954338	0.414383561643836
40	40	1	1	0.992950654582075	0.992950654582075	0.992950654582075	0.992950654582075	0.838872104733132	0.830815709969788	0.990936555891239	0.952668680765357	0.955689828801611	0.992950654582075	0.493454179254783
80	40	1	1	0.993	0.993	0.993	0.993	0.893	0.751	0.988	0.947	0.94	0.993	0.486
160	40	1	1	0.993	0.993	0.993	0.993	0.92	0.61	0.985	0.947	0.942	0.993	0.483
320	40	1	1	0.993	0.993	0.993	0.993	0.932	0.484	0.983	0.951	0.942	0.993	0.486
20	80	1	1	1	1	1	1	0.675799086757991	0.944063926940639	0.995433789954338	0.949771689497717	0.96689497716895	1	0.434931506849315
40	80	1	1	1	1	1	1	0.737160120845921	0.908358509566969	0.995971802618328	0.955689828801611	0.959718026183283	1	0.520644511581068
80	80	1	1	1	1	1	1	0.838	0.838	0.995	0.942	0.946	1	0.494
160	80	1	1	1	1	1	1	0.886	0.726	0.993	0.951	0.951	1	0.507
320	80	1	1	1	1	1	1	0.917	0.615	0.994	0.953	0.947	1	0.525
20	160	1	1	1	1	1	1	0.534246575342466	0.95662100456621	0.994292237442922	0.952054794520548	0.96689497716895	1	0.416666666666667
40	160	1	1	1	1	1	1	0.603222557905337	0.925478348439074	0.995971802618328	0.955689828801611	0.957703927492447	1	0.503524672708963
80	160	1	1	1	1	1	1	0.72	0.87	0.991	0.943	0.942	1	0.476
160	160	1	1	1	1	1	1	0.831	0.827	0.994	0.953	0.957	0.999	0.505
320	160	1	1	1	1	1	1	0.886	0.748	0.991	0.944	0.943	0.999	0.514
20	320	1	1	1	1	1	1	0.407534246575342	0.960045662100457	0.987442922374429	0.948630136986301	0.964611872146119	1	0.406392694063927
40	320	1	1	1	1	1	1	0.475327291037261	0.933534743202417	0.988922457200403	0.945619335347432	0.954682779456193	1	0.504531722054381
80	320	1	1	1	1	1	1	0.604	0.911	0.993	0.942	0.947	1	0.481
160	320	1	1	1	1	1	1	0.741	0.879	0.995	0.941	0.943	1	0.495
320	320	1	1	1	1	1	1	0.823	0.828	0.996	0.946	0.941	1	0.49
