n1	n2	d1	d2	sig1	sig2	sigm	sdir	d1.c2	d2.c1	d1.cm	d2.cm	dm.c1	dm.c2	c1.c2	c1.cm	c2.cm	d1.p2	d2.p1	dm.p1	dm.p2	p1.p2	d1.scp2	d2.scp1	dm.scp2	dm.scp1	d1.scpd2	d2.scpd1	dm.scpd2	dm.scpd1	big1	big2
20	20	0	0	0	0	0	0	0	0	0	0	0	0	0	0	0	0	0	0	0	0	0	0	0	0	0	0	0	0	0	0
40	20	0	0	0	0	0	0	0	0	0	0	0	0	0	0	0	0	0	0	0	0	0	0	0	0	0	0	0	0	0	0
80	20	0	0	0	0	0	0	0	0	0	0	0	0	0	0	0	0	0	0	0	0	0	0	0	0	0	0	0	0	0	0
160	20	0	0	1	1	1	1	0	0	1	0	1	0	1	1	1	0	0	1	0	1	1	1	1	1	0	1	0	1	0	1
320	20	0	0	0	0	0	0	0	0	0	0	0	0	0	0	0	0	0	0	0	0	0	0	0	0	0	0	0	0	0	0
20	40	0	0	0	0	0	0	0	0	0	0	0	0	0	0	0	0	0	0	0	0	0	0	0	0	0	0	0	0	0	0
40	40	0	0	0	0	0	0	0	0	0	0	0	0	0	0	0	0	0	0	0	0	0	0	0	0	0	0	0	0	0	0
80	40	0	0	0	0	0	0	0	0	0	0	0	0	0	0	0	0	0	0	0	0	0	0	0	0	0	0	0	0	0	0
160	40	0	0	0	0	0	0	0	0	0	0	0	0	0	0	0	0	0	0	0	0	0	0	0	0	0	0	0	0	0	0
320	40	0	0	0	0	0	0	0	0	0	0	0	0	0	0	0	0	0	0	0	0	0	0	0	0	0	0	0	0	0	0
20	80	0	0	0	0	0	0	0	0	0	0	0	0	0	0	0	0	0	0	0	0	0	0	0	0	0	0	0	0	0	0
40	80	0	0	0	0	0	0	0	0	0	0	0	0	0	0	0	0	0	0	0	0	0	0	0	0	0	0	0	0	0	0
80	80	0	0	0	0	0	0	0	0	0	0	0	0	0	0	0	0	0	0	0	0	0	0	0	0	0	0	0	0	0	0
160	80	0	0	0	0	0	0	0	0	0	0	0	0	0	0	0	0	0	0	0	0	0	0	0	0	0	0	0	0	0	0
320	80	0	0	0	0	0	0	0	0	0	0	0	0	0	0	0	0	0	0	0	0	0	0	0	0	0	0	0	0	0	0
20	160	0	0	0	0	0	0	0	0	0	0	0	0	0	0	0	0	0	0	0	0	0	0	0	0	0	0	0	0	0	0
40	160	0	0	0	0	0	0	0	0	0	0	0	0	0	0	0	0	0	0	0	0	0	0	0	0	0	0	0	0	0	0
80	160	0	0	0	0	0	0	0	0	0	0	0	0	0	0	0	0	0	0	0	0	0	0	0	0	0	0	0	0	0	0
160	160	0	0	0	0	0	0	0	0	0	0	0	0	0	0	0	0	0	0	0	0	0	0	0	0	0	0	0	0	0	0
320	160	0	0	0	0	0	0	0	0	0	0	0	0	0	0	0	0	0	0	0	0	0	0	0	0	0	0	0	0	0	0
20	320	0	0	0	0	0	0	0	0	0	0	0	0	0	0	0	0	0	0	0	0	0	0	0	0	0	0	0	0	0	0
40	320	0	0	0	0	0	0	0	0	0	0	0	0	0	0	0	0	0	0	0	0	0	0	0	0	0	0	0	0	0	0
80	320	0	0	0	0	0	0	0	0	0	0	0	0	0	0	0	0	0	0	0	0	0	0	0	0	0	0	0	0	0	0
160	320	0	0	0	0	0	0	0	0	0	0	0	0	0	0	0	0	0	0	0	0	0	0	0	0	0	0	0	0	0	0
320	320	0	0	0	0	0	0	0	0	0	0	0	0	0	0	0	0	0	0	0	0	0	0	0	0	0	0	0	0	0	0
20	20	0.2	0	1	1	1	1	1	1	1	1	1	1	1	1	1	1	1	1	1	1	1	1	1	1	1	1	1	1	1	0
40	20	0.2	0	0	0	0	0	0	0	0	0	0	0	0	0	0	0	0	0	0	0	0	0	0	0	0	0	0	0	0	0
80	20	0.2	0	0	0	0	0	0	0	0	0	0	0	0	0	0	0	0	0	0	0	0	0	0	0	0	0	0	0	0	0
160	20	0.2	0	0	0	0	0	0	0	0	0	0	0	0	0	0	0	0	0	0	0	0	0	0	0	0	0	0	0	0	0
320	20	0.2	0	1	1	1	1	0.5	0	1	0	1	0.5	1	1	1	0.5	0.5	1	0.5	1	0.5	1	0.5	1	0	1	0	1	0	1
20	40	0.2	0	0	0	0	0	0	0	0	0	0	0	0	0	0	0	0	0	0	0	0	0	0	0	0	0	0	0	0	0
40	40	0.2	0	0	0	0	0	0	0	0	0	0	0	0	0	0	0	0	0	0	0	0	0	0	0	0	0	0	0	0	0
80	40	0.2	0	1	1	1	1	1	1	1	1	1	1	1	1	1	1	1	1	1	1	1	1	1	1	1	1	1	1	0	1
160	40	0.2	0	1	1	1	1	1	0	1	1	1	1	1	1	1	1	1	1	1	1	1	1	1	1	1	1	1	1	0	1
320	40	0.2	0	0	0	0	0	0	0	0	0	0	0	0	0	0	0	0	0	0	0	0	0	0	0	0	0	0	0	0	0
20	80	0.2	0	0	0	0	0	0	0	0	0	0	0	0	0	0	0	0	0	0	0	0	0	0	0	0	0	0	0	0	0
40	80	0.2	0	0	0	0	0	0	0	0	0	0	0	0	0	0	0	0	0	0	0	0	0	0	0	0	0	0	0	0	0
80	80	0.2	0	0	0	0	0	0	0	0	0	0	0	0	0	0	0	0	0	0	0	0	0	0	0	0	0	0	0	0	0
160	80	0.2	0	1	1	1	1	1	1	1	1	1	1	1	1	1	1	1	1	1	1	1	1	1	1	1	1	1	1	0	1
320	80	0.2	0	0	0	0	0	0	0	0	0	0	0	0	0	0	0	0	0	0	0	0	0	0	0	0	0	0	0	0	0
20	160	0.2	0	0	0	0	0	0	0	0	0	0	0	0	0	0	0	0	0	0	0	0	0	0	0	0	0	0	0	0	0
40	160	0.2	0	1	1	1	1	1	1	1	1	1	1	1	1	1	1	1	1	1	1	1	1	1	1	1	1	1	1	1	0
80	160	0.2	0	1	1	1	1	1	1	1	1	1	1	1	1	1	1	1	1	1	1	1	1	1	1	1	1	1	1	1	0
160	160	0.2	0	1	1	1	1	1	1	1	1	1	1	1	1	1	1	1	1	1	1	1	1	1	1	1	1	1	1	1	0
320	160	0.2	0	1	1	1	1	1	1	1	1	1	1	1	1	1	1	1	1	1	1	1	1	1	1	1	1	1	1	0	1
20	320	0.2	0	0	0	0	0	0	0	0	0	0	0	0	0	0	0	0	0	0	0	0	0	0	0	0	0	0	0	0	0
40	320	0.2	0	0	0	0	0	0	0	0	0	0	0	0	0	0	0	0	0	0	0	0	0	0	0	0	0	0	0	0	0
80	320	0.2	0	0	0	0	0	0	0	0	0	0	0	0	0	0	0	0	0	0	0	0	0	0	0	0	0	0	0	0	0
160	320	0.2	0	1	1	1	1	1	1	1	1	1	1	1	1	1	1	1	1	1	1	1	1	1	1	1	1	1	1	1	0
320	320	0.2	0	1	1	1	1	1	1	1	1	1	1	1	1	1	1	1	1	1	1	1	1	1	1	1	1	1	1	0	1
20	20	0.5	0	1	1	1	1	1	1	1	1	1	1	1	1	1	1	1	1	1	1	1	1	1	1	1	1	1	1	0	1
40	20	0.5	0	1	1	1	1	1	1	1	1	1	1	1	1	1	1	1	1	1	1	1	1	1	1	1	1	1	1	0.5	0.5
80	20	0.5	0	1	1	1	1	1	0.666666666666667	1	0.666666666666667	1	1	1	1	1	1	1	1	1	1	1	1	1	1	0.666666666666667	1	0.666666666666667	1	0.333333333333333	0.666666666666667
160	20	0.5	0	1	1	1	1	1	0	1	0	1	1	1	1	1	1	0.666666666666667	1	1	1	1	1	1	1	0.333333333333333	1	0.333333333333333	1	0	1
320	20	0.5	0	1	1	1	1	1	0	1	0	1	1	1	1	1	1	1	1	1	1	1	1	1	1	0.333333333333333	1	0.333333333333333	1	0	1
20	40	0.5	0	0	0	0	0	0	0	0	0	0	0	0	0	0	0	0	0	0	0	0	0	0	0	0	0	0	0	0	0
40	40	0.5	0	1	1	1	1	1	1	1	1	1	1	1	1	1	1	1	1	1	1	1	1	1	1	1	1	1	1	1	0
80	40	0.5	0	1	1	1	1	1	1	1	1	1	1	1	1	1	1	1	1	1	1	1	1	1	1	1	1	1	1	1	0
160	40	0.5	0	1	1	1	1	1	1	1	1	1	1	1	1	1	1	1	1	1	1	1	1	1	1	1	1	1	1	0	1
320	40	0.5	0	1	1	1	1	1	1	1	1	1	1	1	1	1	1	1	1	1	1	1	1	1	1	1	1	1	1	0	1
20	80	0.5	0	1	1	1	1	0	0	0	1	1	1	1	1	1	1	1	1	1	1	1	1	1	1	1	0	1	0	1	0
40	80	0.5	0	1	1	1	1	0	1	1	1	1	1	1	1	1	1	1	1	1	1	1	1	1	1	1	1	1	1	1	0
80	80	0.5	0	1	1	1	1	1	1	1	1	1	1	1	1	1	1	1	1	1	1	1	1	1	1	1	1	1	1	1	0
160	80	0.5	0	1	1	1	1	1	0	1	0	1	1	1	1	1	1	1	1	1	1	1	1	1	1	1	1	1	1	1	0
320	80	0.5	0	1	1	1	1	1	0	1	1	1	1	1	1	1	1	1	1	1	1	1	1	1	1	1	1	1	1	1	0
20	160	0.5	0	0	0	0	0	0	0	0	0	0	0	0	0	0	0	0	0	0	0	0	0	0	0	0	0	0	0	0	0
40	160	0.5	0	1	1	1	1	0.5	1	0.5	1	1	1	1	1	1	1	1	1	1	1	1	1	1	1	1	0.5	1	1	1	0
80	160	0.5	0	1	1	1	1	0.5	1	0.5	1	1	1	1	1	1	1	1	1	1	1	1	1	1	1	1	0.5	1	1	1	0
160	160	0.5	0	1	1	1	1	0.25	0.25	0.5	0.75	0.75	0.75	0.75	1	1	0.5	0.5	1	1	1	1	1	1	1	1	0.25	1	1	1	0
320	160	0.5	0	1	1	1	1	0.25	0	0.5	0	1	0.5	0.5	1	1	0.5	0.5	1	1	1	1	1	1	1	1	0.25	1	1	1	0
20	320	0.5	0	0	0	0	0	0	0	0	0	0	0	0	0	0	0	0	0	0	0	0	0	0	0	0	0	0	0	0	0
40	320	0.5	0	1	1	1	1	0	1	0	1	1	1	1	1	1	1	1	1	1	1	1	0	1	0	1	0	1	0	1	0
80	320	0.5	0	1	1	1	1	0	0	0	1	0	1	1	1	1	0	0	0.5	1	1	1	1	1	1	1	0	1	0	1	0
160	320	0.5	0	1	1	1	1	0	0	0	0	0	1	0	1	1	0	0	0	1	1	1	1	1	1	1	0	1	0	1	0
320	320	0.5	0	1	1	1	1	0	0	0	0	0.5	0.5	0.5	1	1	0	0	1	1	1	1	1	1	1	1	0	1	0.5	1	0
20	20	0.8	0	1	1	1	1	1	1	1	1	1	1	1	1	1	1	1	1	1	1	1	1	1	1	1	1	1	1	1	0
40	20	0.8	0	1	1	1	1	0.5	0.5	1	0.5	1	1	1	1	1	0.5	1	1	1	1	1	1	1	1	1	0.5	1	1	1	0
80	20	0.8	0	1	1	1	1	1	0.666666666666667	1	0.666666666666667	1	1	1	1	1	1	1	1	1	1	1	1	1	1	1	1	1	1	0.666666666666667	0.333333333333333
160	20	0.8	0	1	1	1	1	1	0.666666666666667	1	0.666666666666667	1	1	1	1	1	1	1	1	1	1	1	1	1	1	0.666666666666667	1	0.666666666666667	1	0	1
320	20	0.8	0	1	1	1	1	1	0	1	0	1	1	1	1	1	1	1	1	1	1	1	1	1	1	0.666666666666667	1	0.666666666666667	1	0.333333333333333	0.666666666666667
20	40	0.8	0	0	0	0	0	0	0	0	0	0	0	0	0	0	0	0	0	0	0	0	0	0	0	0	0	0	0	0	0
40	40	0.8	0	1	1	1	1	1	1	1	1	1	1	1	1	1	1	1	1	1	1	1	1	1	1	1	1	1	1	0	1
80	40	0.8	0	1	1	1	1	1	1	1	1	1	1	1	1	1	1	1	1	1	1	1	1	1	1	1	1	1	1	1	0
160	40	0.8	0	1	1	1	1	1	0	1	1	1	1	1	1	1	1	1	1	1	1	1	1	1	1	1	1	1	1	1	0
320	40	0.8	0	1	1	1	1	1	0	1	0	1	1	1	1	1	1	1	1	1	1	1	1	1	1	1	1	1	1	1	0
20	80	0.8	0	0	0	0	0	0	0	0	0	0	0	0	0	0	0	0	0	0	0	0	0	0	0	0	0	0	0	0	0
40	80	0.8	0	1	1	1	1	0	0	0	1	1	1	1	1	1	0	0	1	1	1	1	1	1	1	1	0	1	0	1	0
80	80	0.8	0	1	1	1	1	0	0	0	1	1	1	1	1	1	0	0	1	1	1	1	1	1	1	1	0	1	1	1	0
160	80	0.8	0	1	1	1	1	0	0	1	0	1	1	1	1	1	0	0	1	1	1	1	1	1	1	1	0	1	1	1	0
320	80	0.8	0	1	1	1	1	0	0	1	0	1	1	1	1	1	1	1	1	1	1	1	1	1	1	1	0	1	1	1	0
20	160	0.8	0	1	1	1	1	0	0.5	0	1	0.5	1	0.5	0.5	1	0.5	0.5	0.5	1	1	1	0	1	1	1	0	1	0	1	0
40	160	0.8	0	1	1	1	1	0	0	0	1	0	1	0.5	0.5	1	0	0	0.25	1	1	1	1	1	1	1	0	1	0	1	0
80	160	0.8	0	1	1	1	1	0	0	0	0.25	0.25	0.75	0.25	0.75	1	0.25	0.25	0.25	1	0.75	1	1	1	1	1	0	1	0.25	1	0
160	160	0.8	0	1	1	1	1	0	0	0	0	0	0	0	1	1	0	0	0.5	0.75	0.5	1	1	1	1	1	0	1	0	1	0
320	160	0.8	0	1	1	1	1	0	0	0	0	0.25	0	0	1	1	0	0	1	0.25	1	1	1	1	1	1	0	1	1	1	0
20	320	0.8	0	1	1	1	1	0	0	0	1	0	1	0	0	1	0	0	0	1	1	1	0	1	0	1	0	1	0	1	0
40	320	0.8	0	1	1	1	1	0	0	0	1	0.5	1	0.5	0.5	1	0	0	0.5	1	1	1	0	1	0.5	1	0	1	0	1	0
80	320	0.8	0	1	1	1	1	0	0	0	0.5	0	1	0.5	0.5	1	0	0	0.5	1	0.5	1	1	1	1	1	0	1	0	1	0
160	320	0.8	0	1	1	1	1	0	0	0	0	0	0	0	0.5	1	0	0	0	1	0.5	1	1	1	1	1	0	1	0	1	0
320	320	0.8	0	1	1	1	1	0	0	0	0	0	0	0	0	0	0	0	0	0	0	1	1	1	1	1	0	1	0	1	0
20	20	1	0	1	1	1	1	1	1	1	1	1	1	1	1	1	1	1	1	1	1	1	1	1	1	1	1	1	1	0.333333333333333	0.666666666666667
40	20	1	0	1	1	1	1	1	1	1	1	1	1	1	1	1	1	1	1	1	1	1	1	1	1	1	1	1	1	0.333333333333333	0.666666666666667
80	20	1	0	1	1	1	1	1	0.333333333333333	1	1	1	1	1	1	1	1	1	1	1	1	1	1	1	1	1	1	1	1	0.333333333333333	0.666666666666667
160	20	1	0	1	1	1	1	1	0.666666666666667	1	1	1	1	1	1	1	1	1	1	1	1	1	1	1	1	1	1	1	1	0.333333333333333	0.666666666666667
320	20	1	0	1	1	1	1	1	0	1	0	1	1	1	1	1	1	1	1	1	1	1	1	1	1	1	1	1	1	0.666666666666667	0.333333333333333
20	40	1	0	1	1	1	1	0	0	0	1	1	1	1	1	1	0	0	1	1	1	1	1	1	1	1	0	1	0	1	0
40	40	1	0	1	1	1	1	0	0	0	0	1	1	1	1	1	0	0	1	1	1	1	1	1	1	1	0	1	1	1	0
80	40	1	0	1	1	1	1	1	0	1	0	1	1	1	1	1	1	1	1	1	1	1	1	1	1	1	1	1	1	1	0
160	40	1	0	1	1	1	1	0	0	1	0	1	0	1	1	1	0	0	1	0	1	1	1	1	1	1	0	1	1	1	0
320	40	1	0	1	1	1	1	0	0	1	0	1	0	1	1	1	0	0	1	0	1	1	1	1	1	1	0	1	1	1	0
20	80	1	0	1	1	1	1	0	0	0	1	0	1	1	1	1	0	0	0	1	1	1	1	1	1	1	0	1	0	1	0
40	80	1	0	1	1	1	1	0	0	0	0	0	1	0	1	1	0	0	0	1	1	1	1	1	1	1	0	1	0	1	0
80	80	1	0	1	1	1	1	0	0	0	0	0	0	0	1	1	0	0	1	1	1	1	1	1	1	1	0	1	0	1	0
160	80	1	0	1	1	1	1	0	0	1	0	1	0	1	1	1	0	0	1	1	1	1	1	1	1	1	0	1	1	1	0
320	80	1	0	1	1	1	1	0	0	0	0	1	0	0	1	0	0	0	1	0	0	1	1	1	1	1	0	1	1	1	0
20	160	1	0	1	1	1	1	0	0.5	0	1	0.5	1	0.5	0.75	1	0.5	0.5	0.5	1	1	1	0.25	1	1	1	0	1	0	1	0
40	160	1	0	1	1	1	1	0.25	0.5	0.25	1	0.5	1	0.75	0.75	1	0.5	0.5	0.75	1	1	1	1	1	1	1	0.5	1	0.5	1	0
80	160	1	0	1	1	1	1	0	0	0	0	0	0.5	0	0.5	1	0	0	0	1	0.5	1	1	1	1	1	0	1	0	1	0
160	160	1	0	1	1	1	1	0	0	0	0	0	0	0	0.75	0.75	0	0	0	0	0	1	1	1	1	1	0	1	0	1	0
320	160	1	0	1	1	1	1	0	0	0	0	0	0	0	1	0	0	0	1	0	0	1	1	1	1	1	0	1	0	1	0
20	320	1	0	1	1	1	1	0	0	0	1	0	1	0	0	1	0	0	0	1	0	1	0	1	0	1	0	1	0	1	0
40	320	1	0	1	1	1	1	0	0	0	1	0	1	0	0.5	1	0	0	0	1	1	1	0	1	1	1	0	1	0	1	0
80	320	1	0	1	1	1	1	0	0	0	0.5	0	0.5	0	0	1	0	0	0	1	0	1	1	1	1	1	0	1	0	1	0
160	320	1	0	1	1	1	1	0	0	0	0	0	0	0	0	1	0	0	0	1	0	1	1	1	1	1	0	1	0	1	0
320	320	1	0	1	1	1	1	0	0	0	0	0	0	0	0	0	0	0	0	0	0	1	1	1	1	1	0	1	0	1	0
20	20	0	0.2	0	0	0	0	0	0	0	0	0	0	0	0	0	0	0	0	0	0	0	0	0	0	0	0	0	0	0	0
40	20	0	0.2	0	0	0	0	0	0	0	0	0	0	0	0	0	0	0	0	0	0	0	0	0	0	0	0	0	0	0	0
80	20	0	0.2	0	0	0	0	0	0	0	0	0	0	0	0	0	0	0	0	0	0	0	0	0	0	0	0	0	0	0	0
160	20	0	0.2	1	1	1	1	1	0	1	0	1	1	1	1	1	1	1	1	1	1	0	1	0	1	0	1	0	1	0	1
320	20	0	0.2	1	1	1	1	1	0	1	0	1	1	1	1	1	1	1	1	1	1	0	1	0	1	0	1	0	1	0	1
20	40	0	0.2	0	0	0	0	0	0	0	0	0	0	0	0	0	0	0	0	0	0	0	0	0	0	0	0	0	0	0	0
40	40	0	0.2	0	0	0	0	0	0	0	0	0	0	0	0	0	0	0	0	0	0	0	0	0	0	0	0	0	0	0	0
80	40	0	0.2	0	0	0	0	0	0	0	0	0	0	0	0	0	0	0	0	0	0	0	0	0	0	0	0	0	0	0	0
160	40	0	0.2	0	0	0	0	0	0	0	0	0	0	0	0	0	0	0	0	0	0	0	0	0	0	0	0	0	0	0	0
320	40	0	0.2	0	0	0	0	0	0	0	0	0	0	0	0	0	0	0	0	0	0	0	0	0	0	0	0	0	0	0	0
20	80	0	0.2	1	1	1	1	0	1	0	1	1	1	1	1	1	1	1	1	1	1	1	1	1	1	1	0	1	0	1	0
40	80	0	0.2	0	0	0	0	0	0	0	0	0	0	0	0	0	0	0	0	0	0	0	0	0	0	0	0	0	0	0	0
80	80	0	0.2	0	0	0	0	0	0	0	0	0	0	0	0	0	0	0	0	0	0	0	0	0	0	0	0	0	0	0	0
160	80	0	0.2	1	1	1	1	1	1	1	1	1	1	1	1	1	1	1	1	1	1	1	1	1	1	1	1	1	1	0	1
320	80	0	0.2	0	0	0	0	0	0	0	0	0	0	0	0	0	0	0	0	0	0	0	0	0	0	0	0	0	0	0	0
20	160	0	0.2	1	1	1	1	0	1	0	1	1	1	1	1	1	1	1	1	1	1	1	0	1	0	1	0	1	0	1	0
40	160	0	0.2	0	0	0	0	0	0	0	0	0	0	0	0	0	0	0	0	0	0	0	0	0	0	0	0	0	0	0	0
80	160	0	0.2	1	1	1	1	1	1	1	1	1	1	1	1	1	1	1	1	1	1	1	1	1	1	1	1	1	1	1	0
160	160	0	0.2	1	1	1	1	1	1	1	1	1	1	1	1	1	1	1	1	1	1	1	1	1	1	1	1	1	1	0.333333333333333	0.666666666666667
320	160	0	0.2	1	1	1	1	0.5	0.5	1	0.5	1	1	1	1	1	1	1	1	1	1	1	1	1	1	0.5	1	1	1	0	1
20	320	0	0.2	1	1	1	1	0	0.333333333333333	0	1	0.666666666666667	1	0.666666666666667	0.666666666666667	1	0.333333333333333	0.333333333333333	0.666666666666667	1	1	1	0	1	0	1	0	1	0	1	0
40	320	0	0.2	1	1	1	1	0	1	0	1	1	1	1	1	1	1	1	1	1	1	1	0	1	0	1	0	1	0	1	0
80	320	0	0.2	1	1	1	1	1	1	1	1	1	1	1	1	1	1	1	1	1	1	1	1	1	1	1	1	1	1	1	0
160	320	0	0.2	1	1	1	1	0.666666666666667	1	1	1	1	1	1	1	1	1	1	1	1	1	1	1	1	1	1	1	1	1	1	0
320	320	0	0.2	1	1	1	1	1	1	1	1	1	1	1	1	1	1	1	1	1	1	1	1	1	1	1	1	1	1	0	1
20	20	0.2	0.2	1	1	1	1	1	1	1	1	1	1	1	1	1	1	1	1	1	1	1	1	1	1	1	1	1	1	1	0
40	20	0.2	0.2	1	1	1	1	1	1	1	1	1	1	1	1	1	1	1	1	1	1	1	1	1	1	1	1	1	1	0.333333333333333	0.666666666666667
80	20	0.2	0.2	1	1	1	1	1	0.333333333333333	1	0.333333333333333	1	1	1	1	1	1	1	1	1	1	1	1	1	1	0.333333333333333	1	0.666666666666667	1	0	1
160	20	0.2	0.2	1	1	1	1	1	0	1	0	1	1	1	1	1	1	1	1	1	1	0.25	1	1	1	0.25	1	0.25	1	0	1
320	20	0.2	0.2	1	1	1	1	0.8	0	1	0	1	0.8	1	1	1	0.8	0.8	1	0.8	1	0	1	0	1	0	1	0	1	0	1
20	40	0.2	0.2	1	1	1	1	1	1	1	1	1	1	1	1	1	1	1	1	1	1	1	1	1	1	1	1	1	1	1	0
40	40	0.2	0.2	1	1	1	1	1	1	1	1	1	1	1	1	1	1	1	1	1	1	1	1	1	1	1	1	1	1	0	1
80	40	0.2	0.2	1	1	1	1	1	1	1	1	1	1	1	1	1	1	1	1	1	1	1	1	1	1	1	1	1	1	0	1
160	40	0.2	0.2	1	1	1	1	1	0.4	1	0.5	1	1	1	1	1	1	1	1	1	1	1	1	1	1	0.7	1	1	1	0	1
320	40	0.2	0.2	1	1	1	1	1	0.1	1	0.2	1	1	1	1	1	1	1	1	1	1	0.7	1	0.8	1	0.2	1	0.3	1	0	1
20	80	0.2	0.2	1	1	1	1	0.333333333333333	1	0.666666666666667	1	1	1	1	1	1	1	1	1	1	1	1	1	1	1	1	1	1	1	1	0
40	80	0.2	0.2	1	1	1	1	0.857142857142857	1	0.857142857142857	1	1	1	1	1	1	1	1	1	1	1	1	1	1	1	1	0.857142857142857	1	1	0.857142857142857	0.142857142857143
80	80	0.2	0.2	1	1	1	1	1	1	1	1	1	1	1	1	1	1	1	1	1	1	1	1	1	1	1	1	1	1	0.333333333333333	0.666666666666667
160	80	0.2	0.2	1	1	1	1	1	0.833333333333333	1	1	1	1	1	1	1	1	1	1	1	1	1	1	1	1	0.916666666666667	1	1	1	0.166666666666667	0.833333333333333
320	80	0.2	0.2	1	1	1	1	0.947368421052632	0.421052631578947	1	0.421052631578947	1	1	1	1	1	1	1	1	1	1	1	1	1	1	0.526315789473684	1	0.684210526315789	1	0	1
20	160	0.2	0.2	1	1	1	1	0	1	0	1	1	1	1	1	1	1	1	1	1	1	1	0.5	1	0.75	1	0.25	1	0.25	1	0
40	160	0.2	0.2	1	1	1	1	0.714285714285714	0.857142857142857	0.714285714285714	1	1	1	1	1	1	0.857142857142857	0.857142857142857	1	1	1	1	1	1	1	1	0.714285714285714	1	0.857142857142857	1	0
80	160	0.2	0.2	1	1	1	1	0.866666666666667	1	1	1	1	1	1	1	1	1	1	1	1	1	1	1	1	1	1	1	1	1	0.866666666666667	0.133333333333333
160	160	0.2	0.2	1	1	1	1	0.935483870967742	0.935483870967742	1	1	1	1	1	1	1	1	1	1	1	1	1	1	1	1	1	1	1	1	0.580645161290323	0.483870967741935
320	160	0.2	0.2	1	1	1	1	0.875	0.75	1	0.85	1	0.975	1	1	1	0.95	0.95	1	1	1	1	1	1	1	0.8	1	0.95	1	0.075	0.925
20	320	0.2	0.2	1	1	1	1	0	0.8	0	1	0.8	1	0.8	1	1	0.8	0.8	0.8	1	1	1	0	1	0	1	0	1	0	1	0
40	320	0.2	0.2	1	1	1	1	0.0909090909090909	0.909090909090909	0.0909090909090909	1	0.909090909090909	1	0.909090909090909	1	1	0.909090909090909	0.909090909090909	0.909090909090909	1	1	1	0.636363636363636	1	0.909090909090909	1	0.363636363636364	1	0.454545454545455	1	0
80	320	0.2	0.2	1	1	1	1	0.357142857142857	1	0.571428571428571	1	1	1	1	1	1	1	1	1	1	1	1	1	1	1	1	0.785714285714286	1	0.928571428571429	1	0
160	320	0.2	0.2	1	1	1	1	0.936170212765957	0.957446808510638	0.957446808510638	1	0.978723404255319	1	1	1	1	0.978723404255319	0.978723404255319	1	1	1	1	1	1	1	1	0.957446808510638	1	0.978723404255319	0.914893617021277	0.0851063829787234
320	320	0.2	0.2	1	1	1	1	0.964285714285714	0.964285714285714	1	1	1	1	1	1	1	1	1	1	1	1	1	1	1	1	0.982142857142857	0.982142857142857	1	1	0.446428571428571	0.553571428571429
20	20	0.5	0.2	1	1	1	1	1	1	1	1	1	1	1	1	1	1	1	1	1	1	1	1	1	1	1	1	1	1	0.5	0.5
40	20	0.5	0.2	1	1	1	1	1	0.833333333333333	1	0.833333333333333	1	1	1	1	1	1	1	1	1	1	1	1	1	1	0.833333333333333	1	1	1	0.333333333333333	0.666666666666667
80	20	0.5	0.2	1	1	1	1	1	0.6	1	0.8	1	1	1	1	1	1	1	1	1	1	1	1	1	1	0.9	1	1	1	0.2	0.8
160	20	0.5	0.2	1	1	1	1	1	0.4	1	0.4	1	1	1	1	1	1	1	1	1	1	1	1	1	1	0.8	1	0.8	1	0.1	0.9
320	20	0.5	0.2	1	1	1	1	1	0	1	0	1	1	1	1	1	1	1	1	1	1	1	1	1	1	0.3	1	0.4	1	0	1
20	40	0.5	0.2	1	1	1	1	0.5	1	0.875	1	1	1	1	1	1	1	1	1	1	1	1	1	1	1	1	0.75	1	1	1	0
40	40	0.5	0.2	1	1	1	1	0.928571428571429	0.928571428571429	1	1	1	1	1	1	1	1	1	1	1	1	1	1	1	1	1	0.928571428571429	1	1	0.571428571428571	0.428571428571429
80	40	0.5	0.2	1	1	1	1	0.928571428571429	0.857142857142857	1	0.928571428571429	1	1	1	1	1	1	1	1	1	1	1	1	1	1	1	0.928571428571429	1	1	0.428571428571429	0.571428571428571
160	40	0.5	0.2	1	1	1	1	1	0.875	1	0.9375	1	1	1	1	1	1	1	1	1	1	1	1	1	1	0.9375	1	1	1	0.375	0.625
320	40	0.5	0.2	1	1	1	1	1	0.75	1	0.8125	1	1	1	1	1	1	1	1	1	1	1	1	1	1	0.9375	1	1	1	0.3125	0.6875
20	80	0.5	0.2	1	1	1	1	0.1	0.7	0.1	1	0.8	1	0.9	1	1	0.7	0.8	0.9	1	1	1	1	1	1	1	0.4	1	0.5	1	0
40	80	0.5	0.2	1	1	1	1	0.588235294117647	0.705882352941177	0.647058823529412	1	1	1	1	1	1	0.823529411764706	0.882352941176471	1	1	1	1	1	1	1	1	0.647058823529412	1	0.823529411764706	0.941176470588235	0.0588235294117647
80	80	0.5	0.2	1	1	1	1	0.8	0.8	0.9	0.95	1	1	1	1	1	0.9	0.95	1	1	1	1	1	1	1	1	0.8	1	1	0.9	0.1
160	80	0.5	0.2	1	1	1	1	0.91304347826087	0.782608695652174	1	0.91304347826087	1	1	1	1	1	0.956521739130435	0.956521739130435	1	1	1	1	1	1	1	1	0.91304347826087	1	1	0.869565217391304	0.130434782608696
320	80	0.5	0.2	1	1	1	1	1	0.695652173913043	1	0.739130434782609	1	1	1	1	1	1	1	1	1	1	1	1	1	1	1	1	1	1	0.782608695652174	0.217391304347826
20	160	0.5	0.2	1	1	1	1	0	0.653846153846154	0	1	0.769230769230769	1	0.961538461538462	0.961538461538462	1	0.653846153846154	0.692307692307692	0.807692307692308	1	1	1	0.461538461538462	1	0.884615384615385	1	0.115384615384615	1	0.153846153846154	1	0
40	160	0.5	0.2	1	1	1	1	0.214285714285714	0.642857142857143	0.261904761904762	1	0.785714285714286	1	0.928571428571429	0.976190476190476	1	0.738095238095238	0.738095238095238	0.928571428571429	1	1	1	1	1	1	1	0.285714285714286	1	0.571428571428571	0.952380952380952	0.0476190476190476
80	160	0.5	0.2	1	1	1	1	0.450980392156863	0.666666666666667	0.588235294117647	0.980392156862745	0.941176470588235	1	0.980392156862745	1	1	0.882352941176471	0.882352941176471	0.980392156862745	1	1	1	1	1	1	1	0.568627450980392	1	0.882352941176471	0.980392156862745	0.0196078431372549
160	160	0.5	0.2	1	1	1	1	0.436363636363636	0.472727272727273	0.745454545454545	0.781818181818182	0.981818181818182	0.981818181818182	0.981818181818182	1	1	0.763636363636364	0.781818181818182	1	1	1	1	1	1	1	1	0.509090909090909	1	0.981818181818182	0.927272727272727	0.0727272727272727
320	160	0.5	0.2	1	1	1	1	0.690909090909091	0.509090909090909	0.963636363636364	0.618181818181818	0.981818181818182	0.963636363636364	0.963636363636364	1	1	0.836363636363636	0.854545454545454	1	0.963636363636364	1	1	1	1	1	1	0.690909090909091	1	1	0.963636363636364	0.0363636363636364
20	320	0.5	0.2	1	1	1	1	0	0.447368421052632	0	1	0.5	1	0.736842105263158	0.868421052631579	1	0.447368421052632	0.5	0.526315789473684	1	1	1	0.0526315789473684	1	0.0789473684210526	1	0	1	0	1	0
40	320	0.5	0.2	1	1	1	1	0.0208333333333333	0.625	0.0208333333333333	1	0.729166666666667	1	0.833333333333333	0.875	1	0.666666666666667	0.6875	0.770833333333333	1	1	1	0.520833333333333	1	0.833333333333333	1	0.0625	1	0.104166666666667	1	0
80	320	0.5	0.2	1	1	1	1	0.112676056338028	0.47887323943662	0.126760563380282	1	0.647887323943662	1	0.915492957746479	0.943661971830986	1	0.52112676056338	0.535211267605634	0.816901408450704	1	0.985915492957746	1	1	1	1	1	0.183098591549296	1	0.352112676056338	1	0
160	320	0.5	0.2	1	1	1	1	0.0666666666666667	0.266666666666667	0.186666666666667	0.773333333333333	0.613333333333333	0.946666666666667	0.746666666666667	0.946666666666667	1	0.36	0.36	0.8	1	0.96	1	1	1	1	1	0.173333333333333	1	0.36	0.986666666666667	0.0133333333333333
320	320	0.5	0.2	1	1	1	1	0.105263157894737	0.118421052631579	0.355263157894737	0.368421052631579	0.736842105263158	0.736842105263158	0.736842105263158	0.986842105263158	0.986842105263158	0.355263157894737	0.355263157894737	0.934210526315789	0.960526315789474	0.960526315789474	1	1	1	1	1	0.157894736842105	1	0.763157894736842	1	0
20	20	0.8	0.2	1	1	1	1	0.875	1	1	1	1	1	1	1	1	1	1	1	1	1	1	1	1	1	1	1	1	1	0.75	0.25
40	20	0.8	0.2	1	1	1	1	1	1	1	1	1	1	1	1	1	1	1	1	1	1	1	1	1	1	1	1	1	1	0.6	0.4
80	20	0.8	0.2	1	1	1	1	1	1	1	1	1	1	1	1	1	1	1	1	1	1	1	1	1	1	1	1	1	1	0.6	0.4
160	20	0.8	0.2	1	1	1	1	1	1	1	1	1	1	1	1	1	1	1	1	1	1	1	1	1	1	1	1	1	1	0.4	0.6
320	20	0.8	0.2	1	1	1	1	1	0.8	1	0.8	1	1	1	1	1	1	1	1	1	1	1	1	1	1	1	1	1	1	0.7	0.3
20	40	0.8	0.2	1	1	1	1	0.454545454545455	0.909090909090909	0.636363636363636	1	1	1	1	1	1	1	1	1	1	1	1	1	1	1	1	0.636363636363636	1	0.909090909090909	1	0
40	40	0.8	0.2	1	1	1	1	0.733333333333333	0.866666666666667	1	1	1	1	1	1	1	1	1	1	1	1	1	1	1	1	1	0.866666666666667	1	1	0.933333333333333	0.0666666666666667
80	40	0.8	0.2	1	1	1	1	0.8125	0.6875	1	0.75	1	1	1	1	1	0.9375	0.9375	1	1	1	1	1	1	1	1	0.8125	1	1	0.8125	0.1875
160	40	0.8	0.2	1	1	1	1	0.9375	0.5	1	0.5625	1	1	1	1	1	0.9375	1	1	1	1	1	1	1	1	1	0.8125	1	1	0.9375	0.0625
320	40	0.8	0.2	1	1	1	1	0.9375	0.1875	1	0.25	1	0.9375	1	1	1	0.9375	0.9375	1	1	1	1	1	1	1	1	0.9375	1	1	0.9375	0.0625
20	80	0.8	0.2	1	1	1	1	0.0666666666666667	0.533333333333333	0.133333333333333	1	0.733333333333333	1	1	1	1	0.533333333333333	0.666666666666667	0.933333333333333	1	1	1	1	1	1	1	0.333333333333333	1	0.4	1	0
40	80	0.8	0.2	1	1	1	1	0.428571428571429	0.571428571428571	0.523809523809524	0.952380952380952	0.80952380952381	1	0.904761904761905	1	1	0.619047619047619	0.714285714285714	0.952380952380952	1	1	1	1	1	1	1	0.476190476190476	1	0.619047619047619	0.952380952380952	0.0476190476190476
80	80	0.8	0.2	1	1	1	1	0.347826086956522	0.347826086956522	0.695652173913043	0.695652173913043	0.869565217391304	0.956521739130435	0.91304347826087	1	1	0.695652173913043	0.695652173913043	1	1	1	1	1	1	1	1	0.391304347826087	1	0.91304347826087	0.956521739130435	0.0434782608695652
160	80	0.8	0.2	1	1	1	1	0.347826086956522	0.0434782608695652	0.91304347826087	0.130434782608696	1	0.869565217391304	0.956521739130435	1	1	0.608695652173913	0.695652173913043	1	1	1	1	1	1	1	1	0.347826086956522	1	1	1	0
320	80	0.8	0.2	1	1	1	1	0.0869565217391304	0	1	0	1	0.565217391304348	0.869565217391304	1	1	0.347826086956522	0.391304347826087	1	0.695652173913043	1	1	1	1	1	1	0.0434782608695652	1	1	1	0
20	160	0.8	0.2	1	1	1	1	0	0.435897435897436	0	1	0.58974358974359	1	0.82051282051282	0.923076923076923	1	0.435897435897436	0.487179487179487	0.692307692307692	1	1	1	0.461538461538462	1	0.923076923076923	1	0.0256410256410256	1	0.0769230769230769	1	0
40	160	0.8	0.2	1	1	1	1	0.0392156862745098	0.411764705882353	0.0392156862745098	1	0.549019607843137	1	0.745098039215686	0.882352941176471	1	0.450980392156863	0.470588235294118	0.627450980392157	1	0.980392156862745	1	1	1	1	1	0.137254901960784	1	0.254901960784314	1	0
80	160	0.8	0.2	1	1	1	1	0.0363636363636364	0.145454545454545	0.0727272727272727	0.636363636363636	0.454545454545455	0.854545454545454	0.581818181818182	0.872727272727273	1	0.272727272727273	0.272727272727273	0.636363636363636	1	0.945454545454545	1	1	1	1	1	0.0545454545454545	1	0.272727272727273	1	0
160	160	0.8	0.2	1	1	1	1	0.0363636363636364	0.0363636363636364	0.181818181818182	0.2	0.509090909090909	0.509090909090909	0.509090909090909	1	1	0.181818181818182	0.2	0.8	0.854545454545454	0.818181818181818	1	1	1	1	1	0.0363636363636364	1	0.527272727272727	1	0
320	160	0.8	0.2	1	1	1	1	0.0363636363636364	0.0181818181818182	0.181818181818182	0.0181818181818182	0.381818181818182	0.0545454545454545	0.2	1	0.690909090909091	0.0363636363636364	0.0363636363636364	1	0.254545454545455	0.727272727272727	1	1	1	1	1	0.0363636363636364	1	0.945454545454545	1	0
20	320	0.8	0.2	1	1	1	1	0	0.3	0	1	0.48	1	0.62	0.64	1	0.28	0.44	0.5	1	1	1	0.04	1	0.04	1	0	1	0	1	0
40	320	0.8	0.2	1	1	1	1	0	0.294117647058824	0.0147058823529412	1	0.367647058823529	1	0.573529411764706	0.691176470588235	1	0.338235294117647	0.352941176470588	0.411764705882353	1	0.926470588235294	1	0.544117647058823	1	0.911764705882353	1	0.0147058823529412	1	0.0294117647058824	1	0
80	320	0.8	0.2	1	1	1	1	0	0.0526315789473684	0	0.828947368421053	0.0921052631578947	0.960526315789474	0.25	0.513157894736842	1	0.0789473684210526	0.0789473684210526	0.236842105263158	1	0.75	1	1	1	1	1	0	1	0.0394736842105263	1	0
160	320	0.8	0.2	1	1	1	1	0	0	0	0.0789473684210526	0.0394736842105263	0.289473684210526	0.0789473684210526	0.434210526315789	1	0.0131578947368421	0.0131578947368421	0.105263157894737	1	0.460526315789474	1	1	1	1	1	0	1	0.0131578947368421	1	0
320	320	0.8	0.2	1	1	1	1	0	0	0	0	0	0	0	0.342105263157895	0.473684210526316	0	0	0.144736842105263	0.184210526315789	0.184210526315789	1	1	1	1	1	0	1	0	1	0
20	20	1	0.2	1	1	1	1	0.875	0.875	1	1	1	1	1	1	1	1	1	1	1	1	1	1	1	1	1	0.875	1	1	0.875	0.125
40	20	1	0.2	1	1	1	1	0.9	0.9	1	0.9	1	1	1	1	1	0.9	0.9	1	1	1	1	1	1	1	1	0.9	1	1	0.8	0.2
80	20	1	0.2	1	1	1	1	1	0.8	1	0.8	1	1	1	1	1	1	1	1	1	1	1	1	1	1	1	0.9	1	1	0.8	0.2
160	20	1	0.2	1	1	1	1	1	0.7	1	0.7	1	1	1	1	1	1	1	1	1	1	1	1	1	1	1	1	1	1	0.9	0.1
320	20	1	0.2	1	1	1	1	1	0.4	1	0.4	1	1	1	1	1	1	1	1	1	1	1	1	1	1	1	1	1	1	0.8	0.2
20	40	1	0.2	1	1	1	1	0.666666666666667	0.866666666666667	0.866666666666667	1	0.933333333333333	1	1	1	1	0.866666666666667	0.933333333333333	1	1	1	1	1	1	1	1	0.8	1	0.866666666666667	1	0
40	40	1	0.2	1	1	1	1	0.733333333333333	0.8	0.866666666666667	0.933333333333333	1	1	1	1	1	0.866666666666667	0.933333333333333	1	1	1	1	1	1	1	1	0.8	1	1	0.866666666666667	0.133333333333333
80	40	1	0.2	1	1	1	1	0.625	0.375	0.9375	0.4375	1	0.875	1	1	1	0.8125	0.875	1	1	1	1	1	1	1	1	0.625	1	1	1	0
160	40	1	0.2	1	1	1	1	0.5	0.0625	1	0.125	1	0.9375	1	1	1	0.6875	0.875	1	0.9375	1	1	1	1	1	1	0.5	1	1	1	0
320	40	1	0.2	1	1	1	1	0.5	0.0625	1	0.0625	1	0.75	1	1	1	0.5625	0.625	1	0.875	1	1	1	1	1	1	0.5	1	1	1	0
20	80	1	0.2	1	1	1	1	0	0.526315789473684	0	1	0.631578947368421	1	0.894736842105263	0.947368421052632	1	0.526315789473684	0.631578947368421	0.684210526315789	1	1	1	1	1	1	1	0.105263157894737	1	0.157894736842105	1	0
40	80	1	0.2	1	1	1	1	0.217391304347826	0.347826086956522	0.304347826086957	0.956521739130435	0.739130434782609	0.956521739130435	0.782608695652174	0.956521739130435	1	0.478260869565217	0.565217391304348	0.869565217391304	1	0.956521739130435	1	1	1	1	1	0.304347826086957	1	0.478260869565217	1	0
80	80	1	0.2	1	1	1	1	0	0	0.0869565217391304	0.130434782608696	0.521739130434783	0.739130434782609	0.608695652173913	1	1	0.0869565217391304	0.0869565217391304	1	1	1	1	1	1	1	1	0	1	0.608695652173913	1	0
160	80	1	0.2	1	1	1	1	0	0	0.304347826086957	0	0.608695652173913	0.173913043478261	0.304347826086957	1	0.956521739130435	0.0869565217391304	0.0869565217391304	1	0.391304347826087	0.956521739130435	1	1	1	1	1	0	1	1	1	0
320	80	1	0.2	1	1	1	1	0	0	0.782608695652174	0	0.91304347826087	0	0.0869565217391304	1	0.521739130434783	0	0	1	0.0434782608695652	0.869565217391304	1	1	1	1	1	0	1	1	1	0
20	160	1	0.2	1	1	1	1	0	0.51063829787234	0	1	0.531914893617021	1	0.74468085106383	0.787234042553192	1	0.51063829787234	0.531914893617021	0.553191489361702	1	1	1	0.51063829787234	1	0.893617021276596	1	0.0212765957446809	1	0.0212765957446809	1	0
40	160	1	0.2	1	1	1	1	0.0555555555555556	0.222222222222222	0.0740740740740741	0.981481481481482	0.37037037037037	1	0.611111111111111	0.796296296296296	1	0.296296296296296	0.296296296296296	0.574074074074074	1	0.981481481481482	1	1	1	1	1	0.0740740740740741	1	0.0925925925925926	1	0
80	160	1	0.2	1	1	1	1	0	0.0181818181818182	0.0181818181818182	0.254545454545455	0.0909090909090909	0.581818181818182	0.2	0.6	1	0.0545454545454545	0.0545454545454545	0.236363636363636	1	0.709090909090909	1	1	1	1	1	0.0181818181818182	1	0.0545454545454545	1	0
160	160	1	0.2	1	1	1	1	0	0	0	0	0.0363636363636364	0.0545454545454545	0.0363636363636364	0.727272727272727	0.927272727272727	0	0	0.309090909090909	0.381818181818182	0.345454545454545	1	1	1	1	1	0	1	0.0545454545454545	1	0
320	160	1	0.2	1	1	1	1	0	0	0	0	0.0545454545454545	0	0.0181818181818182	0.981818181818182	0.127272727272727	0	0	0.890909090909091	0.0181818181818182	0.145454545454545	1	1	1	1	1	0	1	0.345454545454545	1	0
20	320	1	0.2	1	1	1	1	0	0.26984126984127	0	1	0.301587301587302	1	0.507936507936508	0.555555555555556	1	0.222222222222222	0.301587301587302	0.317460317460317	1	0.968253968253968	1	0.0476190476190476	1	0.0634920634920635	1	0	1	0	1	0
40	320	1	0.2	1	1	1	1	0	0.12	0	1	0.213333333333333	1	0.346666666666667	0.453333333333333	1	0.146666666666667	0.173333333333333	0.28	1	0.773333333333333	1	0.573333333333333	1	0.973333333333333	1	0.0133333333333333	1	0.0133333333333333	1	0
80	320	1	0.2	1	1	1	1	0	0	0	0.5	0.0131578947368421	0.75	0.0263157894736842	0.144736842105263	1	0	0	0.0263157894736842	1	0.368421052631579	1	1	1	1	1	0	1	0	1	0
160	320	1	0.2	1	1	1	1	0	0	0	0	0	0	0	0.0131578947368421	0.907894736842105	0	0	0	0.868421052631579	0.0263157894736842	1	1	1	1	1	0	1	0	1	0
320	320	1	0.2	1	1	1	1	0	0	0	0	0	0	0	0.0131578947368421	0.0526315789473684	0	0	0	0	0	1	1	1	1	1	0	1	0	1	0
20	20	0	0.5	1	1	1	1	1	1	1	1	1	1	1	1	1	1	1	1	1	1	1	1	1	1	1	1	1	1	0	1
40	20	0	0.5	0	0	0	0	0	0	0	0	0	0	0	0	0	0	0	0	0	0	0	0	0	0	0	0	0	0	0	0
80	20	0	0.5	1	1	1	1	0	0	1	0	1	1	1	1	1	1	1	1	1	1	1	1	1	1	0	1	0	1	0	1
160	20	0	0.5	1	1	1	1	1	0	1	0	1	1	1	1	1	1	1	1	1	1	0	1	0	1	0	1	0	1	0	1
320	20	0	0.5	1	1	1	1	0.5	0	1	0	1	0.5	0.5	1	1	0.5	0.5	1	0.5	1	0	1	0	1	0	1	0	1	0	1
20	40	0	0.5	1	1	1	1	0.666666666666667	1	1	1	1	1	1	1	1	1	1	1	1	1	1	1	1	1	1	0.666666666666667	1	1	0.333333333333333	0.666666666666667
40	40	0	0.5	1	1	1	1	1	0	1	1	1	1	1	1	1	1	1	1	1	1	1	1	1	1	1	1	1	1	0	1
80	40	0	0.5	0	0	0	0	0	0	0	0	0	0	0	0	0	0	0	0	0	0	0	0	0	0	0	0	0	0	0	0
160	40	0	0.5	1	1	1	1	0.25	0	1	0.25	1	0.5	1	1	1	0.25	0.25	1	0.5	1	1	1	1	1	0.25	1	0.25	1	0	1
320	40	0	0.5	0	0	0	0	0	0	0	0	0	0	0	0	0	0	0	0	0	0	0	0	0	0	0	0	0	0	0	0
20	80	0	0.5	1	1	1	1	0.5	1	0.5	1	1	1	1	1	1	1	1	1	1	1	1	1	1	1	1	0.5	1	0.5	1	0
40	80	0	0.5	1	1	1	1	1	1	1	1	1	1	1	1	1	1	1	1	1	1	1	1	1	1	1	1	1	1	1	0
80	80	0	0.5	1	1	1	1	1	1	1	1	1	1	1	1	1	1	1	1	1	1	1	1	1	1	1	1	1	1	0	1
160	80	0	0.5	1	1	1	1	0.75	0	1	0.25	1	1	1	1	1	0.75	0.75	1	1	1	1	1	1	1	0	1	0.75	1	0	1
320	80	0	0.5	1	1	1	1	0	0	1	0	1	0	0	1	0.5	0	0	1	0	1	1	1	1	1	0	1	0	1	0	1
20	160	0	0.5	1	1	1	1	0	1	0	1	1	1	1	1	1	1	1	1	1	1	1	1	1	1	1	0.333333333333333	1	0.333333333333333	1	0
40	160	0	0.5	1	1	1	1	1	1	1	1	1	1	1	1	1	1	1	1	1	1	1	1	1	1	1	1	1	1	0	1
80	160	0	0.5	1	1	1	1	1	1	1	1	1	1	1	1	1	1	1	1	1	1	1	1	1	1	1	1	1	1	0	1
160	160	0	0.5	1	1	1	1	0	0	0.25	0	1	1	1	1	1	0.25	0.25	1	1	1	1	1	1	1	0	1	1	1	0	1
320	160	0	0.5	1	1	1	1	0	0	1	0	1	0	0	1	1	0	0	1	1	1	1	1	1	1	0	1	0	1	0	1
20	320	0	0.5	1	1	1	1	0	0.666666666666667	0	1	1	1	1	1	1	0.666666666666667	1	1	1	1	1	1	1	1	1	0.333333333333333	1	0.333333333333333	1	0
40	320	0	0.5	1	1	1	1	1	1	1	1	1	1	1	1	1	1	1	1	1	1	1	1	1	1	1	1	1	1	1	0
80	320	0	0.5	1	1	1	1	1	1	1	1	1	1	1	1	1	1	1	1	1	1	1	1	1	1	1	1	1	1	1	0
160	320	0	0.5	1	1	1	1	0.5	1	0.75	1	1	1	1	1	1	1	1	1	1	1	1	1	1	1	1	1	1	1	0.25	0.75
320	320	0	0.5	1	1	1	1	0	0	0	0	0.5	0	0	1	1	0	0	1	1	1	1	1	1	1	0	1	0.5	1	0	1
20	20	0.2	0.5	1	1	1	1	1	1	1	1	1	1	1	1	1	1	1	1	1	1	1	1	1	1	1	1	1	1	0.6	0.4
40	20	0.2	0.5	1	1	1	1	0.8	0.4	1	0.5	1	1	1	1	1	0.9	0.9	1	1	1	1	1	1	1	0.5	1	0.9	1	0	1
80	20	0.2	0.5	1	1	1	1	0.636363636363636	0.181818181818182	1	0.181818181818182	1	0.909090909090909	1	1	1	0.909090909090909	0.818181818181818	1	1	1	1	1	1	1	0.454545454545455	1	0.545454545454545	1	0	1
160	20	0.2	0.5	1	1	1	1	0.75	0	1	0	1	0.833333333333333	0.875	1	1	0.75	0.75	1	0.833333333333333	1	0.416666666666667	1	0.75	1	0.0833333333333333	1	0.125	1	0	1
320	20	0.2	0.5	1	1	1	1	0.485714285714286	0	1	0	1	0.542857142857143	0.914285714285714	1	0.942857142857143	0.514285714285714	0.485714285714286	1	0.6	1	0.0857142857142857	1	0.0857142857142857	1	0	1	0	1	0	1
20	40	0.2	0.5	1	1	1	1	1	1	1	1	1	1	1	1	1	1	1	1	1	1	1	1	1	1	1	1	1	1	0.5	0.5
40	40	0.2	0.5	1	1	1	1	0.916666666666667	0.916666666666667	0.916666666666667	0.916666666666667	1	1	1	1	1	0.916666666666667	0.916666666666667	1	1	1	1	1	1	1	0.916666666666667	1	1	1	0.5	0.5
80	40	0.2	0.5	1	1	1	1	0.615384615384615	0.615384615384615	1	0.615384615384615	1	1	1	1	1	0.846153846153846	0.846153846153846	1	1	1	1	1	1	1	0.615384615384615	1	0.769230769230769	1	0.0769230769230769	0.923076923076923
160	40	0.2	0.5	1	1	1	1	0.682926829268293	0.24390243902439	1	0.292682926829268	1	0.780487804878049	0.926829268292683	1	0.975609756097561	0.731707317073171	0.731707317073171	1	0.902439024390244	1	1	1	1	1	0.390243902439024	1	0.536585365853659	1	0.024390243902439	0.975609756097561
320	40	0.2	0.5	1	1	1	1	0.666666666666667	0	1	0	1	0.705882352941177	0.843137254901961	1	0.862745098039216	0.666666666666667	0.666666666666667	1	0.725490196078431	1	0.549019607843137	1	0.862745098039216	1	0.0588235294117647	1	0.156862745098039	1	0	1
20	80	0.2	0.5	1	1	1	1	0.444444444444444	1	0.555555555555556	1	1	1	1	1	1	1	1	1	1	1	1	1	1	1	1	0.666666666666667	1	0.888888888888889	0.888888888888889	0.111111111111111
40	80	0.2	0.5	1	1	1	1	0.9375	1	0.9375	1	1	1	1	1	1	1	1	1	1	1	1	1	1	1	1	1	1	1	0.5625	0.4375
80	80	0.2	0.5	1	1	1	1	0.95	0.95	1	1	1	1	1	1	1	1	1	1	1	1	1	1	1	1	0.95	1	1	1	0.1	0.9
160	80	0.2	0.5	1	1	1	1	0.725490196078431	0.509803921568627	0.96078431372549	0.647058823529412	1	0.941176470588235	0.96078431372549	1	1	0.803921568627451	0.784313725490196	1	0.96078431372549	1	1	1	1	1	0.627450980392157	1	0.784313725490196	1	0.0588235294117647	0.941176470588235
320	80	0.2	0.5	1	1	1	1	0.485294117647059	0.147058823529412	1	0.147058823529412	1	0.705882352941177	0.867647058823529	1	0.955882352941177	0.573529411764706	0.573529411764706	1	0.764705882352941	0.970588235294118	1	1	1	1	0.279411764705882	1	0.411764705882353	1	0	1
20	160	0.2	0.5	1	1	1	1	0.5	0.9	0.5	1	1	1	1	1	1	0.9	1	1	1	1	1	1	1	1	1	0.7	1	0.7	1	0
40	160	0.2	0.5	1	1	1	1	0.8125	1	0.875	1	1	1	1	1	1	1	1	1	1	1	1	1	1	1	1	0.9375	1	0.9375	0.5625	0.4375
80	160	0.2	0.5	1	1	1	1	0.818181818181818	0.818181818181818	0.818181818181818	1	1	1	1	1	1	1	0.954545454545455	1	1	1	1	1	1	1	0.818181818181818	1	1	1	0.181818181818182	0.818181818181818
160	160	0.2	0.5	1	1	1	1	0.581818181818182	0.527272727272727	0.818181818181818	0.8	0.981818181818182	0.981818181818182	0.981818181818182	1	1	0.818181818181818	0.8	1	1	1	1	1	1	1	0.6	1	0.981818181818182	1	0.109090909090909	0.890909090909091
320	160	0.2	0.5	1	1	1	1	0.253333333333333	0.12	0.8	0.186666666666667	0.96	0.613333333333333	0.8	1	1	0.413333333333333	0.413333333333333	1	0.813333333333333	1	1	1	1	1	0.186666666666667	1	0.413333333333333	1	0.0133333333333333	0.986666666666667
20	320	0.2	0.5	1	1	1	1	0	1	0	1	1	1	1	1	1	1	1	1	1	1	1	1	1	1	1	0.4	1	0.4	1	0
40	320	0.2	0.5	1	1	1	1	0.75	1	0.75	1	1	1	1	1	1	1	1	1	1	1	1	1	1	1	1	0.8125	1	0.8125	0.625	0.375
80	320	0.2	0.5	1	1	1	1	0.739130434782609	0.91304347826087	0.739130434782609	1	0.956521739130435	1	1	1	1	0.91304347826087	0.91304347826087	0.956521739130435	1	1	1	1	1	1	0.91304347826087	1	1	1	0.260869565217391	0.739130434782609
160	320	0.2	0.5	1	1	1	1	0.345454545454545	0.654545454545455	0.509090909090909	0.945454545454545	0.872727272727273	0.981818181818182	0.963636363636364	1	1	0.781818181818182	0.781818181818182	0.963636363636364	1	1	1	1	1	1	0.654545454545455	1	1	1	0.0727272727272727	0.927272727272727
320	320	0.2	0.5	1	1	1	1	0.0921052631578947	0.0921052631578947	0.315789473684211	0.302631578947368	0.723684210526316	0.710526315789474	0.710526315789474	0.986842105263158	0.986842105263158	0.315789473684211	0.302631578947368	0.960526315789474	0.960526315789474	0.960526315789474	1	1	1	1	0.118421052631579	1	0.75	1	0	1
20	20	0.5	0.5	1	1	1	1	1	1	1	1	1	1	1	1	1	1	1	1	1	1	1	1	1	1	1	1	1	1	0.380952380952381	0.619047619047619
40	20	0.5	0.5	1	1	1	1	1	0.785714285714286	1	0.821428571428571	1	1	1	1	1	1	1	1	1	1	1	1	1	1	0.821428571428571	1	1	1	0.178571428571429	0.821428571428571
80	20	0.5	0.5	1	1	1	1	0.904761904761905	0.428571428571429	1	0.5	1	1	1	1	1	0.928571428571429	0.904761904761905	1	1	1	1	1	1	1	0.547619047619048	1	0.80952380952381	1	0.0476190476190476	0.952380952380952
160	20	0.5	0.5	1	1	1	1	0.933333333333333	0.222222222222222	1	0.244444444444444	1	1	1	1	1	0.977777777777778	0.911111111111111	1	1	1	1	1	1	1	0.466666666666667	1	0.488888888888889	1	0.0222222222222222	0.977777777777778
320	20	0.5	0.5	1	1	1	1	0.891304347826087	0.108695652173913	1	0.108695652173913	1	0.956521739130435	1	1	1	0.891304347826087	0.869565217391304	1	0.978260869565217	1	0.934782608695652	1	0.978260869565217	1	0.282608695652174	1	0.326086956521739	1	0.0652173913043478	0.934782608695652
20	40	0.5	0.5	1	1	1	1	0.785714285714286	0.964285714285714	0.892857142857143	1	1	1	1	1	1	1	1	1	1	1	1	1	1	1	1	0.892857142857143	1	1	0.892857142857143	0.107142857142857
40	40	0.5	0.5	1	1	1	1	0.953488372093023	0.953488372093023	0.976744186046512	0.976744186046512	1	1	1	1	1	0.953488372093023	0.976744186046512	1	1	1	1	1	1	1	0.976744186046512	0.976744186046512	1	1	0.465116279069767	0.534883720930233
80	40	0.5	0.5	1	1	1	1	0.901639344262295	0.836065573770492	0.983606557377049	0.868852459016393	1	0.967213114754098	0.983606557377049	1	1	0.918032786885246	0.918032786885246	1	0.983606557377049	1	1	1	1	1	0.868852459016393	1	0.918032786885246	1	0.295081967213115	0.704918032786885
160	40	0.5	0.5	1	1	1	1	0.9375	0.671875	1	0.671875	1	0.96875	0.96875	1	0.984375	0.96875	0.96875	1	0.96875	1	1	1	1	1	0.765625	1	0.890625	1	0.234375	0.765625
320	40	0.5	0.5	1	1	1	1	0.892307692307692	0.492307692307692	1	0.507692307692308	1	0.923076923076923	0.953846153846154	1	0.953846153846154	0.907692307692308	0.892307692307692	1	0.953846153846154	1	1	1	1	1	0.707692307692308	1	0.753846153846154	1	0.230769230769231	0.769230769230769
20	80	0.5	0.5	1	1	1	1	0.365853658536585	1	0.48780487804878	1	1	1	1	1	1	1	1	1	1	1	1	1	1	1	1	0.585365853658537	1	0.707317073170732	0.951219512195122	0.0487804878048781
40	80	0.5	0.5	1	1	1	1	0.793103448275862	0.96551724137931	0.896551724137931	1	0.982758620689655	1	1	1	1	0.96551724137931	0.982758620689655	1	1	1	1	1	1	1	1	0.896551724137931	1	0.96551724137931	0.689655172413793	0.310344827586207
80	80	0.5	0.5	1	1	1	1	0.878048780487805	0.853658536585366	0.975609756097561	0.975609756097561	1	1	1	1	1	0.975609756097561	0.98780487804878	1	1	1	1	1	1	1	0.951219512195122	0.963414634146341	1	1	0.48780487804878	0.51219512195122
160	80	0.5	0.5	1	1	1	1	0.911111111111111	0.788888888888889	1	0.844444444444444	1	0.988888888888889	1	1	1	0.966666666666667	0.955555555555556	1	1	1	1	1	1	1	0.877777777777778	0.966666666666667	0.966666666666667	1	0.444444444444444	0.555555555555556
320	80	0.5	0.5	1	1	1	1	0.912087912087912	0.604395604395604	1	0.681318681318681	1	0.967032967032967	0.989010989010989	1	1	0.956043956043956	0.956043956043956	1	0.989010989010989	1	1	1	1	1	0.78021978021978	0.978021978021978	0.857142857142857	1	0.395604395604396	0.604395604395604
20	160	0.5	0.5	1	1	1	1	0.2	0.933333333333333	0.222222222222222	1	0.955555555555556	1	1	1	1	0.933333333333333	0.955555555555556	0.977777777777778	1	1	1	1	1	1	1	0.488888888888889	1	0.533333333333333	0.955555555555556	0.0444444444444444
40	160	0.5	0.5	1	1	1	1	0.615384615384615	0.923076923076923	0.692307692307692	1	0.969230769230769	1	0.984615384615385	0.984615384615385	1	0.938461538461538	0.953846153846154	0.969230769230769	1	1	1	1	1	1	1	0.769230769230769	1	0.846153846153846	0.723076923076923	0.276923076923077
80	160	0.5	0.5	1	1	1	1	0.866666666666667	0.911111111111111	0.888888888888889	1	0.966666666666667	1	1	1	1	0.944444444444444	0.944444444444444	1	1	1	1	1	1	1	0.988888888888889	0.9	1	0.944444444444444	0.577777777777778	0.422222222222222
160	160	0.5	0.5	1	1	1	1	0.846938775510204	0.86734693877551	0.979591836734694	0.979591836734694	0.989795918367347	0.989795918367347	0.989795918367347	1	1	0.979591836734694	0.979591836734694	1	1	1	1	1	1	1	0.969387755102041	0.948979591836735	0.989795918367347	1	0.520408163265306	0.489795918367347
320	160	0.5	0.5	1	1	1	1	0.909090909090909	0.727272727272727	0.98989898989899	0.858585858585859	0.98989898989899	0.98989898989899	0.98989898989899	1	1	0.96969696969697	0.96969696969697	1	0.98989898989899	1	1	1	1	1	0.868686868686869	0.96969696969697	0.97979797979798	1	0.383838383838384	0.616161616161616
20	320	0.5	0.5	1	1	1	1	0.173913043478261	0.91304347826087	0.195652173913043	1	0.91304347826087	1	1	1	1	0.91304347826087	0.91304347826087	0.934782608695652	1	1	1	0.956521739130435	1	0.978260869565217	1	0.260869565217391	1	0.304347826086957	0.978260869565217	0.0217391304347826
40	320	0.5	0.5	1	1	1	1	0.584615384615385	0.923076923076923	0.584615384615385	1	0.938461538461538	1	0.953846153846154	0.953846153846154	1	0.923076923076923	0.923076923076923	0.938461538461538	1	1	1	1	1	1	1	0.661538461538462	1	0.692307692307692	0.830769230769231	0.169230769230769
80	320	0.5	0.5	1	1	1	1	0.604395604395604	0.923076923076923	0.648351648351648	1	0.956043956043956	1	0.978021978021978	1	1	0.945054945054945	0.945054945054945	0.978021978021978	1	1	1	1	1	1	1	0.813186813186813	1	0.846153846153846	0.604395604395604	0.395604395604396
160	320	0.5	0.5	1	1	1	1	0.737373737373737	0.909090909090909	0.848484848484849	0.98989898989899	0.96969696969697	1	0.98989898989899	1	1	0.929292929292929	0.929292929292929	0.98989898989899	1	1	1	1	1	1	0.95959595959596	0.888888888888889	1	0.95959595959596	0.636363636363636	0.363636363636364
320	320	0.5	0.5	1	1	1	1	0.83	0.81	0.9	0.91	0.96	0.96	0.96	1	1	0.9	0.91	1	1	1	1	1	1	1	0.93	0.91	0.99	0.98	0.46	0.54
20	20	0.8	0.5	1	1	1	1	1	1	1	1	1	1	1	1	1	1	1	1	1	1	1	1	1	1	1	1	1	1	0.5	0.5
40	20	0.8	0.5	1	1	1	1	0.976190476190476	0.928571428571429	1	0.976190476190476	1	1	1	1	1	1	1	1	1	1	1	1	1	1	0.976190476190476	1	1	1	0.404761904761905	0.595238095238095
80	20	0.8	0.5	1	1	1	1	0.956521739130435	0.869565217391304	1	0.869565217391304	1	0.978260869565217	1	1	1	0.978260869565217	0.956521739130435	1	1	1	1	1	1	1	0.956521739130435	1	0.956521739130435	1	0.434782608695652	0.565217391304348
160	20	0.8	0.5	1	1	1	1	1	0.565217391304348	1	0.58695652173913	1	1	1	1	1	1	1	1	1	1	1	1	1	1	0.869565217391304	1	0.891304347826087	1	0.347826086956522	0.652173913043478
320	20	0.8	0.5	1	1	1	1	1	0.521739130434783	1	0.521739130434783	1	1	1	1	1	1	1	1	1	1	1	1	1	1	0.782608695652174	1	0.826086956521739	1	0.369565217391304	0.630434782608696
20	40	0.8	0.5	1	1	1	1	0.702702702702703	0.918918918918919	0.837837837837838	1	1	1	1	1	1	1	1	1	1	1	1	1	1	1	1	0.837837837837838	1	1	0.945945945945946	0.0540540540540541
40	40	0.8	0.5	1	1	1	1	0.716666666666667	0.816666666666667	0.966666666666667	0.966666666666667	1	1	1	1	1	0.966666666666667	0.966666666666667	1	1	1	1	1	1	1	0.983333333333333	0.85	1	1	0.783333333333333	0.216666666666667
80	40	0.8	0.5	1	1	1	1	0.923076923076923	0.830769230769231	1	0.907692307692308	1	1	1	1	1	0.984615384615385	0.984615384615385	1	1	1	1	1	1	1	0.969230769230769	0.938461538461538	1	1	0.723076923076923	0.276923076923077
160	40	0.8	0.5	1	1	1	1	0.938461538461538	0.630769230769231	1	0.692307692307692	1	0.984615384615385	1	1	1	0.969230769230769	0.984615384615385	1	1	1	1	1	1	1	0.953846153846154	0.938461538461538	0.969230769230769	1	0.769230769230769	0.230769230769231
320	40	0.8	0.5	1	1	1	1	0.938461538461538	0.338461538461538	1	0.353846153846154	1	0.953846153846154	1	1	1	0.953846153846154	0.953846153846154	1	1	1	1	1	1	1	0.938461538461538	0.969230769230769	0.953846153846154	1	0.8	0.2
20	80	0.8	0.5	1	1	1	1	0.372881355932203	0.830508474576271	0.389830508474576	1	0.915254237288136	1	1	1	1	0.847457627118644	0.88135593220339	0.966101694915254	1	1	1	1	1	1	1	0.491525423728814	1	0.610169491525424	0.966101694915254	0.0338983050847458
40	80	0.8	0.5	1	1	1	1	0.542168674698795	0.734939759036145	0.614457831325301	0.975903614457831	0.927710843373494	1	0.975903614457831	1	1	0.807228915662651	0.843373493975904	0.975903614457831	1	1	1	1	1	1	1	0.614457831325301	1	0.807228915662651	0.879518072289157	0.120481927710843
80	80	0.8	0.5	1	1	1	1	0.516483516483517	0.527472527472527	0.747252747252747	0.758241758241758	0.956043956043956	0.978021978021978	0.967032967032967	1	1	0.758241758241758	0.758241758241758	1	1	1	1	1	1	1	0.989010989010989	0.571428571428571	1	0.978021978021978	0.791208791208791	0.208791208791209
160	80	0.8	0.5	1	1	1	1	0.703296703296703	0.494505494505495	0.989010989010989	0.637362637362637	1	0.945054945054945	0.989010989010989	1	1	0.769230769230769	0.802197802197802	1	1	1	1	1	1	1	1	0.703296703296703	1	1	0.912087912087912	0.0879120879120879
320	80	0.8	0.5	1	1	1	1	0.626373626373626	0.307692307692308	0.989010989010989	0.351648351648352	1	0.802197802197802	0.934065934065934	1	0.989010989010989	0.67032967032967	0.703296703296703	1	0.912087912087912	1	1	1	1	1	1	0.571428571428571	1	1	0.923076923076923	0.0769230769230769
20	160	0.8	0.5	1	1	1	1	0.126984126984127	0.857142857142857	0.158730158730159	1	0.920634920634921	1	0.968253968253968	0.984126984126984	1	0.857142857142857	0.888888888888889	0.920634920634921	1	1	1	1	1	1	1	0.285714285714286	1	0.317460317460317	1	0
40	160	0.8	0.5	1	1	1	1	0.318681318681319	0.78021978021978	0.384615384615385	1	0.879120879120879	1	0.923076923076923	0.967032967032967	1	0.802197802197802	0.813186813186813	0.89010989010989	1	0.989010989010989	1	1	1	1	1	0.43956043956044	1	0.593406593406593	0.945054945054945	0.0549450549450549
80	160	0.8	0.5	1	1	1	1	0.373737373737374	0.595959595959596	0.474747474747475	0.919191919191919	0.828282828282828	0.98989898989899	0.898989898989899	0.98989898989899	1	0.707070707070707	0.707070707070707	0.909090909090909	1	1	1	1	1	1	1	0.454545454545455	1	0.696969696969697	0.919191919191919	0.0808080808080808
160	160	0.8	0.5	1	1	1	1	0.434343434343434	0.444444444444444	0.646464646464647	0.676767676767677	0.868686868686869	0.878787878787879	0.878787878787879	1	1	0.646464646464647	0.666666666666667	0.98989898989899	1	1	1	1	1	1	1	0.464646464646465	1	0.878787878787879	0.95959595959596	0.0404040404040404
320	160	0.8	0.5	1	1	1	1	0.303030303030303	0.151515151515152	0.818181818181818	0.212121212121212	0.939393939393939	0.707070707070707	0.818181818181818	1	0.97979797979798	0.464646464646465	0.474747474747475	1	0.878787878787879	0.97979797979798	1	1	1	1	1	0.303030303030303	1	0.98989898989899	0.95959595959596	0.0404040404040404
20	320	0.8	0.5	1	1	1	1	0.046875	0.796875	0.046875	1	0.859375	1	0.953125	0.953125	1	0.765625	0.828125	0.875	1	1	1	0.9375	1	0.96875	1	0.203125	1	0.21875	0.984375	0.015625
40	320	0.8	0.5	1	1	1	1	0.228260869565217	0.66304347826087	0.239130434782609	1	0.75	1	0.880434782608696	0.934782608695652	1	0.673913043478261	0.706521739130435	0.793478260869565	1	0.978260869565217	1	1	1	1	1	0.326086956521739	1	0.358695652173913	0.91304347826087	0.0869565217391304
80	320	0.8	0.5	1	1	1	1	0.17	0.53	0.23	1	0.64	1	0.77	0.92	1	0.55	0.56	0.76	1	0.98	1	1	1	1	1	0.29	1	0.41	0.96	0.04
160	320	0.8	0.5	1	1	1	1	0.1	0.32	0.21	0.8	0.62	0.93	0.78	0.95	1	0.45	0.47	0.81	1	0.96	1	1	1	1	1	0.16	1	0.45	0.96	0.04
320	320	0.8	0.5	1	1	1	1	0.14	0.14	0.22	0.23	0.45	0.51	0.46	0.96	0.98	0.22	0.22	0.86	0.9	0.88	1	1	1	1	1	0.15	1	0.53	0.96	0.04
20	20	1	0.5	1	1	1	1	0.918918918918919	0.972972972972973	0.972972972972973	1	1	1	1	1	1	0.972972972972973	1	1	1	1	1	1	1	1	1	0.972972972972973	1	1	0.702702702702703	0.297297297297297
40	20	1	0.5	1	1	1	1	0.933333333333333	0.866666666666667	1	0.911111111111111	1	1	1	1	1	0.955555555555556	1	1	1	1	1	1	1	1	0.977777777777778	0.933333333333333	1	1	0.6	0.4
80	20	1	0.5	1	1	1	1	0.978260869565217	0.782608695652174	1	0.826086956521739	1	1	1	1	1	0.978260869565217	1	1	1	1	1	1	1	1	0.978260869565217	0.934782608695652	1	1	0.608695652173913	0.391304347826087
160	20	1	0.5	1	1	1	1	1	0.652173913043478	1	0.652173913043478	1	1	1	1	1	1	1	1	1	1	1	1	1	1	0.978260869565217	1	1	1	0.717391304347826	0.282608695652174
320	20	1	0.5	1	1	1	1	1	0.58695652173913	1	0.58695652173913	1	1	1	1	1	1	1	1	1	1	1	1	1	1	0.978260869565217	1	0.978260869565217	1	0.760869565217391	0.239130434782609
20	40	1	0.5	1	1	1	1	0.537037037037037	0.796296296296296	0.648148148148148	1	0.962962962962963	1	1	1	1	0.87037037037037	0.925925925925926	1	1	1	1	1	1	1	1	0.648148148148148	1	0.87037037037037	0.944444444444444	0.0555555555555556
40	40	1	0.5	1	1	1	1	0.692307692307692	0.723076923076923	0.861538461538462	0.907692307692308	0.969230769230769	0.984615384615385	0.969230769230769	1	1	0.861538461538462	0.876923076923077	1	1	1	1	1	1	1	1	0.723076923076923	1	0.969230769230769	0.846153846153846	0.153846153846154
80	40	1	0.5	1	1	1	1	0.707692307692308	0.430769230769231	0.969230769230769	0.646153846153846	1	0.969230769230769	0.969230769230769	1	1	0.846153846153846	0.907692307692308	1	0.969230769230769	1	1	1	1	1	1	0.707692307692308	1	1	0.892307692307692	0.107692307692308
160	40	1	0.5	1	1	1	1	0.676923076923077	0.292307692307692	1	0.323076923076923	1	0.846153846153846	1	1	1	0.830769230769231	0.830769230769231	1	0.969230769230769	1	1	1	1	1	1	0.630769230769231	1	1	0.953846153846154	0.0461538461538462
320	40	1	0.5	1	1	1	1	0.707692307692308	0.169230769230769	1	0.2	1	0.846153846153846	0.923076923076923	1	0.984615384615385	0.784615384615385	0.846153846153846	1	0.907692307692308	1	1	1	1	1	1	0.584615384615385	1	1	0.938461538461538	0.0615384615384615
20	80	1	0.5	1	1	1	1	0.2375	0.7375	0.2875	1	0.8125	1	0.95	0.975	1	0.75	0.775	0.9125	1	1	1	1	1	1	1	0.35	1	0.55	0.9875	0.0125
40	80	1	0.5	1	1	1	1	0.344444444444444	0.611111111111111	0.5	0.966666666666667	0.855555555555556	1	0.944444444444444	1	1	0.7	0.766666666666667	0.944444444444444	1	1	1	1	1	1	1	0.444444444444444	1	0.7	0.944444444444444	0.0555555555555556
80	80	1	0.5	1	1	1	1	0.307692307692308	0.318681318681319	0.483516483516484	0.549450549450549	0.802197802197802	0.868131868131868	0.835164835164835	1	1	0.483516483516484	0.505494505494505	0.989010989010989	1	1	1	1	1	1	1	0.32967032967033	1	0.835164835164835	0.978021978021978	0.021978021978022
160	80	1	0.5	1	1	1	1	0.252747252747253	0.142857142857143	0.703296703296703	0.230769230769231	0.912087912087912	0.549450549450549	0.725274725274725	1	0.967032967032967	0.373626373626374	0.395604395604396	1	0.813186813186813	0.967032967032967	1	1	1	1	1	0.252747252747253	1	1	1	0
320	80	1	0.5	1	1	1	1	0.230769230769231	0.0549450549450549	0.978021978021978	0.0549450549450549	1	0.406593406593407	0.593406593406593	1	0.802197802197802	0.307692307692308	0.340659340659341	1	0.516483516483517	0.989010989010989	1	1	1	1	1	0.197802197802198	1	1	0.989010989010989	0.010989010989011
20	160	1	0.5	1	1	1	1	0.130952380952381	0.666666666666667	0.130952380952381	1	0.75	1	0.857142857142857	0.916666666666667	1	0.666666666666667	0.714285714285714	0.797619047619048	1	1	1	0.988095238095238	1	1	1	0.226190476190476	1	0.261904761904762	1	0
40	160	1	0.5	1	1	1	1	0.244897959183673	0.520408163265306	0.26530612244898	1	0.683673469387755	1	0.836734693877551	0.908163265306122	1	0.561224489795918	0.602040816326531	0.775510204081633	1	0.989795918367347	1	1	1	1	1	0.357142857142857	1	0.408163265306122	0.969387755102041	0.0306122448979592
80	160	1	0.5	1	1	1	1	0.141414141414141	0.252525252525253	0.202020202020202	0.767676767676768	0.454545454545455	0.919191919191919	0.686868686868687	0.929292929292929	1	0.353535353535354	0.353535353535354	0.747474747474748	1	0.94949494949495	1	1	1	1	1	0.191919191919192	1	0.353535353535354	1	0
160	160	1	0.5	1	1	1	1	0.0606060606060606	0.0606060606060606	0.121212121212121	0.141414141414141	0.505050505050505	0.535353535353535	0.515151515151515	0.94949494949495	0.98989898989899	0.121212121212121	0.131313131313131	0.808080808080808	0.848484848484849	0.828282828282828	1	1	1	1	1	0.0606060606060606	1	0.555555555555556	1	0
320	160	1	0.5	1	1	1	1	0.0303030303030303	0	0.242424242424242	0.0101010101010101	0.535353535353535	0.181818181818182	0.282828282828283	0.98989898989899	0.737373737373737	0.0808080808080808	0.0909090909090909	0.97979797979798	0.383838383838384	0.757575757575758	1	1	1	1	1	0.0303030303030303	1	0.868686868686869	1	0
20	320	1	0.5	1	1	1	1	0.0117647058823529	0.623529411764706	0.0117647058823529	1	0.694117647058824	1	0.811764705882353	0.835294117647059	1	0.576470588235294	0.658823529411765	0.694117647058824	1	1	1	0.941176470588235	1	0.988235294117647	1	0.141176470588235	1	0.152941176470588	0.988235294117647	0.0117647058823529
40	320	1	0.5	1	1	1	1	0.101010101010101	0.484848484848485	0.101010101010101	1	0.575757575757576	1	0.767676767676768	0.828282828282828	1	0.494949494949495	0.515151515151515	0.656565656565657	1	0.94949494949495	1	1	1	1	1	0.242424242424242	1	0.242424242424242	0.98989898989899	0.0101010101010101
80	320	1	0.5	1	1	1	1	0.05	0.19	0.06	0.95	0.31	0.98	0.46	0.67	1	0.23	0.24	0.38	1	0.87	1	1	1	1	1	0.07	1	0.11	1	0
160	320	1	0.5	1	1	1	1	0.01	0.05	0.03	0.31	0.13	0.52	0.25	0.55	1	0.07	0.07	0.32	0.99	0.63	1	1	1	1	1	0.03	1	0.07	1	0
320	320	1	0.5	1	1	1	1	0	0	0.04	0.04	0.09	0.09	0.09	0.59	0.68	0.04	0.04	0.34	0.39	0.34	1	1	1	1	1	0	1	0.1	1	0
20	20	0	0.8	1	1	1	1	1	1	1	1	1	1	1	1	1	1	1	1	1	1	1	1	1	1	1	1	1	1	0.5	0.5
40	20	0	0.8	1	1	1	1	1	0	1	1	1	1	1	1	1	1	1	1	1	1	1	1	1	1	1	1	1	1	0	1
80	20	0	0.8	0	0	0	0	0	0	0	0	0	0	0	0	0	0	0	0	0	0	0	0	0	0	0	0	0	0	0	0
160	20	0	0.8	1	1	1	1	0.333333333333333	0	1	0	1	0.333333333333333	1	1	1	0.333333333333333	0.333333333333333	1	0.666666666666667	1	0	1	0.666666666666667	1	0	1	0	1	0	1
320	20	0	0.8	1	1	1	1	0	0	1	0	1	1	1	1	1	1	0	1	1	1	0	1	0	1	0	1	0	1	0	1
20	40	0	0.8	1	1	1	1	1	1	1	1	1	1	1	1	1	1	1	1	1	1	1	1	1	1	1	1	1	1	0	1
40	40	0	0.8	1	1	1	1	0	0	1	1	1	1	1	1	1	1	1	1	1	1	1	1	1	1	0	1	1	1	0	1
80	40	0	0.8	1	1	1	1	0	0	1	0	1	0	1	1	1	0	0	1	1	1	1	1	1	1	0	1	0	1	0	1
160	40	0	0.8	1	1	1	1	0.25	0	1	0	1	0.75	0.75	1	1	0.5	0.25	1	0.75	1	1	1	1	1	0	1	0	1	0	1
320	40	0	0.8	1	1	1	1	0.5	0	1	0	1	0.5	0.5	1	0.5	0.5	0.5	1	0.5	1	0	1	0.5	1	0	1	0	1	0	1
20	80	0	0.8	1	1	1	1	1	1	1	1	1	1	1	1	1	1	1	1	1	1	1	1	1	1	1	1	1	1	0.333333333333333	0.666666666666667
40	80	0	0.8	1	1	1	1	0	1	1	1	1	1	1	1	1	1	1	1	1	1	1	1	1	1	1	1	1	1	0	1
80	80	0	0.8	1	1	1	1	0	0	0	0	1	0	0	1	1	0	0	1	1	1	1	1	1	1	0	1	1	1	0	1
160	80	0	0.8	1	1	1	1	0.25	0	1	0.25	1	0.75	1	1	1	0.25	0.25	1	1	1	1	1	1	1	0	1	0.25	1	0	1
320	80	0	0.8	1	1	1	1	0	0	0.5	0	1	0	0	1	0.5	0	0	1	0	0.5	1	1	1	1	0	1	0	1	0	1
20	160	0	0.8	1	1	1	1	1	1	1	1	1	1	1	1	1	1	1	1	1	1	1	1	1	1	1	1	1	1	0.666666666666667	0.333333333333333
40	160	0	0.8	1	1	1	1	0	1	0	1	1	1	1	1	1	1	1	1	1	1	1	1	1	1	1	1	1	1	0	1
80	160	0	0.8	1	1	1	1	0	0	0	0	0	1	0	1	1	0	0	0	1	1	1	1	1	1	0	1	1	1	0	1
160	160	0	0.8	1	1	1	1	0	0	0	0	0.5	0.5	0.5	1	1	0	0	1	1	1	1	1	1	1	0	1	0.5	1	0	1
320	160	0	0.8	1	1	1	1	0	0	0	0	0	0	0	1	0	0	0	1	0	0	1	1	1	1	0	1	0	1	0	1
20	320	0	0.8	1	1	1	1	0.333333333333333	1	0.666666666666667	1	1	1	1	1	1	1	1	1	1	1	1	1	1	1	1	1	1	1	0.666666666666667	0.333333333333333
40	320	0	0.8	1	1	1	1	0	1	0	1	1	1	1	1	1	1	1	1	1	1	1	1	1	1	1	1	1	1	0	1
80	320	0	0.8	1	1	1	1	0	0	0	1	0	1	1	1	1	0	0	0	1	1	1	1	1	1	0	1	1	1	0	1
160	320	0	0.8	1	1	1	1	0	0	0	0.25	0.25	0.5	0.25	1	1	0	0	0.25	1	1	1	1	1	1	0	1	1	1	0	1
320	320	0	0.8	1	1	1	1	0	0	0	0	0	0	0	0	0	0	0	0	0	0	1	1	1	1	0	1	0	1	0	1
20	20	0.2	0.8	1	1	1	1	1	1	1	1	1	1	1	1	1	1	1	1	1	1	1	1	1	1	1	1	1	1	0.4	0.6
40	20	0.2	0.8	1	1	1	1	0.857142857142857	0.714285714285714	1	0.714285714285714	1	0.857142857142857	1	1	1	0.857142857142857	0.857142857142857	1	1	1	1	1	1	1	0.714285714285714	1	0.857142857142857	1	0.142857142857143	0.857142857142857
80	20	0.2	0.8	1	1	1	1	0.8	0	1	0.2	1	0.866666666666667	1	1	1	0.866666666666667	0.8	1	1	1	1	1	1	1	0.266666666666667	1	0.533333333333333	1	0	1
160	20	0.2	0.8	1	1	1	1	0.51219512195122	0	1	0	1	0.682926829268293	0.926829268292683	1	0.926829268292683	0.585365853658537	0.51219512195122	1	0.707317073170732	1	0.48780487804878	1	0.829268292682927	1	0.0487804878048781	1	0.0975609756097561	1	0	1
320	20	0.2	0.8	1	1	1	1	0.34	0	1	0	1	0.42	0.56	1	0.58	0.38	0.32	1	0.44	1	0.04	1	0.06	1	0	1	0	1	0	1
20	40	0.2	0.8	1	1	1	1	1	1	1	1	1	1	1	1	1	1	1	1	1	1	1	1	1	1	1	1	1	1	0.5	0.5
40	40	0.2	0.8	1	1	1	1	0.714285714285714	0.571428571428571	1	1	1	1	1	1	1	1	1	1	1	1	1	1	1	1	0.714285714285714	1	1	1	0.0714285714285714	0.928571428571429
80	40	0.2	0.8	1	1	1	1	0.590909090909091	0.272727272727273	0.954545454545455	0.590909090909091	1	0.909090909090909	0.954545454545455	1	1	0.818181818181818	0.727272727272727	1	0.954545454545455	1	1	1	1	1	0.590909090909091	1	0.727272727272727	1	0	1
160	40	0.2	0.8	1	1	1	1	0.36	0.04	1	0.04	1	0.6	0.74	1	0.9	0.48	0.46	1	0.66	0.98	1	1	1	1	0.06	1	0.2	1	0	1
320	40	0.2	0.8	1	1	1	1	0.257142857142857	0	1	0	1	0.328571428571429	0.542857142857143	1	0.642857142857143	0.271428571428571	0.257142857142857	1	0.4	0.957142857142857	0.557142857142857	1	0.942857142857143	1	0	1	0.0285714285714286	1	0	1
20	80	0.2	0.8	1	1	1	1	1	1	1	1	1	1	1	1	1	1	1	1	1	1	1	1	1	1	1	1	1	1	0.5	0.5
40	80	0.2	0.8	1	1	1	1	0.6875	0.9375	0.8125	1	1	1	1	1	1	1	1	1	1	1	1	1	1	1	0.9375	1	1	1	0.0625	0.9375
80	80	0.2	0.8	1	1	1	1	0.217391304347826	0.217391304347826	0.782608695652174	0.652173913043478	1	0.956521739130435	0.956521739130435	1	1	0.782608695652174	0.652173913043478	1	1	1	1	1	1	1	0.260869565217391	1	1	1	0	1
160	80	0.2	0.8	1	1	1	1	0.145454545454545	0.0545454545454545	0.709090909090909	0.0727272727272727	0.890909090909091	0.545454545454545	0.636363636363636	1	0.890909090909091	0.272727272727273	0.254545454545455	1	0.709090909090909	0.890909090909091	1	1	1	1	0.0545454545454545	1	0.254545454545455	1	0.0181818181818182	0.981818181818182
320	80	0.2	0.8	1	1	1	1	0.0394736842105263	0	0.828947368421053	0	0.947368421052632	0.131578947368421	0.263157894736842	1	0.513157894736842	0.0789473684210526	0.0657894736842105	1	0.197368421052632	0.736842105263158	1	1	1	1	0	1	0	1	0	1
20	160	0.2	0.8	1	1	1	1	1	1	1	1	1	1	1	1	1	1	1	1	1	1	1	1	1	1	1	1	1	1	0.4	0.6
40	160	0.2	0.8	1	1	1	1	0.375	1	0.5625	1	1	1	1	1	1	1	1	1	1	1	1	1	1	1	1	1	1	1	0.0625	0.9375
80	160	0.2	0.8	1	1	1	1	0.130434782608696	0.391304347826087	0.304347826086957	0.91304347826087	0.782608695652174	1	0.91304347826087	1	1	0.565217391304348	0.478260869565217	0.91304347826087	1	1	1	1	1	1	0.391304347826087	1	1	1	0	1
160	160	0.2	0.8	1	1	1	1	0.0545454545454545	0.0545454545454545	0.109090909090909	0.0909090909090909	0.381818181818182	0.345454545454545	0.363636363636364	1	1	0.109090909090909	0.0909090909090909	0.945454545454545	0.909090909090909	0.909090909090909	1	1	1	1	0.0545454545454545	1	0.381818181818182	1	0	1
320	160	0.2	0.8	1	1	1	1	0	0	0.0657894736842105	0	0.263157894736842	0	0.0394736842105263	1	0.421052631578947	0	0	1	0.0789473684210526	0.513157894736842	1	1	1	1	0	1	0	1	0	1
20	320	0.2	0.8	1	1	1	1	1	1	1	1	1	1	1	1	1	1	1	1	1	1	1	1	1	1	1	1	1	1	0.5	0.5
40	320	0.2	0.8	1	1	1	1	0.3125	0.9375	0.3125	1	1	1	1	1	1	1	1	1	1	1	1	1	1	1	0.9375	1	1	1	0	1
80	320	0.2	0.8	1	1	1	1	0.0434782608695652	0.130434782608696	0.0434782608695652	1	0.478260869565217	1	0.739130434782609	0.956521739130435	1	0.434782608695652	0.304347826086957	0.608695652173913	1	1	1	1	1	1	0.130434782608696	1	1	1	0	1
160	320	0.2	0.8	1	1	1	1	0	0.0181818181818182	0.0181818181818182	0.163636363636364	0.0727272727272727	0.436363636363636	0.163636363636364	0.6	1	0.0545454545454545	0.0545454545454545	0.290909090909091	1	0.618181818181818	1	1	1	1	0.0181818181818182	1	0.963636363636364	1	0	1
320	320	0.2	0.8	1	1	1	1	0	0	0	0	0.0263157894736842	0.0263157894736842	0.0263157894736842	0.421052631578947	0.328947368421053	0	0	0.157894736842105	0.118421052631579	0.118421052631579	1	1	1	1	0	1	0.0263157894736842	1	0	1
20	20	0.5	0.8	1	1	1	1	1	1	1	1	1	1	1	1	1	1	1	1	1	1	1	1	1	1	1	1	1	1	0.4	0.6
40	20	0.5	0.8	1	1	1	1	0.911111111111111	0.577777777777778	1	0.777777777777778	1	1	1	1	1	0.977777777777778	0.933333333333333	1	1	1	1	1	1	1	0.733333333333333	1	0.933333333333333	1	0.155555555555556	0.844444444444444
80	20	0.5	0.8	1	1	1	1	0.796610169491525	0.271186440677966	1	0.338983050847458	1	0.932203389830508	0.983050847457627	1	1	0.898305084745763	0.88135593220339	1	0.949152542372881	1	1	1	1	1	0.525423728813559	1	0.627118644067797	1	0.0338983050847458	0.966101694915254
160	20	0.5	0.8	1	1	1	1	0.793650793650794	0.111111111111111	1	0.142857142857143	1	0.920634920634921	0.968253968253968	1	0.984126984126984	0.888888888888889	0.793650793650794	1	0.936507936507937	1	1	1	1	1	0.333333333333333	1	0.349206349206349	1	0.0476190476190476	0.952380952380952
320	20	0.5	0.8	1	1	1	1	0.859375	0.0625	1	0.0625	1	0.921875	0.9375	1	0.953125	0.890625	0.828125	1	0.921875	1	0.984375	1	0.984375	1	0.21875	1	0.21875	1	0	1
20	40	0.5	0.8	1	1	1	1	0.86046511627907	1	0.930232558139535	1	1	1	1	1	1	1	1	1	1	1	1	1	1	1	1	0.930232558139535	1	1	0.651162790697674	0.348837209302326
40	40	0.5	0.8	1	1	1	1	0.796610169491525	0.779661016949153	0.949152542372881	0.915254237288136	1	0.966101694915254	1	1	1	0.932203389830508	0.915254237288136	1	1	1	1	1	1	1	0.830508474576271	0.966101694915254	0.966101694915254	1	0.23728813559322	0.76271186440678
80	40	0.5	0.8	1	1	1	1	0.674698795180723	0.518072289156627	1	0.578313253012048	1	0.927710843373494	0.963855421686747	1	1	0.819277108433735	0.807228915662651	1	0.987951807228916	1	1	1	1	1	0.590361445783133	0.987951807228916	0.807228915662651	1	0.120481927710843	0.879518072289157
160	40	0.5	0.8	1	1	1	1	0.714285714285714	0.373626373626374	1	0.384615384615385	1	0.835164835164835	0.912087912087912	1	0.967032967032967	0.802197802197802	0.758241758241758	1	0.879120879120879	0.989010989010989	1	1	1	1	0.483516483516484	1	0.615384615384615	1	0.0659340659340659	0.934065934065934
320	40	0.5	0.8	1	1	1	1	0.695652173913043	0.173913043478261	1	0.206521739130435	1	0.793478260869565	0.858695652173913	1	0.902173913043478	0.739130434782609	0.728260869565217	1	0.826086956521739	1	1	1	1	1	0.358695652173913	1	0.41304347826087	1	0.0434782608695652	0.956521739130435
20	80	0.5	0.8	1	1	1	1	0.826086956521739	1	0.847826086956522	1	1	1	1	1	1	1	1	1	1	1	1	1	1	1	1	0.934782608695652	1	0.934782608695652	0.739130434782609	0.260869565217391
40	80	0.5	0.8	1	1	1	1	0.738461538461539	0.923076923076923	0.861538461538462	1	1	1	1	1	1	1	0.984615384615385	1	1	1	1	1	1	1	0.923076923076923	0.984615384615385	1	1	0.230769230769231	0.769230769230769
80	80	0.5	0.8	1	1	1	1	0.659340659340659	0.637362637362637	0.813186813186813	0.791208791208791	0.978021978021978	0.978021978021978	0.978021978021978	1	1	0.813186813186813	0.802197802197802	1	1	1	1	1	1	1	0.67032967032967	1	0.978021978021978	1	0.10989010989011	0.89010989010989
160	80	0.5	0.8	1	1	1	1	0.545454545454545	0.404040404040404	0.97979797979798	0.494949494949495	1	0.848484848484849	0.95959595959596	1	1	0.707070707070707	0.696969696969697	1	0.97979797979798	1	1	1	1	1	0.464646464646465	1	0.696969696969697	1	0.0707070707070707	0.929292929292929
320	80	0.5	0.8	1	1	1	1	0.55	0.18	1	0.21	1	0.69	0.81	1	0.91	0.63	0.59	1	0.77	1	1	1	1	1	0.28	1	0.4	1	0.04	0.96
20	160	0.5	0.8	1	1	1	1	0.717391304347826	1	0.760869565217391	1	1	1	1	1	1	1	1	1	1	1	1	1	1	1	1	0.869565217391304	1	0.869565217391304	0.717391304347826	0.282608695652174
40	160	0.5	0.8	1	1	1	1	0.507692307692308	0.984615384615385	0.6	1	0.984615384615385	1	1	1	1	0.984615384615385	0.984615384615385	1	1	1	1	1	1	1	0.984615384615385	0.923076923076923	1	0.953846153846154	0.230769230769231	0.769230769230769
80	160	0.5	0.8	1	1	1	1	0.494505494505495	0.626373626373626	0.593406593406593	0.945054945054945	0.901098901098901	1	0.978021978021978	1	1	0.824175824175824	0.791208791208791	0.989010989010989	1	1	1	1	1	1	0.637362637362637	0.989010989010989	1	1	0.131868131868132	0.868131868131868
160	160	0.5	0.8	1	1	1	1	0.434343434343434	0.434343434343434	0.636363636363636	0.616161616161616	0.909090909090909	0.898989898989899	0.909090909090909	1	1	0.626262626262626	0.626262626262626	0.98989898989899	0.98989898989899	0.98989898989899	1	1	1	1	0.474747474747475	1	0.909090909090909	1	0.0404040404040404	0.95959595959596
320	160	0.5	0.8	1	1	1	1	0.32	0.17	0.78	0.24	0.94	0.66	0.73	1	0.95	0.46	0.44	1	0.79	0.97	1	1	1	1	0.23	1	0.44	1	0	1
20	320	0.5	0.8	1	1	1	1	0.608695652173913	1	0.630434782608696	1	1	1	1	1	1	1	1	1	1	1	1	1	1	1	1	0.847826086956522	1	0.869565217391304	0.673913043478261	0.326086956521739
40	320	0.5	0.8	1	1	1	1	0.446153846153846	0.969230769230769	0.461538461538462	1	0.969230769230769	1	1	1	1	0.969230769230769	0.969230769230769	1	1	1	1	1	1	1	0.907692307692308	0.953846153846154	1	0.969230769230769	0.230769230769231	0.769230769230769
80	320	0.5	0.8	1	1	1	1	0.318681318681319	0.637362637362637	0.417582417582418	1	0.824175824175824	1	0.912087912087912	0.989010989010989	1	0.736263736263736	0.692307692307692	0.89010989010989	1	1	1	1	1	1	0.637362637362637	1	1	1	0.0549450549450549	0.945054945054945
160	320	0.5	0.8	1	1	1	1	0.171717171717172	0.363636363636364	0.252525252525253	0.808080808080808	0.656565656565657	0.909090909090909	0.808080808080808	0.97979797979798	1	0.535353535353535	0.535353535353535	0.838383838383838	1	0.97979797979798	1	1	1	1	0.363636363636364	1	0.98989898989899	1	0.0303030303030303	0.96969696969697
320	320	0.5	0.8	1	1	1	1	0.12	0.11	0.26	0.25	0.53	0.49	0.51	1	1	0.25	0.25	0.91	0.86	0.86	1	1	1	1	0.13	1	0.56	1	0	1
20	20	0.8	0.8	1	1	1	1	0.972972972972973	1	1	1	1	1	1	1	1	1	1	1	1	1	1	1	1	1	1	1	1	1	0.378378378378378	0.621621621621622
40	20	0.8	0.8	1	1	1	1	1	0.824561403508772	1	0.947368421052632	1	1	1	1	1	1	1	1	1	1	1	1	1	1	0.929824561403509	1	1	1	0.350877192982456	0.649122807017544
80	20	0.8	0.8	1	1	1	1	0.984375	0.734375	1	0.765625	1	1	1	1	1	1	0.984375	1	1	1	1	1	1	1	0.84375	1	0.90625	1	0.203125	0.796875
160	20	0.8	0.8	1	1	1	1	0.984375	0.546875	1	0.59375	1	1	1	1	1	1	0.984375	1	1	1	1	1	1	1	0.6875	1	0.796875	1	0.140625	0.859375
320	20	0.8	0.8	1	1	1	1	1	0.515625	1	0.515625	1	1	1	1	1	1	0.984375	1	1	1	1	1	1	1	0.65625	1	0.6875	1	0.15625	0.84375
20	40	0.8	0.8	1	1	1	1	0.862068965517241	0.96551724137931	0.96551724137931	1	1	1	1	1	1	0.982758620689655	0.982758620689655	1	1	1	1	1	1	1	0.982758620689655	0.982758620689655	1	0.982758620689655	0.586206896551724	0.413793103448276
40	40	0.8	0.8	1	1	1	1	0.895348837209302	0.883720930232558	0.988372093023256	0.988372093023256	1	1	1	1	1	0.976744186046512	0.988372093023256	1	1	1	1	1	1	1	0.941860465116279	0.953488372093023	1	1	0.5	0.5
80	40	0.8	0.8	1	1	1	1	0.934782608695652	0.771739130434783	1	0.880434782608696	1	0.978260869565217	0.989130434782609	1	1	0.978260869565217	0.967391304347826	1	0.989130434782609	1	1	1	1	1	0.902173913043478	0.978260869565217	0.967391304347826	1	0.478260869565217	0.521739130434783
160	40	0.8	0.8	1	1	1	1	0.923913043478261	0.706521739130435	1	0.706521739130435	1	0.967391304347826	1	1	1	0.956521739130435	0.945652173913043	1	0.989130434782609	1	1	1	1	1	0.83695652173913	0.989130434782609	0.869565217391304	1	0.445652173913043	0.554347826086957
320	40	0.8	0.8	1	1	1	1	0.956521739130435	0.510869565217391	1	0.543478260869565	1	0.967391304347826	0.989130434782609	1	0.989130434782609	0.967391304347826	0.956521739130435	1	0.978260869565217	1	1	1	1	1	0.815217391304348	1	0.847826086956522	1	0.467391304347826	0.532608695652174
20	80	0.8	0.8	1	1	1	1	0.703125	0.96875	0.78125	1	0.984375	1	1	1	1	0.984375	0.984375	1	1	1	1	1	1	1	1	0.859375	1	0.875	0.765625	0.234375
40	80	0.8	0.8	1	1	1	1	0.75	0.923913043478261	0.891304347826087	0.989130434782609	0.989130434782609	1	0.989130434782609	1	1	0.978260869565217	0.989130434782609	0.989130434782609	1	1	1	1	1	1	0.978260869565217	0.91304347826087	1	0.978260869565217	0.532608695652174	0.467391304347826
80	80	0.8	0.8	1	1	1	1	0.85	0.85	0.97	0.98	1	1	1	1	1	0.97	0.98	1	1	1	1	1	1	1	0.93	0.93	1	1	0.51	0.49
160	80	0.8	0.8	1	1	1	1	0.9	0.75	1	0.83	1	0.99	1	1	1	0.99	0.97	1	1	1	1	1	1	1	0.9	0.96	0.98	1	0.51	0.49
320	80	0.8	0.8	1	1	1	1	0.94	0.61	1	0.61	1	0.98	1	1	1	0.98	0.96	1	1	1	1	1	1	1	0.85	0.97	0.93	1	0.47	0.53
20	160	0.8	0.8	1	1	1	1	0.5625	0.984375	0.59375	1	0.984375	1	1	1	1	0.984375	0.984375	0.984375	1	1	1	1	1	1	1	0.734375	1	0.78125	0.796875	0.203125
40	160	0.8	0.8	1	1	1	1	0.66304347826087	0.956521739130435	0.673913043478261	1	0.989130434782609	1	0.989130434782609	1	1	0.978260869565217	0.989130434782609	0.989130434782609	1	1	1	1	1	1	0.989130434782609	0.815217391304348	1	0.91304347826087	0.597826086956522	0.402173913043478
80	160	0.8	0.8	1	1	1	1	0.76	0.92	0.87	1	1	1	1	1	1	0.95	0.95	1	1	1	1	1	1	1	0.97	0.92	1	0.96	0.5	0.5
160	160	0.8	0.8	1	1	1	1	0.93	0.93	0.99	0.99	1	1	1	1	1	0.99	0.99	1	1	1	1	1	1	1	0.96	0.98	1	1	0.51	0.5
320	160	0.8	0.8	1	1	1	1	0.9	0.69	0.99	0.83	1	0.98	0.99	1	1	0.94	0.94	1	0.99	1	1	1	1	1	0.9	0.95	0.97	1	0.58	0.42
20	320	0.8	0.8	1	1	1	1	0.421875	0.984375	0.4375	1	1	1	1	1	1	0.984375	1	1	1	1	1	1	1	1	1	0.703125	1	0.734375	0.78125	0.21875
40	320	0.8	0.8	1	1	1	1	0.423913043478261	0.956521739130435	0.478260869565217	1	0.978260869565217	1	0.989130434782609	0.989130434782609	1	0.956521739130435	0.956521739130435	0.989130434782609	1	1	1	1	1	1	1	0.83695652173913	1	0.858695652173913	0.576086956521739	0.423913043478261
80	320	0.8	0.8	1	1	1	1	0.66	0.98	0.68	1	0.98	1	0.99	1	1	0.98	0.98	0.99	1	1	1	1	1	1	0.97	0.85	1	0.92	0.53	0.47
160	320	0.8	0.8	1	1	1	1	0.72	0.89	0.83	1	0.99	1	1	1	1	0.96	0.96	1	1	1	1	1	1	1	0.93	0.92	1	0.98	0.48	0.52
320	320	0.8	0.8	1	1	1	1	0.77	0.77	0.91	0.91	0.99	0.99	0.99	1	1	0.91	0.91	1	1	1	1	1	1	1	0.89	0.91	0.99	1	0.55	0.46
20	20	1	0.8	1	1	1	1	0.962962962962963	0.981481481481482	1	1	1	1	1	1	1	1	1	1	1	1	1	1	1	1	1	0.962962962962963	1	1	0.611111111111111	0.388888888888889
40	20	1	0.8	1	1	1	1	0.952380952380952	0.873015873015873	1	0.904761904761905	1	1	1	1	1	0.984126984126984	0.968253968253968	1	1	1	1	1	1	1	0.920634920634921	0.984126984126984	0.984126984126984	1	0.365079365079365	0.634920634920635
80	20	1	0.8	1	1	1	1	0.984375	0.78125	1	0.8125	1	1	1	1	1	1	1	1	1	1	1	1	1	1	0.953125	0.984375	0.984375	1	0.53125	0.46875
160	20	1	0.8	1	1	1	1	0.984375	0.796875	1	0.796875	1	0.984375	1	1	1	0.984375	1	1	1	1	1	1	1	1	0.9375	0.984375	0.9375	1	0.5	0.5
320	20	1	0.8	1	1	1	1	1	0.46875	1	0.484375	1	1	1	1	1	1	1	1	1	1	1	1	1	1	0.953125	1	0.953125	1	0.5	0.5
20	40	1	0.8	1	1	1	1	0.725	0.9125	0.825	1	0.9875	1	1	1	1	0.9375	0.975	1	1	1	1	1	1	1	1	0.825	1	0.925	0.75	0.25
40	40	1	0.8	1	1	1	1	0.813186813186813	0.846153846153846	0.934065934065934	0.956043956043956	1	1	1	1	1	0.934065934065934	0.945054945054945	1	1	1	1	1	1	1	0.989010989010989	0.879120879120879	1	1	0.615384615384615	0.384615384615385
80	40	1	0.8	1	1	1	1	0.83695652173913	0.684782608695652	0.978260869565217	0.815217391304348	1	0.967391304347826	0.989130434782609	1	1	0.923913043478261	0.934782608695652	1	1	1	1	1	1	1	0.967391304347826	0.869565217391304	0.967391304347826	1	0.717391304347826	0.282608695652174
160	40	1	0.8	1	1	1	1	0.869565217391304	0.576086956521739	1	0.619565217391304	1	0.967391304347826	0.989130434782609	1	1	0.891304347826087	0.923913043478261	1	0.989130434782609	1	1	1	1	1	0.956521739130435	0.869565217391304	0.978260869565217	1	0.771739130434783	0.228260869565217
320	40	1	0.8	1	1	1	1	0.891304347826087	0.423913043478261	1	0.445652173913043	1	0.956521739130435	1	1	1	0.956521739130435	0.956521739130435	1	0.956521739130435	1	1	1	1	1	0.956521739130435	0.869565217391304	0.967391304347826	1	0.771739130434783	0.228260869565217
20	80	1	0.8	1	1	1	1	0.541176470588235	0.894117647058824	0.6	1	0.952941176470588	1	1	1	1	0.917647058823529	0.952941176470588	0.988235294117647	1	1	1	1	1	1	1	0.705882352941177	1	0.788235294117647	0.835294117647059	0.164705882352941
40	80	1	0.8	1	1	1	1	0.686868686868687	0.858585858585859	0.747474747474748	1	0.97979797979798	1	1	1	1	0.898989898989899	0.909090909090909	1	1	1	1	1	1	1	1	0.757575757575758	1	0.878787878787879	0.696969696969697	0.303030303030303
80	80	1	0.8	1	1	1	1	0.72	0.74	0.87	0.91	0.96	0.98	0.98	1	1	0.87	0.88	1	1	1	1	1	1	1	0.99	0.77	1	0.97	0.76	0.24
160	80	1	0.8	1	1	1	1	0.74	0.57	0.98	0.72	1	0.94	0.98	1	1	0.85	0.86	1	0.99	1	1	1	1	1	1	0.75	1	1	0.8	0.2
320	80	1	0.8	1	1	1	1	0.76	0.42	1	0.46	1	0.92	0.97	1	0.99	0.84	0.85	1	0.96	1	1	1	1	1	0.99	0.74	1	1	0.84	0.16
20	160	1	0.8	1	1	1	1	0.411764705882353	0.917647058823529	0.435294117647059	1	0.952941176470588	1	0.988235294117647	0.988235294117647	1	0.917647058823529	0.941176470588235	0.952941176470588	1	1	1	1	1	1	1	0.6	1	0.635294117647059	0.894117647058824	0.105882352941176
40	160	1	0.8	1	1	1	1	0.515151515151515	0.878787878787879	0.535353535353535	1	0.919191919191919	1	0.94949494949495	1	1	0.888888888888889	0.898989898989899	0.94949494949495	1	1	1	1	1	1	1	0.656565656565657	1	0.707070707070707	0.747474747474748	0.252525252525253
80	160	1	0.8	1	1	1	1	0.5	0.79	0.64	0.97	0.93	0.99	0.96	0.99	1	0.86	0.89	0.96	1	1	1	1	1	1	1	0.62	1	0.86	0.82	0.18
160	160	1	0.8	1	1	1	1	0.52	0.53	0.74	0.82	0.94	0.95	0.94	1	1	0.75	0.81	1	1	1	1	1	1	1	1	0.56	1	0.94	0.89	0.11
320	160	1	0.8	1	1	1	1	0.56	0.4	0.9	0.51	0.95	0.84	0.91	1	0.99	0.68	0.74	1	0.95	1	1	1	1	1	1	0.56	1	1	0.9	0.1
20	320	1	0.8	1	1	1	1	0.341176470588235	0.870588235294118	0.341176470588235	1	0.905882352941176	1	0.988235294117647	1	1	0.870588235294118	0.894117647058824	0.905882352941176	1	1	1	1	1	1	1	0.541176470588235	1	0.576470588235294	0.811764705882353	0.188235294117647
40	320	1	0.8	1	1	1	1	0.404040404040404	0.858585858585859	0.434343434343434	1	0.909090909090909	1	0.95959595959596	0.97979797979798	1	0.858585858585859	0.878787878787879	0.939393939393939	1	1	1	1	1	1	1	0.616161616161616	1	0.636363636363636	0.696969696969697	0.303030303030303
80	320	1	0.8	1	1	1	1	0.46	0.76	0.51	1	0.87	1	0.91	0.94	1	0.82	0.84	0.89	1	1	1	1	1	1	1	0.57	1	0.73	0.84	0.16
160	320	1	0.8	1	1	1	1	0.39	0.68	0.53	0.92	0.87	0.96	0.9	0.96	1	0.77	0.78	0.92	1	0.98	1	1	1	1	1	0.5	1	0.77	0.91	0.09
320	320	1	0.8	1	1	1	1	0.43	0.44	0.67	0.67	0.84	0.87	0.85	1	1	0.67	0.67	0.97	0.97	0.97	1	1	1	1	1	0.48	1	0.87	0.96	0.04
20	20	0	1	1	1	1	1	1	0.666666666666667	1	1	1	1	1	1	1	1	1	1	1	1	1	1	1	1	1	1	1	1	0.333333333333333	0.666666666666667
40	20	0	1	1	1	1	1	1	1	1	1	1	1	1	1	1	1	1	1	1	1	1	1	1	1	1	1	1	1	0	1
80	20	0	1	1	1	1	1	0	0	1	0	1	0	0	1	0	0	0	1	0	1	1	1	1	1	0	1	0	1	0	1
160	20	0	1	1	1	1	1	0	0	1	0	1	0	1	1	1	0	0	1	0	1	0	1	1	1	0	1	0	1	0	1
320	20	0	1	1	1	1	1	0.5	0	1	0	1	0.5	0.5	1	0.5	0.5	0.5	1	0.5	1	0	1	0	1	0	1	0	1	0	1
20	40	0	1	1	1	1	1	1	1	1	1	1	1	1	1	1	1	1	1	1	1	1	1	1	1	1	1	1	1	0.666666666666667	0.333333333333333
40	40	0	1	1	1	1	1	0	0	0	0	0	0	0	1	1	0	0	1	1	1	1	1	1	1	0	1	0	1	0	1
80	40	0	1	1	1	1	1	1	0	1	0	1	1	1	1	1	1	1	1	1	1	1	1	1	1	0	1	1	1	0	1
160	40	0	1	1	1	1	1	0	0	1	0	1	0.25	0.5	1	0.5	0	0	1	0.5	0.75	1	1	1	1	0	1	0	1	0	1
320	40	0	1	1	1	1	1	0	0	1	0	1	0	0	1	0	0	0	1	0	0.5	0	1	1	1	0	1	0	1	0	1
20	80	0	1	1	1	1	1	0.666666666666667	1	1	1	1	1	1	1	1	1	1	1	1	1	1	1	1	1	1	1	1	1	0.333333333333333	0.666666666666667
40	80	0	1	1	1	1	1	0	1	1	1	1	1	1	1	1	1	1	1	1	1	1	1	1	1	1	1	1	1	0	1
80	80	0	1	1	1	1	1	0	0	0	0	0	0	0	1	1	0	0	1	1	1	1	1	1	1	0	1	0	1	0	1
160	80	0	1	1	1	1	1	0	0	0	0	0.25	0	0	1	0.5	0	0	1	0	1	1	1	1	1	0	1	0	1	0	1
320	80	0	1	1	1	1	1	0	0	0	0	1	0	0	1	0	0	0	1	0	0	1	1	1	1	0	1	0	1	0	1
20	160	0	1	1	1	1	1	0	1	1	1	1	1	1	1	1	1	1	1	1	1	1	1	1	1	1	1	1	1	0.333333333333333	0.666666666666667
40	160	0	1	1	1	1	1	0	0	0	1	1	1	1	1	1	1	1	1	1	1	1	1	1	1	0	1	1	1	0	1
80	160	0	1	1	1	1	1	0	0	0	0	0	0	0	1	1	0	0	0	1	1	1	1	1	1	0	1	1	1	0	1
160	160	0	1	1	1	1	1	0	0	0	0	0	0	0	0.75	0.75	0	0	0.25	0.25	0.25	1	1	1	1	0	1	0	1	0	1
320	160	0	1	1	1	1	1	0	0	0	0	0	0	0	1	0	0	0	1	0	0	1	1	1	1	0	1	0	1	0	1
20	320	0	1	1	1	1	1	0.666666666666667	1	0.666666666666667	1	1	1	1	1	1	1	1	1	1	1	1	1	1	1	1	1	1	1	0.333333333333333	0.666666666666667
40	320	0	1	1	1	1	1	0	1	0	1	1	1	1	1	1	1	1	1	1	1	1	1	1	1	0	1	1	1	0	1
80	320	0	1	1	1	1	1	0	0	0	1	0	1	0	1	1	0	0	0	1	1	1	1	1	1	0	1	1	1	0	1
160	320	0	1	1	1	1	1	0	0	0	0	0	0	0	0	0.75	0	0	0	0.75	0	1	1	1	1	0	1	0	1	0	1
320	320	0	1	1	1	1	1	0	0	0	0	0	0	0	0	0	0	0	0	0	0	1	1	1	1	0	1	0	1	0	1
20	20	0.2	1	1	1	1	1	0.75	0.75	1	1	1	1	1	1	1	1	1	1	1	1	1	1	1	1	0.75	1	1	1	0.375	0.625
40	20	0.2	1	1	1	1	1	0.733333333333333	0.4	1	0.533333333333333	1	0.933333333333333	1	1	1	0.933333333333333	0.866666666666667	1	1	1	1	1	1	1	0.533333333333333	1	0.866666666666667	1	0.0666666666666667	0.933333333333333
80	20	0.2	1	1	1	1	1	0.5	0.0555555555555556	1	0.0555555555555556	1	0.722222222222222	0.888888888888889	1	0.944444444444444	0.555555555555556	0.5	1	0.833333333333333	1	1	1	1	1	0.111111111111111	1	0.222222222222222	1	0	1
160	20	0.2	1	1	1	1	1	0.36	0	1	0	1	0.48	0.66	1	0.82	0.42	0.36	1	0.54	0.98	0.48	1	0.96	1	0	1	0.02	1	0	1
320	20	0.2	1	1	1	1	1	0.257575757575758	0	1	0	1	0.348484848484849	0.515151515151515	1	0.590909090909091	0.318181818181818	0.227272727272727	1	0.348484848484849	0.954545454545455	0.0303030303030303	1	0.0303030303030303	1	0	1	0	1	0	1
20	40	0.2	1	1	1	1	1	0.9	1	1	1	1	1	1	1	1	1	1	1	1	1	1	1	1	1	1	1	1	1	0.5	0.5
40	40	0.2	1	1	1	1	1	0.6	0.6	0.8	0.8	0.933333333333333	0.933333333333333	0.933333333333333	1	1	0.8	0.8	1	1	1	1	1	1	1	0.666666666666667	1	0.933333333333333	1	0	1
80	40	0.2	1	1	1	1	1	0.391304347826087	0.173913043478261	0.869565217391304	0.173913043478261	0.956521739130435	0.608695652173913	0.652173913043478	1	0.956521739130435	0.565217391304348	0.521739130434783	1	0.782608695652174	0.956521739130435	1	1	1	1	0.173913043478261	1	0.521739130434783	1	0	1
160	40	0.2	1	1	1	1	1	0.218181818181818	0.0363636363636364	0.981818181818182	0.0363636363636364	1	0.345454545454545	0.618181818181818	1	0.745454545454545	0.272727272727273	0.236363636363636	1	0.527272727272727	0.927272727272727	1	1	1	1	0.0909090909090909	1	0.181818181818182	1	0	1
320	40	0.2	1	1	1	1	1	0.12	0	1	0	1	0.16	0.32	1	0.426666666666667	0.146666666666667	0.133333333333333	1	0.213333333333333	0.853333333333333	0.56	1	0.973333333333333	1	0.0266666666666667	1	0.0266666666666667	1	0	1
20	80	0.2	1	1	1	1	1	0.7	1	0.8	1	1	1	1	1	1	1	1	1	1	1	1	1	1	1	1	1	1	1	0.2	0.8
40	80	0.2	1	1	1	1	1	0.3125	0.625	0.5	1	1	1	1	1	1	0.75	0.75	1	1	1	1	1	1	1	0.625	1	1	1	0	1
80	80	0.2	1	1	1	1	1	0	0	0.0869565217391304	0.0434782608695652	0.565217391304348	0.478260869565217	0.565217391304348	1	1	0.0869565217391304	0.0869565217391304	1	1	1	1	1	1	1	0	1	0.565217391304348	1	0	1
160	80	0.2	1	1	1	1	1	0.0181818181818182	0	0.2	0	0.563636363636364	0.0545454545454545	0.163636363636364	1	0.636363636363636	0.0363636363636364	0.0181818181818182	1	0.2	0.727272727272727	1	1	1	1	0	1	0.0181818181818182	1	0	1
320	80	0.2	1	1	1	1	1	0	0	0.565789473684211	0	0.736842105263158	0	0.0394736842105263	1	0.157894736842105	0	0	1	0.0131578947368421	0.394736842105263	1	1	1	1	0	1	0	1	0	1
20	160	0.2	1	1	1	1	1	0.8	1	0.9	1	1	1	1	1	1	1	1	1	1	1	1	1	1	1	1	1	1	1	0	1
40	160	0.2	1	1	1	1	1	0.125	0.4375	0.125	1	0.8125	1	0.9375	1	1	0.75	0.6875	0.875	1	1	1	1	1	1	0.4375	1	1	1	0	1
80	160	0.2	1	1	1	1	1	0	0.0434782608695652	0.0434782608695652	0.391304347826087	0.260869565217391	0.826086956521739	0.478260869565217	0.956521739130435	1	0.0869565217391304	0.0869565217391304	0.652173913043478	1	0.956521739130435	1	1	1	1	0.0434782608695652	1	0.956521739130435	1	0	1
160	160	0.2	1	1	1	1	1	0	0	0.0181818181818182	0.0181818181818182	0.0545454545454545	0.0363636363636364	0.0363636363636364	0.890909090909091	0.672727272727273	0.0181818181818182	0.0181818181818182	0.4	0.290909090909091	0.363636363636364	1	1	1	1	0	1	0.0545454545454545	1	0	1
320	160	0.2	1	1	1	1	1	0	0	0.0263157894736842	0	0.0263157894736842	0.0131578947368421	0.0131578947368421	0.947368421052632	0.0263157894736842	0	0	0.842105263157895	0.0263157894736842	0.0657894736842105	1	1	1	1	0	1	0	1	0	1
20	320	0.2	1	1	1	1	1	0.3	1	0.3	1	1	1	1	1	1	1	1	1	1	1	1	1	1	1	1	1	1	1	0.1	0.9
40	320	0.2	1	1	1	1	1	0.0625	0.5625	0.0625	1	0.875	1	1	1	1	0.8125	0.75	0.9375	1	1	1	1	1	1	0.4375	1	1	1	0	1
80	320	0.2	1	1	1	1	1	0	0	0	0.782608695652174	0.0434782608695652	0.956521739130435	0.0869565217391304	0.434782608695652	1	0	0	0.0869565217391304	1	0.869565217391304	1	1	1	1	0	1	1	1	0	1
160	320	0.2	1	1	1	1	1	0	0	0	0	0	0.0181818181818182	0	0.109090909090909	0.945454545454545	0	0	0	0.890909090909091	0.127272727272727	1	1	1	1	0	1	0.418181818181818	1	0	1
320	320	0.2	1	1	1	1	1	0	0	0	0	0	0	0	0.0131578947368421	0.0131578947368421	0	0	0	0	0	1	1	1	1	0	1	0	1	0	1
20	20	0.5	1	1	1	1	1	0.95	0.9	1	1	1	1	1	1	1	1	1	1	1	1	1	1	1	1	0.9	1	1	1	0.3	0.7
40	20	0.5	1	1	1	1	1	0.796296296296296	0.537037037037037	1	0.62962962962963	1	0.981481481481482	1	1	1	0.944444444444444	0.87037037037037	1	1	1	1	1	1	1	0.611111111111111	1	0.851851851851852	1	0.0925925925925926	0.907407407407407
80	20	0.5	1	1	1	1	1	0.675324675324675	0.233766233766234	1	0.25974025974026	1	0.805194805194805	0.961038961038961	1	1	0.753246753246753	0.714285714285714	1	0.922077922077922	1	1	1	1	1	0.350649350649351	1	0.480519480519481	1	0.038961038961039	0.961038961038961
160	20	0.5	1	1	1	1	1	0.714285714285714	0.0952380952380952	1	0.107142857142857	1	0.75	0.869047619047619	1	0.916666666666667	0.726190476190476	0.702380952380952	1	0.75	1	0.988095238095238	1	0.988095238095238	1	0.25	1	0.273809523809524	1	0.0119047619047619	0.988095238095238
320	20	0.5	1	1	1	1	1	0.611764705882353	0.0352941176470588	1	0.0470588235294118	1	0.623529411764706	0.823529411764706	1	0.823529411764706	0.623529411764706	0.588235294117647	1	0.647058823529412	1	0.929411764705882	1	0.964705882352941	1	0.117647058823529	1	0.141176470588235	1	0	1
20	40	0.5	1	1	1	1	1	0.891304347826087	1	1	1	1	1	1	1	1	1	1	1	1	1	1	1	1	1	1	0.978260869565217	1	1	0.521739130434783	0.478260869565217
40	40	0.5	1	1	1	1	1	0.615384615384615	0.584615384615385	0.907692307692308	0.846153846153846	0.969230769230769	0.953846153846154	0.953846153846154	1	1	0.876923076923077	0.846153846153846	1	1	1	1	1	1	1	0.676923076923077	0.969230769230769	0.953846153846154	1	0.2	0.8
80	40	0.5	1	1	1	1	1	0.566666666666667	0.4	0.944444444444444	0.466666666666667	1	0.788888888888889	0.855555555555556	1	1	0.677777777777778	0.644444444444444	1	0.888888888888889	1	1	1	1	1	0.444444444444444	1	0.644444444444444	1	0.0777777777777778	0.922222222222222
160	40	0.5	1	1	1	1	1	0.581632653061224	0.214285714285714	1	0.244897959183673	1	0.714285714285714	0.826530612244898	1	0.918367346938776	0.642857142857143	0.602040816326531	1	0.714285714285714	0.989795918367347	1	1	1	1	0.295918367346939	1	0.418367346938776	1	0.0408163265306122	0.959183673469388
320	40	0.5	1	1	1	1	1	0.464646464646465	0.131313131313131	1	0.131313131313131	1	0.545454545454545	0.707070707070707	1	0.808080808080808	0.494949494949495	0.474747474747475	1	0.595959595959596	0.97979797979798	1	1	1	1	0.181818181818182	1	0.212121212121212	1	0.0505050505050505	0.94949494949495
20	80	0.5	1	1	1	1	1	0.804347826086957	1	0.869565217391304	1	1	1	1	1	1	1	1	1	1	1	1	1	1	1	1	0.978260869565217	1	0.978260869565217	0.347826086956522	0.652173913043478
40	80	0.5	1	1	1	1	1	0.476923076923077	0.738461538461539	0.676923076923077	0.969230769230769	0.938461538461538	0.984615384615385	0.969230769230769	1	1	0.861538461538462	0.8	0.984615384615385	1	1	1	1	1	1	0.738461538461539	1	1	1	0.0769230769230769	0.923076923076923
80	80	0.5	1	1	1	1	1	0.362637362637363	0.362637362637363	0.582417582417582	0.527472527472527	0.868131868131868	0.824175824175824	0.857142857142857	1	1	0.56043956043956	0.527472527472527	0.989010989010989	0.967032967032967	0.978021978021978	1	1	1	1	0.373626373626374	1	0.857142857142857	1	0.010989010989011	0.989010989010989
160	80	0.5	1	1	1	1	1	0.292929292929293	0.101010101010101	0.757575757575758	0.151515151515152	0.919191919191919	0.494949494949495	0.696969696969697	1	0.919191919191919	0.363636363636364	0.333333333333333	1	0.747474747474748	0.94949494949495	1	1	1	1	0.141414141414141	1	0.333333333333333	1	0	1
320	80	0.5	1	1	1	1	1	0.14	0.04	0.96	0.05	0.98	0.25	0.48	1	0.7	0.23	0.21	1	0.36	0.92	1	1	1	1	0.06	1	0.07	1	0	1
20	160	0.5	1	1	1	1	1	0.652173913043478	1	0.673913043478261	1	1	1	1	1	1	1	1	1	1	1	1	1	1	1	1	1	1	1	0.347826086956522	0.652173913043478
40	160	0.5	1	1	1	1	1	0.307692307692308	0.738461538461539	0.353846153846154	1	0.876923076923077	1	0.969230769230769	1	1	0.846153846153846	0.830769230769231	0.923076923076923	1	1	1	1	1	1	0.707692307692308	0.984615384615385	1	1	0.0769230769230769	0.923076923076923
80	160	0.5	1	1	1	1	1	0.131868131868132	0.285714285714286	0.241758241758242	0.659340659340659	0.549450549450549	0.868131868131868	0.714285714285714	0.967032967032967	1	0.43956043956044	0.406593406593407	0.824175824175824	1	0.967032967032967	1	1	1	1	0.285714285714286	1	1	1	0.010989010989011	0.989010989010989
160	160	0.5	1	1	1	1	1	0.0707070707070707	0.0606060606060606	0.191919191919192	0.161616161616162	0.565656565656566	0.515151515151515	0.535353535353535	0.95959595959596	0.94949494949495	0.171717171717172	0.161616161616162	0.828282828282828	0.777777777777778	0.787878787878788	1	1	1	1	0.0707070707070707	1	0.565656565656566	1	0	1
320	160	0.5	1	1	1	1	1	0.03	0.01	0.2	0.01	0.5	0.11	0.2	1	0.57	0.06	0.06	0.99	0.21	0.68	1	1	1	1	0.01	1	0.06	1	0.01	0.99
20	320	0.5	1	1	1	1	1	0.41304347826087	1	0.434782608695652	1	1	1	1	1	1	1	1	1	1	1	1	1	1	1	1	0.978260869565217	1	0.978260869565217	0.304347826086957	0.695652173913043
40	320	0.5	1	1	1	1	1	0.107692307692308	0.676923076923077	0.107692307692308	1	0.892307692307692	1	0.984615384615385	1	1	0.846153846153846	0.769230769230769	0.938461538461538	1	1	1	1	1	1	0.6	0.984615384615385	1	1	0.0769230769230769	0.923076923076923
80	320	0.5	1	1	1	1	1	0.0879120879120879	0.175824175824176	0.0989010989010989	0.967032967032967	0.384615384615385	1	0.615384615384615	0.846153846153846	1	0.296703296703297	0.241758241758242	0.505494505494505	1	1	1	1	1	1	0.164835164835165	1	1	1	0	1
160	320	0.5	1	1	1	1	1	0.0101010101010101	0.0303030303030303	0.0202020202020202	0.212121212121212	0.171717171717172	0.555555555555556	0.242424242424242	0.717171717171717	1	0.0707070707070707	0.0707070707070707	0.363636363636364	0.98989898989899	0.747474747474748	1	1	1	1	0.0303030303030303	1	0.868686868686869	1	0	1
320	320	0.5	1	1	1	1	1	0	0	0	0	0.07	0.07	0.07	0.71	0.6	0	0	0.33	0.27	0.32	1	1	1	1	0	1	0.08	1	0	1
20	20	0.8	1	1	1	1	1	0.927272727272727	0.927272727272727	1	0.963636363636364	1	1	1	1	1	1	0.981818181818182	1	1	1	1	1	1	1	0.927272727272727	1	1	1	0.381818181818182	0.618181818181818
40	20	0.8	1	1	1	1	1	0.87012987012987	0.688311688311688	1	0.831168831168831	1	1	1	1	1	0.974025974025974	0.935064935064935	1	1	1	1	1	1	1	0.831168831168831	1	0.922077922077922	1	0.272727272727273	0.727272727272727
80	20	0.8	1	1	1	1	1	0.894117647058824	0.505882352941176	1	0.576470588235294	1	0.976470588235294	1	1	1	0.952941176470588	0.917647058823529	1	0.988235294117647	1	1	1	1	1	0.635294117647059	1	0.752941176470588	1	0.223529411764706	0.776470588235294
160	20	0.8	1	1	1	1	1	0.882352941176471	0.435294117647059	1	0.447058823529412	1	0.917647058823529	1	1	1	0.905882352941176	0.858823529411765	1	0.952941176470588	1	1	1	1	1	0.588235294117647	1	0.635294117647059	1	0.188235294117647	0.811764705882353
320	20	0.8	1	1	1	1	1	0.894117647058824	0.352941176470588	1	0.364705882352941	1	0.917647058823529	0.976470588235294	1	0.988235294117647	0.905882352941176	0.870588235294118	1	0.941176470588235	1	1	1	1	1	0.529411764705882	1	0.564705882352941	1	0.188235294117647	0.811764705882353
20	40	0.8	1	1	1	1	1	0.873015873015873	0.968253968253968	0.952380952380952	1	1	1	1	1	1	1	1	1	1	1	1	1	1	1	0.984126984126984	0.968253968253968	1	1	0.507936507936508	0.492063492063492
40	40	0.8	1	1	1	1	1	0.813186813186813	0.791208791208791	0.945054945054945	0.923076923076923	1	1	1	1	1	0.945054945054945	0.934065934065934	1	1	1	1	1	1	1	0.846153846153846	0.978021978021978	1	1	0.384615384615385	0.615384615384615
80	40	0.8	1	1	1	1	1	0.838383838383838	0.676767676767677	0.97979797979798	0.777777777777778	1	0.939393939393939	0.96969696969697	1	1	0.919191919191919	0.909090909090909	1	0.96969696969697	1	1	1	1	1	0.777777777777778	1	0.898989898989899	1	0.323232323232323	0.676767676767677
160	40	0.8	1	1	1	1	1	0.868686868686869	0.484848484848485	1	0.505050505050505	1	0.919191919191919	0.96969696969697	1	0.97979797979798	0.888888888888889	0.888888888888889	1	0.94949494949495	1	1	1	1	1	0.656565656565657	0.98989898989899	0.727272727272727	1	0.232323232323232	0.767676767676768
320	40	0.8	1	1	1	1	1	0.858585858585859	0.474747474747475	1	0.484848484848485	1	0.919191919191919	0.96969696969697	1	0.98989898989899	0.898989898989899	0.858585858585859	1	0.939393939393939	1	1	1	1	1	0.646464646464647	1	0.666666666666667	1	0.313131313131313	0.686868686868687
20	80	0.8	1	1	1	1	1	0.84375	0.96875	0.890625	1	1	1	1	1	1	0.984375	0.984375	1	1	1	1	1	1	1	1	0.9375	1	0.9375	0.421875	0.578125
40	80	0.8	1	1	1	1	1	0.717391304347826	0.858695652173913	0.804347826086957	1	0.989130434782609	1	1	1	1	0.978260869565217	0.956521739130435	1	1	1	1	1	1	1	0.880434782608696	0.967391304347826	1	0.989130434782609	0.315217391304348	0.684782608695652
80	80	0.8	1	1	1	1	1	0.73	0.7	0.92	0.89	0.97	0.97	0.97	1	1	0.91	0.9	1	1	1	1	1	1	1	0.75	0.99	0.97	1	0.23	0.77
160	80	0.8	1	1	1	1	1	0.74	0.49	1	0.66	1	0.92	0.97	1	1	0.83	0.82	1	0.98	1	1	1	1	1	0.62	1	0.82	1	0.15	0.85
320	80	0.8	1	1	1	1	1	0.77	0.43	1	0.48	1	0.85	0.91	1	0.96	0.82	0.81	1	0.89	1	1	1	1	1	0.56	1	0.65	1	0.16	0.84
20	160	0.8	1	1	1	1	1	0.734375	1	0.765625	1	1	1	1	1	1	1	1	1	1	1	1	1	1	1	1	0.953125	1	0.953125	0.4375	0.5625
40	160	0.8	1	1	1	1	1	0.543478260869565	0.858695652173913	0.619565217391304	1	0.945652173913043	1	0.989130434782609	1	1	0.934782608695652	0.934782608695652	0.967391304347826	1	1	1	1	1	1	0.858695652173913	0.978260869565217	1	0.978260869565217	0.293478260869565	0.706521739130435
80	160	0.8	1	1	1	1	1	0.54	0.72	0.66	0.98	0.95	1	0.98	1	1	0.85	0.84	0.98	1	1	1	1	1	1	0.72	0.99	1	1	0.19	0.81
160	160	0.8	1	1	1	1	1	0.53	0.52	0.79	0.73	0.95	0.94	0.94	1	1	0.75	0.74	0.99	0.99	0.99	1	1	1	1	0.57	1	0.95	1	0.1	0.9
320	160	0.8	1	1	1	1	1	0.61	0.43	0.91	0.49	0.96	0.86	0.91	1	0.97	0.75	0.73	1	0.91	0.98	1	1	1	1	0.48	1	0.72	1	0.11	0.89
20	320	0.8	1	1	1	1	1	0.5625	1	0.5625	1	1	1	1	1	1	1	1	1	1	1	1	1	1	1	1	0.9375	1	0.953125	0.5	0.5
40	320	0.8	1	1	1	1	1	0.402173913043478	0.934782608695652	0.456521739130435	1	0.967391304347826	1	0.989130434782609	1	1	0.956521739130435	0.956521739130435	0.978260869565217	1	1	1	1	1	1	0.891304347826087	0.956521739130435	1	0.967391304347826	0.271739130434783	0.728260869565217
80	320	0.8	1	1	1	1	1	0.36	0.72	0.42	0.99	0.94	1	0.96	0.98	1	0.87	0.84	0.96	1	0.99	1	1	1	1	0.71	1	1	1	0.19	0.81
160	320	0.8	1	1	1	1	1	0.36	0.58	0.45	0.9	0.84	0.98	0.9	1	1	0.74	0.74	0.95	1	1	1	1	1	1	0.58	1	1	1	0.07	0.93
320	320	0.8	1	1	1	1	1	0.42	0.41	0.68	0.63	0.89	0.89	0.89	1	1	0.65	0.63	0.99	0.99	0.99	1	1	1	1	0.44	1	0.89	1	0.02	0.98
20	20	1	1	1	1	1	1	0.971830985915493	0.929577464788732	1	1	1	1	1	1	1	1	1	1	1	1	1	1	1	1	0.957746478873239	0.985915492957746	1	1	0.535211267605634	0.464788732394366
40	20	1	1	1	1	1	1	0.928571428571429	0.738095238095238	1	0.880952380952381	1	1	1	1	1	0.976190476190476	0.976190476190476	1	1	1	1	1	1	1	0.904761904761905	0.976190476190476	0.976190476190476	1	0.333333333333333	0.666666666666667
80	20	1	1	1	1	1	1	0.964705882352941	0.682352941176471	1	0.741176470588235	1	0.976470588235294	1	1	1	0.964705882352941	0.964705882352941	1	1	1	1	1	1	1	0.858823529411765	1	0.894117647058824	1	0.435294117647059	0.564705882352941
160	20	1	1	1	1	1	1	0.988235294117647	0.6	1	0.635294117647059	1	0.988235294117647	1	1	1	0.988235294117647	0.988235294117647	1	1	1	1	1	1	1	0.8	1	0.835294117647059	1	0.376470588235294	0.623529411764706
320	20	1	1	1	1	1	1	0.988235294117647	0.470588235294118	1	0.482352941176471	1	0.988235294117647	1	1	1	0.988235294117647	0.988235294117647	1	0.988235294117647	1	1	1	1	1	0.764705882352941	1	0.788235294117647	1	0.423529411764706	0.576470588235294
20	40	1	1	1	1	1	1	0.761904761904762	0.94047619047619	0.892857142857143	1	0.988095238095238	1	1	1	1	0.964285714285714	0.988095238095238	1	1	1	1	1	1	1	1	0.892857142857143	1	0.952380952380952	0.642857142857143	0.357142857142857
40	40	1	1	1	1	1	1	0.836734693877551	0.846938775510204	0.948979591836735	0.938775510204082	0.989795918367347	0.989795918367347	0.989795918367347	1	1	0.938775510204082	0.928571428571429	1	1	1	1	1	1	1	0.918367346938776	0.948979591836735	0.989795918367347	1	0.571428571428571	0.448979591836735
80	40	1	1	1	1	1	1	0.888888888888889	0.696969696969697	0.97979797979798	0.808080808080808	1	0.96969696969697	1	1	1	0.94949494949495	0.939393939393939	1	1	1	1	1	1	1	0.909090909090909	0.929292929292929	0.97979797979798	1	0.565656565656566	0.434343434343434
160	40	1	1	1	1	1	1	0.878787878787879	0.525252525252525	1	0.585858585858586	1	0.94949494949495	0.98989898989899	1	1	0.888888888888889	0.919191919191919	1	0.98989898989899	1	1	1	1	1	0.858585858585859	0.898989898989899	0.878787878787879	1	0.515151515151515	0.484848484848485
320	40	1	1	1	1	1	1	0.909090909090909	0.474747474747475	1	0.505050505050505	1	0.94949494949495	0.97979797979798	1	1	0.929292929292929	0.929292929292929	1	0.95959595959596	1	1	1	1	1	0.838383838383838	0.94949494949495	0.848484848484849	1	0.585858585858586	0.414141414141414
20	80	1	1	1	1	1	1	0.682352941176471	0.988235294117647	0.741176470588235	1	1	1	1	1	1	0.988235294117647	1	1	1	1	1	1	1	1	1	0.835294117647059	1	0.929411764705882	0.552941176470588	0.447058823529412
40	80	1	1	1	1	1	1	0.696969696969697	0.878787878787879	0.818181818181818	0.98989898989899	0.95959595959596	1	0.97979797979798	1	1	0.919191919191919	0.919191919191919	1	1	1	1	1	1	1	0.939393939393939	0.909090909090909	1	0.96969696969697	0.484848484848485	0.515151515151515
80	80	1	1	1	1	1	1	0.83	0.86	0.95	0.94	1	1	1	1	1	0.95	0.95	1	1	1	1	1	1	1	0.91	0.96	1	1	0.57	0.45
160	80	1	1	1	1	1	1	0.91	0.76	0.99	0.85	1	0.99	1	1	1	0.95	0.96	1	1	1	1	1	1	1	0.9	0.93	0.98	1	0.48	0.52
320	80	1	1	1	1	1	1	0.93	0.66	1	0.71	1	0.96	0.97	1	1	0.93	0.94	1	0.97	1	1	1	1	1	0.9	0.97	0.91	1	0.51	0.49
20	160	1	1	1	1	1	1	0.611764705882353	0.976470588235294	0.647058823529412	1	0.976470588235294	1	1	1	1	0.964705882352941	0.976470588235294	0.988235294117647	1	1	1	1	1	1	0.988235294117647	0.8	1	0.823529411764706	0.576470588235294	0.423529411764706
40	160	1	1	1	1	1	1	0.555555555555556	0.929292929292929	0.595959595959596	1	0.939393939393939	1	0.97979797979798	1	1	0.929292929292929	0.929292929292929	0.97979797979798	1	1	1	1	1	1	0.919191919191919	0.878787878787879	1	0.909090909090909	0.454545454545455	0.545454545454545
80	160	1	1	1	1	1	1	0.82	0.93	0.88	0.99	0.99	1	1	1	1	0.98	0.98	1	1	1	1	1	1	1	0.97	0.92	1	0.99	0.53	0.47
160	160	1	1	1	1	1	1	0.82	0.82	0.93	0.92	0.99	0.99	0.99	1	1	0.93	0.92	1	1	1	1	1	1	1	0.91	0.93	1	0.99	0.49	0.51
320	160	1	1	1	1	1	1	0.89	0.78	0.99	0.82	1	0.98	0.98	1	1	0.95	0.95	1	0.99	1	1	1	1	1	0.89	0.94	0.97	1	0.53	0.47
20	320	1	1	1	1	1	1	0.352941176470588	1	0.364705882352941	1	1	1	1	1	1	0.988235294117647	1	1	1	1	1	1	1	1	1	0.776470588235294	1	0.788235294117647	0.588235294117647	0.411764705882353
40	320	1	1	1	1	1	1	0.464646464646465	0.888888888888889	0.484848484848485	1	0.919191919191919	1	0.98989898989899	0.98989898989899	1	0.898989898989899	0.898989898989899	0.95959595959596	1	1	1	1	1	1	0.909090909090909	0.848484848484849	1	0.888888888888889	0.444444444444444	0.555555555555556
80	320	1	1	1	1	1	1	0.61	0.88	0.64	1	0.95	1	0.99	1	1	0.91	0.9	0.99	1	1	1	1	1	1	0.94	0.88	1	0.92	0.52	0.48
160	320	1	1	1	1	1	1	0.81	0.89	0.87	0.99	0.99	0.99	0.99	1	1	0.95	0.96	0.99	1	1	1	1	1	1	0.96	0.92	1	0.96	0.53	0.47
320	320	1	1	1	1	1	1	0.83	0.85	0.95	0.97	0.99	0.98	0.99	1	1	0.95	0.96	1	1	1	1	1	1	1	0.95	0.9	1	0.99	0.49	0.52
