n1	n2	d1	d2	sig1	sig2	sdir	sigm	d1.c2	d2.c1	c1.c2	d1.p2	d2.p1	p1.p2	d2.scp1	big2
20	20	0	0	1	1	1	1	1	1	1	1	1	1	1	1
40	20	0	0	1	1	1	1	1	1	1	1	1	1	1	1
80	20	0	0	1	1	1	1	1	0	1	1	1	1	1	1
160	20	0	0	0	0	0	0	0	0	0	0	0	0	0	0
320	20	0	0	1	1	1	1	1	0	1	1	1	1	1	1
20	40	0	0	0	0	0	0	0	0	0	0	0	0	0	0
40	40	0	0	0	0	0	0	0	0	0	0	0	0	0	0
80	40	0	0	1	1	1	1	1	1	1	1	1	1	1	1
160	40	0	0	0	0	0	0	0	0	0	0	0	0	0	0
320	40	0	0	1	1	1	1	0.5	0	1	1	1	1	1	1
20	80	0	0	1	1	1	1	0.75	1	1	1	1	1	1	0
40	80	0	0	1	1	1	1	1	1	1	1	1	1	1	0.5
80	80	0	0	0	0	0	0	0	0	0	0	0	0	0	0
160	80	0	0	1	1	1	1	1	1	1	1	1	1	1	1
320	80	0	0	1	1	1	1	1	0	1	1	1	1	1	1
20	160	0	0	0	0	0	0	0	0	0	0	0	0	0	0
40	160	0	0	1	1	1	1	0.5	1	1	1	1	1	1	0
80	160	0	0	0	0	0	0	0	0	0	0	0	0	0	0
160	160	0	0	1	1	1	1	1	1	1	1	1	1	1	1
320	160	0	0	0	0	0	0	0	0	0	0	0	0	0	0
20	320	0	0	1	1	1	1	0	1	1	1	1	1	0	0
40	320	0	0	1	1	1	1	0	1	1	1	1	1	0	0
80	320	0	0	1	1	1	1	0	1	1	1	1	1	1	0
160	320	0	0	0	0	0	0	0	0	0	0	0	0	0	0
320	320	0	0	1	1	1	1	1	1	1	1	1	1	1	0.666666666666667
20	20	0.2	0	1	1	1	1	1	1	1	1	1	1	1	0.5
40	20	0.2	0	1	1	1	1	1	1	1	1	1	1	1	1
80	20	0.2	0	1	1	1	1	1	0.25	1	1	1	1	1	1
160	20	0.2	0	1	1	1	1	0.705882352941177	0	1	0.764705882352941	0.705882352941177	1	1	1
320	20	0.2	0	1	1	1	1	0.9375	0	0.9375	0.9375	0.9375	1	1	1
20	40	0.2	0	1	1	1	1	0.75	1	1	1	1	1	1	0
40	40	0.2	0	1	1	1	1	1	1	1	1	1	1	1	0.4
80	40	0.2	0	1	1	1	1	1	1	1	1	1	1	1	0.6
160	40	0.2	0	1	1	1	1	1	0.444444444444444	1	1	1	1	1	0.888888888888889
320	40	0.2	0	1	1	1	1	0.954545454545455	0.0909090909090909	0.954545454545455	0.954545454545455	0.954545454545455	1	1	1
20	80	0.2	0	1	1	1	1	0.5	1	1	1	1	1	1	0
40	80	0.2	0	1	1	1	1	1	1	1	1	1	1	1	0
80	80	0.2	0	1	1	1	1	1	1	1	1	1	1	1	0.5
160	80	0.2	0	1	1	1	1	1	0.846153846153846	1	1	1	1	1	0.769230769230769
320	80	0.2	0	1	1	1	1	0.9375	0.5	1	1	0.9375	1	1	1
20	160	0.2	0	1	1	1	1	0	1	1	1	1	1	0	0
40	160	0.2	0	1	1	1	1	0	0.5	1	1	1	1	1	0
80	160	0.2	0	1	1	1	1	0.8	1	1	1	1	1	1	0
160	160	0.2	0	1	1	1	1	1	1	1	1	1	1	1	0.285714285714286
320	160	0.2	0	1	1	1	1	1	1	1	1	1	1	1	0.647058823529412
20	320	0.2	0	1	1	1	1	0	0.75	0.75	0.75	0.75	1	0	0
40	320	0.2	0	1	1	1	1	0	1	1	1	1	1	0.25	0
80	320	0.2	0	1	1	1	1	0.25	1	1	1	1	1	1	0
160	320	0.2	0	1	1	1	1	0.8	0.9	1	0.9	0.9	1	1	0
320	320	0.2	0	1	1	1	1	0.952380952380952	0.952380952380952	1	1	1	1	1	0.238095238095238
20	20	0.5	0	1	1	1	1	1	1	1	1	1	1	1	0.4
40	20	0.5	0	1	1	1	1	1	1	1	1	1	1	1	0.764705882352941
80	20	0.5	0	1	1	1	1	1	0.789473684210526	1	1	1	1	1	0.947368421052632
160	20	0.5	0	1	1	1	1	0.956521739130435	0.304347826086957	1	0.956521739130435	0.956521739130435	1	1	1
320	20	0.5	0	1	1	1	1	1	0.173913043478261	1	1	1	1	1	0.91304347826087
20	40	0.5	0	1	1	1	1	0.875	1	1	1	1	1	1	0
40	40	0.5	0	1	1	1	1	1	1	1	1	1	1	1	0.2
80	40	0.5	0	1	1	1	1	0.956521739130435	0.91304347826087	1	0.956521739130435	0.956521739130435	1	1	0.347826086956522
160	40	0.5	0	1	1	1	1	1	0.84	1	1	1	1	1	0.44
320	40	0.5	0	1	1	1	1	1	0.884615384615385	1	1	1	1	1	0.5
20	80	0.5	0	1	1	1	1	0.285714285714286	0.857142857142857	1	1	1	1	1	0
40	80	0.5	0	1	1	1	1	0.692307692307692	0.769230769230769	0.923076923076923	0.769230769230769	0.769230769230769	1	1	0
80	80	0.5	0	1	1	1	1	0.9	0.9	1	0.9	0.9	1	1	0.1
160	80	0.5	0	1	1	1	1	1	0.85	1	1	1	1	1	0.2
320	80	0.5	0	1	1	1	1	1	0.55	1	1	1	1	1	0.2
20	160	0.5	0	1	1	1	1	0	0.5	0.75	0.5	0.5	1	0.0833333333333333	0
40	160	0.5	0	1	1	1	1	0.0666666666666667	0.8	1	0.8	0.8	1	1	0
80	160	0.5	0	1	1	1	1	0.523809523809524	0.714285714285714	1	0.80952380952381	0.80952380952381	1	1	0.0476190476190476
160	160	0.5	0	1	1	1	1	0.423076923076923	0.423076923076923	1	0.692307692307692	0.692307692307692	1	1	0
320	160	0.5	0	1	1	1	1	0.384615384615385	0.192307692307692	1	0.692307692307692	0.730769230769231	1	1	0
20	320	0.5	0	1	1	1	1	0	0.444444444444444	0.555555555555556	0.444444444444444	0.444444444444444	1	0	0
40	320	0.5	0	1	1	1	1	0	0.473684210526316	0.894736842105263	0.526315789473684	0.631578947368421	0.947368421052632	0.210526315789474	0
80	320	0.5	0	1	1	1	1	0.0434782608695652	0.434782608695652	0.652173913043478	0.478260869565217	0.478260869565217	1	1	0
160	320	0.5	0	1	1	1	1	0.04	0.2	0.8	0.28	0.32	1	1	0
320	320	0.5	0	1	1	1	1	0.04	0.04	0.44	0.16	0.16	0.84	1	0
20	20	0.8	0	1	1	1	1	0.846153846153846	0.923076923076923	1	1	1	1	1	0.307692307692308
40	20	0.8	0	1	1	1	1	1	0.954545454545455	1	1	1	1	1	0.5
80	20	0.8	0	1	1	1	1	1	0.869565217391304	1	1	1	1	1	0.478260869565217
160	20	0.8	0	1	1	1	1	1	0.91304347826087	1	1	1	1	1	0.347826086956522
320	20	0.8	0	1	1	1	1	1	0.739130434782609	1	1	1	1	1	0.434782608695652
20	40	0.8	0	1	1	1	1	0.428571428571429	0.785714285714286	0.928571428571429	0.785714285714286	0.857142857142857	1	1	0.0714285714285714
40	40	0.8	0	1	1	1	1	0.769230769230769	0.807692307692308	1	1	1	1	1	0.0769230769230769
80	40	0.8	0	1	1	1	1	0.846153846153846	0.769230769230769	1	0.961538461538462	1	1	1	0.0769230769230769
160	40	0.8	0	1	1	1	1	0.846153846153846	0.423076923076923	1	0.961538461538462	1	1	1	0.0384615384615385
320	40	0.8	0	1	1	1	1	1	0.153846153846154	1	1	1	1	1	0.0384615384615385
20	80	0.8	0	1	1	1	1	0.111111111111111	0.777777777777778	1	0.777777777777778	0.888888888888889	1	1	0
40	80	0.8	0	1	1	1	1	0.473684210526316	0.684210526315789	1	0.842105263157895	0.842105263157895	1	1	0.0526315789473684
80	80	0.8	0	1	1	1	1	0.4	0.4	0.9	0.6	0.65	1	1	0.05
160	80	0.8	0	1	1	1	1	0.2	0.05	0.95	0.4	0.4	1	1	0
320	80	0.8	0	1	1	1	1	0.1	0.05	0.8	0.25	0.3	1	1	0
20	160	0.8	0	1	1	1	1	0	0.363636363636364	0.636363636363636	0.363636363636364	0.409090909090909	1	0.136363636363636	0
40	160	0.8	0	1	1	1	1	0.0384615384615385	0.269230769230769	0.653846153846154	0.307692307692308	0.384615384615385	1	1	0
80	160	0.8	0	1	1	1	1	0.0384615384615385	0.153846153846154	0.5	0.192307692307692	0.192307692307692	0.884615384615385	1	0
160	160	0.8	0	1	1	1	1	0	0	0.346153846153846	0	0	0.807692307692308	1	0
320	160	0.8	0	1	1	1	1	0	0	0	0	0	0.653846153846154	1	0
20	320	0.8	0	1	1	1	1	0	0.1875	0.625	0.0625	0.1875	1	0	0
40	320	0.8	0	1	1	1	1	0	0.04	0.36	0.08	0.16	0.92	0.16	0
80	320	0.8	0	1	1	1	1	0	0	0.12	0	0	0.6	1	0
160	320	0.8	0	1	1	1	1	0	0	0	0	0	0.24	1	0
320	320	0.8	0	1	1	1	1	0	0	0	0	0	0.04	1	0
20	20	1	0	1	1	1	1	0.875	0.875	1	0.875	0.9375	1	1	0.375
40	20	1	0	1	1	1	1	0.91304347826087	0.826086956521739	1	1	1	1	1	0.260869565217391
80	20	1	0	1	1	1	1	0.956521739130435	0.608695652173913	1	1	1	1	1	0.0869565217391304
160	20	1	0	1	1	1	1	1	0.434782608695652	1	1	1	1	1	0.173913043478261
320	20	1	0	1	1	1	1	1	0.260869565217391	1	1	1	1	1	0
20	40	1	0	1	1	1	1	0.291666666666667	0.5	0.916666666666667	0.75	0.75	0.958333333333333	1	0
40	40	1	0	1	1	1	1	0.44	0.44	0.92	0.68	0.8	1	1	0
80	40	1	0	1	1	1	1	0.5	0.230769230769231	0.923076923076923	0.692307692307692	0.730769230769231	1	1	0
160	40	1	0	1	1	1	1	0.346153846153846	0	0.961538461538462	0.730769230769231	0.730769230769231	1	1	0
320	40	1	0	1	1	1	1	0.423076923076923	0	0.923076923076923	0.538461538461538	0.576923076923077	1	1	0
20	80	1	0	1	1	1	1	0.166666666666667	0.611111111111111	0.888888888888889	0.611111111111111	0.611111111111111	1	1	0
40	80	1	0	1	1	1	1	0.166666666666667	0.388888888888889	0.777777777777778	0.5	0.5	0.944444444444444	1	0
80	80	1	0	1	1	1	1	0.15	0.15	0.85	0.3	0.45	1	1	0
160	80	1	0	1	1	1	1	0	0	0.4	0.05	0.1	0.95	1	0
320	80	1	0	1	1	1	1	0	0	0.1	0	0	0.85	1	0
20	160	1	0	1	1	1	1	0	0.32	0.64	0.32	0.4	0.92	0.08	0
40	160	1	0	1	1	1	1	0	0.0769230769230769	0.346153846153846	0.115384615384615	0.115384615384615	0.846153846153846	1	0
80	160	1	0	1	1	1	1	0	0	0.115384615384615	0	0	0.576923076923077	1	0
160	160	1	0	1	1	1	1	0	0	0	0	0	0.153846153846154	1	0
320	160	1	0	1	1	1	1	0	0	0	0	0	0.0384615384615385	1	0
20	320	1	0	1	1	1	1	0	0.25	0.458333333333333	0.25	0.291666666666667	1	0	0
40	320	1	0	1	1	1	1	0	0.04	0.32	0.08	0.12	0.88	0.16	0
80	320	1	0	1	1	1	1	0	0	0	0	0	0.2	1	0
160	320	1	0	1	1	1	1	0	0	0	0	0	0.04	1	0
320	320	1	0	1	1	1	1	0	0	0	0	0	0	1	0
20	20	0	0.2	1	1	1	1	1	1	1	1	1	1	1	1
40	20	0	0.2	0	0	0	0	0	0	0	0	0	0	0	0
80	20	0	0.2	1	1	1	1	1	0	1	1	1	1	1	1
160	20	0	0.2	1	1	1	1	1	0	1	1	1	1	1	1
320	20	0	0.2	1	1	1	1	1	0	1	1	1	1	1	1
20	40	0	0.2	1	1	1	1	1	1	1	1	1	1	1	0
40	40	0	0.2	1	1	1	1	1	1	1	1	1	1	1	1
80	40	0	0.2	1	1	1	1	1	1	1	1	1	1	1	1
160	40	0	0.2	1	1	1	1	1	0.5	1	1	1	1	1	1
320	40	0	0.2	1	1	1	1	1	0	1	1	1	1	1	1
20	80	0	0.2	1	1	1	1	0.5	1	1	1	1	1	1	0
40	80	0	0.2	1	1	1	1	1	1	1	1	1	1	1	0.285714285714286
80	80	0	0.2	1	1	1	1	1	1	1	1	1	1	1	0.25
160	80	0	0.2	1	1	1	1	1	1	1	1	1	1	1	0.833333333333333
320	80	0	0.2	1	1	1	1	1	0.2	1	1	1	1	1	1
20	160	0	0.2	1	1	1	1	0	0.8	1	0.8	0.9	1	0.3	0
40	160	0	0.2	1	1	1	1	0.615384615384615	1	1	1	1	1	1	0
80	160	0	0.2	1	1	1	1	1	1	1	1	1	1	1	0.125
160	160	0	0.2	1	1	1	1	1	1	1	1	1	1	1	0.533333333333333
320	160	0	0.2	1	1	1	1	0.888888888888889	0.555555555555556	1	1	1	1	1	1
20	320	0	0.2	1	1	1	1	0	0.75	1	0.75	0.75	1	0	0
40	320	0	0.2	1	1	1	1	0	1	1	1	1	1	0.666666666666667	0
80	320	0	0.2	1	1	1	1	0.466666666666667	0.933333333333333	1	1	1	1	1	0
160	320	0	0.2	1	1	1	1	1	1	1	1	1	1	1	0.3125
320	320	0	0.2	1	1	1	1	0.8125	0.8125	1	1	1	1	1	0.875
20	20	0.2	0.2	1	1	1	1	1	1	1	1	1	1	1	0.375
40	20	0.2	0.2	1	1	1	1	1	1	1	1	1	1	1	1
80	20	0.2	0.2	1	1	1	1	0.923076923076923	0.384615384615385	1	1	1	1	1	1
160	20	0.2	0.2	1	1	1	1	0.902439024390244	0.024390243902439	1	0.926829268292683	0.902439024390244	1	1	1
320	20	0.2	0.2	1	1	1	1	0.857142857142857	0	0.968253968253968	0.904761904761905	0.841269841269841	1	1	1
20	40	0.2	0.2	1	1	1	1	0.9	1	1	1	1	1	1	0.3
40	40	0.2	0.2	1	1	1	1	1	1	1	1	1	1	1	0.625
80	40	0.2	0.2	1	1	1	1	0.964285714285714	0.857142857142857	1	1	1	1	1	0.928571428571429
160	40	0.2	0.2	1	1	1	1	0.934782608695652	0.41304347826087	1	1	0.934782608695652	1	1	0.978260869565217
320	40	0.2	0.2	1	1	1	1	0.869047619047619	0.0595238095238095	0.988095238095238	0.904761904761905	0.892857142857143	1	1	1
20	80	0.2	0.2	1	1	1	1	0.222222222222222	0.962962962962963	1	0.962962962962963	0.962962962962963	1	1	0
40	80	0.2	0.2	1	1	1	1	0.9375	1	1	1	1	1	1	0.0625
80	80	0.2	0.2	1	1	1	1	1	1	1	1	1	1	1	0.484848484848485
160	80	0.2	0.2	1	1	1	1	0.981981981981982	0.873873873873874	1	1	1	1	1	0.864864864864865
320	80	0.2	0.2	1	1	1	1	0.938888888888889	0.45	0.994444444444444	0.955555555555556	0.955555555555556	1	1	0.977777777777778
20	160	0.2	0.2	1	1	1	1	0	0.897435897435897	1	0.897435897435897	0.974358974358974	1	0.384615384615385	0
40	160	0.2	0.2	1	1	1	1	0.310344827586207	0.96551724137931	1	0.982758620689655	0.982758620689655	1	1	0
80	160	0.2	0.2	1	1	1	1	0.87603305785124	0.966942148760331	1	0.991735537190083	0.991735537190083	1	1	0.140495867768595
160	160	0.2	0.2	1	1	1	1	0.983516483516483	0.983516483516483	1	0.994505494505495	0.994505494505495	1	1	0.461538461538462
320	160	0.2	0.2	1	1	1	1	0.972477064220184	0.871559633027523	1	0.987767584097859	0.987767584097859	1	1	0.776758409785933
20	320	0.2	0.2	1	1	1	1	0	0.775510204081633	0.959183673469388	0.73469387755102	0.795918367346939	1	0.0204081632653061	0
40	320	0.2	0.2	1	1	1	1	0.0253164556962025	0.822784810126582	0.987341772151899	0.835443037974684	0.873417721518987	1	0.493670886075949	0
80	320	0.2	0.2	1	1	1	1	0.440677966101695	0.949152542372881	1	0.971751412429379	0.971751412429379	1	1	0.0169491525423729
160	320	0.2	0.2	1	1	1	1	0.87741935483871	0.964516129032258	1	0.987096774193548	0.993548387096774	1	1	0.203225806451613
320	320	0.2	0.2	1	1	1	1	0.933333333333333	0.933333333333333	1	0.989583333333333	0.989583333333333	1	1	0.477083333333333
20	20	0.5	0.2	1	1	1	1	1	1	1	1	1	1	1	0.368421052631579
40	20	0.5	0.2	1	1	1	1	1	1	1	1	1	1	1	0.709677419354839
80	20	0.5	0.2	1	1	1	1	0.9875	0.7	1	1	0.9875	1	1	0.9125
160	20	0.5	0.2	1	1	1	1	0.989247311827957	0.365591397849462	1	0.989247311827957	0.989247311827957	1	1	0.978494623655914
320	20	0.5	0.2	1	1	1	1	0.989247311827957	0.139784946236559	1	1	0.989247311827957	1	1	1
20	40	0.5	0.2	1	1	1	1	0.769230769230769	0.897435897435897	0.974358974358974	0.923076923076923	0.923076923076923	1	1	0.0512820512820513
40	40	0.5	0.2	1	1	1	1	0.971014492753623	0.971014492753623	1	1	1	1	1	0.36231884057971
80	40	0.5	0.2	1	1	1	1	1	0.964601769911504	1	1	1	1	1	0.592920353982301
160	40	0.5	0.2	1	1	1	1	0.991935483870968	0.782258064516129	1	0.991935483870968	0.991935483870968	1	1	0.701612903225806
320	40	0.5	0.2	1	1	1	1	1	0.752	1	1	1	1	1	0.736
20	80	0.5	0.2	1	1	1	1	0.25	0.858695652173913	1	0.880434782608696	0.902173913043478	1	1	0
40	80	0.5	0.2	1	1	1	1	0.671140939597315	0.859060402684564	0.986577181208054	0.926174496644295	0.932885906040268	1	1	0.0469798657718121
80	80	0.5	0.2	1	1	1	1	0.871681415929204	0.871681415929204	1	0.955752212389381	0.960176991150443	1	1	0.18141592920354
160	80	0.5	0.2	1	1	1	1	0.963855421686747	0.875502008032129	1	0.995983935742972	0.995983935742972	1	1	0.200803212851406
320	80	0.5	0.2	1	1	1	1	0.987951807228916	0.730923694779116	1	0.991967871485944	0.991967871485944	1	1	0.196787148594378
20	160	0.5	0.2	1	1	1	1	0.0229885057471264	0.695402298850575	0.942528735632184	0.701149425287356	0.775862068965517	1	0.385057471264368	0
40	160	0.5	0.2	1	1	1	1	0.220216606498195	0.725631768953069	0.971119133574007	0.794223826714801	0.823104693140794	1	1	0
80	160	0.5	0.2	1	1	1	1	0.488943488943489	0.717444717444717	0.963144963144963	0.852579852579853	0.85995085995086	0.997542997542998	1	0.0368550368550369
160	160	0.5	0.2	1	1	1	1	0.573660714285714	0.587053571428571	0.988839285714286	0.819196428571429	0.830357142857143	1	1	0.0625
320	160	0.5	0.2	1	1	1	1	0.587973273942094	0.329621380846325	0.962138084632517	0.77728285077951	0.78173719376392	1	1	0.0400890868596882
20	320	0.5	0.2	1	1	1	1	0	0.618677042801556	0.840466926070039	0.607003891050584	0.64591439688716	0.996108949416342	0.0194552529182879	0
40	320	0.5	0.2	1	1	1	1	0.0184757505773672	0.621247113163972	0.882217090069284	0.658198614318707	0.678983833718245	0.993071593533487	0.625866050808314	0
80	320	0.5	0.2	1	1	1	1	0.151219512195122	0.538211382113821	0.876422764227642	0.626016260162602	0.642276422764228	0.990243902439024	1	0.00813008130081301
160	320	0.5	0.2	1	1	1	1	0.209235209235209	0.375180375180375	0.821067821067821	0.510822510822511	0.522366522366522	0.991341991341991	1	0.0144300144300144
320	320	0.5	0.2	1	1	1	1	0.139167862266858	0.144906743185079	0.66857962697274	0.341463414634146	0.351506456241033	0.971305595408895	1	0.00143472022955524
20	20	0.8	0.2	1	1	1	1	0.865671641791045	0.940298507462687	1	0.985074626865672	1	1	1	0.223880597014925
40	20	0.8	0.2	1	1	1	1	1	0.977011494252874	1	1	1	1	1	0.448275862068966
80	20	0.8	0.2	1	1	1	1	1	0.935483870967742	1	1	1	1	1	0.483870967741935
160	20	0.8	0.2	1	1	1	1	1	0.78494623655914	1	1	1	1	1	0.419354838709677
320	20	0.8	0.2	1	1	1	1	1	0.763440860215054	1	1	1	1	1	0.473118279569892
20	40	0.8	0.2	1	1	1	1	0.642857142857143	0.916666666666667	0.988095238095238	0.94047619047619	0.964285714285714	1	1	0.0238095238095238
40	40	0.8	0.2	1	1	1	1	0.868852459016393	0.89344262295082	0.991803278688525	0.983606557377049	0.983606557377049	1	1	0.163934426229508
80	40	0.8	0.2	1	1	1	1	0.872	0.728	1	0.96	0.968	1	1	0.056
160	40	0.8	0.2	1	1	1	1	0.944	0.432	1	0.984	0.992	1	1	0.064
320	40	0.8	0.2	1	1	1	1	0.976	0.296	1	0.984	0.992	1	1	0.024
20	80	0.8	0.2	1	1	1	1	0.131868131868132	0.615384615384615	0.89010989010989	0.648351648351648	0.741758241758242	1	1	0
40	80	0.8	0.2	1	1	1	1	0.378151260504202	0.600840336134454	0.945378151260504	0.739495798319328	0.764705882352941	1	1	0.0252100840336134
80	80	0.8	0.2	1	1	1	1	0.285140562248996	0.301204819277108	0.951807228915663	0.55421686746988	0.602409638554217	1	1	0.0240963855421687
160	80	0.8	0.2	1	1	1	1	0.273092369477912	0.0923694779116466	0.879518072289157	0.421686746987952	0.449799196787149	1	1	0
320	80	0.8	0.2	1	1	1	1	0.248995983935743	0.0240963855421687	0.751004016064257	0.34136546184739	0.377510040160643	1	1	0
20	160	0.8	0.2	1	1	1	1	0.00321543408360129	0.533762057877814	0.807073954983923	0.530546623794212	0.578778135048232	0.996784565916399	0.408360128617363	0
40	160	0.8	0.2	1	1	1	1	0.0734597156398104	0.398104265402844	0.78436018957346	0.464454976303318	0.492890995260663	0.983412322274882	1	0.004739336492891
80	160	0.8	0.2	1	1	1	1	0.0647321428571429	0.154017857142857	0.604910714285714	0.252232142857143	0.258928571428571	0.946428571428571	1	0
160	160	0.8	0.2	1	1	1	1	0.022271714922049	0.022271714922049	0.33184855233853	0.0712694877505568	0.0734966592427617	0.88195991091314	1	0
320	160	0.8	0.2	1	1	1	1	0.0089086859688196	0.0044543429844098	0.10913140311804	0.0200445434298441	0.022271714922049	0.679287305122494	1	0
20	320	0.8	0.2	1	1	1	1	0	0.423404255319149	0.702127659574468	0.402127659574468	0.451063829787234	0.976595744680851	0.0212765957446809	0
40	320	0.8	0.2	1	1	1	1	0.00753012048192771	0.280120481927711	0.572289156626506	0.314759036144578	0.343373493975904	0.942771084337349	0.617469879518072	0
80	320	0.8	0.2	1	1	1	1	0.00574712643678161	0.0732758620689655	0.281609195402299	0.102011494252874	0.107758620689655	0.82183908045977	1	0
160	320	0.8	0.2	1	1	1	1	0	0.00286944045911047	0.078909612625538	0.0100430416068867	0.0129124820659971	0.443328550932568	1	0
320	320	0.8	0.2	1	1	1	1	0	0	0.00286944045911047	0	0	0.124820659971306	1	0
20	20	1	0.2	1	1	1	1	0.839506172839506	0.851851851851852	0.975308641975309	0.901234567901235	0.925925925925926	1	1	0.197530864197531
40	20	1	0.2	1	1	1	1	0.881720430107527	0.827956989247312	1	0.924731182795699	0.935483870967742	1	1	0.161290322580645
80	20	1	0.2	1	1	1	1	0.978494623655914	0.666666666666667	1	1	1	1	1	0.0967741935483871
160	20	1	0.2	1	1	1	1	1	0.494623655913978	1	1	1	1	1	0.0752688172043011
320	20	1	0.2	1	1	1	1	1	0.258064516129032	1	1	1	1	1	0.0645161290322581
20	40	1	0.2	1	1	1	1	0.462264150943396	0.764150943396226	0.962264150943396	0.839622641509434	0.877358490566038	1	1	0.00943396226415094
40	40	1	0.2	1	1	1	1	0.528455284552846	0.569105691056911	0.983739837398374	0.699186991869919	0.75609756097561	1	1	0.032520325203252
80	40	1	0.2	1	1	1	1	0.568	0.296	0.976	0.768	0.8	1	1	0.008
160	40	1	0.2	1	1	1	1	0.56	0.104	0.968	0.712	0.744	1	1	0
320	40	1	0.2	1	1	1	1	0.552	0.008	0.944	0.648	0.712	1	1	0
20	80	1	0.2	1	1	1	1	0.0904761904761905	0.523809523809524	0.885714285714286	0.542857142857143	0.628571428571429	0.985714285714286	1	0
40	80	1	0.2	1	1	1	1	0.121951219512195	0.25609756097561	0.776422764227642	0.378048780487805	0.422764227642276	0.975609756097561	1	0.0040650406504065
80	80	1	0.2	1	1	1	1	0.0763052208835341	0.0803212851405622	0.606425702811245	0.200803212851406	0.232931726907631	0.971887550200803	1	0
160	80	1	0.2	1	1	1	1	0.0200803212851406	0.00803212851405622	0.309236947791165	0.0602409638554217	0.0682730923694779	0.923694779116466	1	0
320	80	1	0.2	1	1	1	1	0.0120481927710843	0	0.156626506024096	0.0321285140562249	0.0481927710843374	0.827309236947791	1	0
20	160	1	0.2	1	1	1	1	0.0027027027027027	0.316216216216216	0.648648648648649	0.318918918918919	0.367567567567568	0.959459459459459	0.362162162162162	0
40	160	1	0.2	1	1	1	1	0.0157657657657658	0.126126126126126	0.472972972972973	0.173423423423423	0.20045045045045	0.894144144144144	1	0.00225225225225225
80	160	1	0.2	1	1	1	1	0.0022271714922049	0.0178173719376392	0.180400890868597	0.0356347438752784	0.0378619153674833	0.657015590200445	1	0
160	160	1	0.2	1	1	1	1	0	0	0.0489977728285078	0.0044543429844098	0.0066815144766147	0.296213808463252	1	0
320	160	1	0.2	1	1	1	1	0	0	0.0022271714922049	0.0022271714922049	0.0022271714922049	0.0913140311804009	1	0
20	320	1	0.2	1	1	1	1	0	0.270903010033445	0.489966555183946	0.260869565217391	0.292642140468227	0.923076923076923	0.0234113712374582	0
40	320	1	0.2	1	1	1	1	0	0.0858806404657933	0.240174672489083	0.098981077147016	0.104803493449782	0.800582241630277	0.614264919941776	0
80	320	1	0.2	1	1	1	1	0	0.00860832137733142	0.0602582496413199	0.0143472022955524	0.0172166427546628	0.39167862266858	1	0
160	320	1	0.2	1	1	1	1	0	0	0.00143472022955524	0	0	0.0703012912482066	1	0
320	320	1	0.2	1	1	1	1	0	0	0	0	0	0.00143472022955524	1	0
20	20	0	0.5	1	1	1	1	1	1	1	1	1	1	1	0.727272727272727
40	20	0	0.5	1	1	1	1	1	0.6	1	1	1	1	1	1
80	20	0	0.5	1	1	1	1	0.857142857142857	0.285714285714286	1	0.857142857142857	0.857142857142857	1	1	1
160	20	0	0.5	1	1	1	1	0.777777777777778	0	0.888888888888889	0.777777777777778	0.777777777777778	1	1	1
320	20	0	0.5	1	1	1	1	0.666666666666667	0	0.866666666666667	0.666666666666667	0.666666666666667	1	1	1
20	40	0	0.5	1	1	1	1	0.928571428571429	1	1	1	1	1	1	0.0714285714285714
40	40	0	0.5	1	1	1	1	0.941176470588235	0.941176470588235	1	1	0.941176470588235	1	1	0.705882352941177
80	40	0	0.5	1	1	1	1	1	0.846153846153846	1	1	1	1	1	0.923076923076923
160	40	0	0.5	1	1	1	1	0.647058823529412	0.117647058823529	0.941176470588235	0.764705882352941	0.764705882352941	1	1	1
320	40	0	0.5	1	1	1	1	0.571428571428571	0	0.785714285714286	0.642857142857143	0.571428571428571	1	1	1
20	80	0	0.5	1	1	1	1	0.666666666666667	1	1	1	1	1	1	0
40	80	0	0.5	1	1	1	1	0.92	0.96	1	1	1	1	1	0.48
80	80	0	0.5	1	1	1	1	0.888888888888889	0.888888888888889	1	1	1	1	1	0.722222222222222
160	80	0	0.5	1	1	1	1	0.826086956521739	0.478260869565217	0.956521739130435	0.91304347826087	0.91304347826087	1	1	1
320	80	0	0.5	1	1	1	1	0.3	0.05	0.7	0.4	0.4	0.95	1	1
20	160	0	0.5	1	1	1	1	0.272727272727273	1	1	1	1	1	0.954545454545455	0.0454545454545455
40	160	0	0.5	1	1	1	1	0.923076923076923	1	1	1	1	1	1	0.538461538461538
80	160	0	0.5	1	1	1	1	0.7	0.9	1	1	1	1	1	0.9
160	160	0	0.5	1	1	1	1	0.615384615384615	0.615384615384615	0.961538461538462	0.730769230769231	0.730769230769231	1	1	0.961538461538462
320	160	0	0.5	1	1	1	1	0.2	0	0.64	0.28	0.28	0.96	1	1
20	320	0	0.5	1	1	1	1	0.173913043478261	1	1	1	1	1	0.869565217391304	0
40	320	0	0.5	1	1	1	1	0.846153846153846	1	1	1	1	1	1	0.423076923076923
80	320	0	0.5	1	1	1	1	0.55	1	1	1	1	1	1	0.9
160	320	0	0.5	1	1	1	1	0.192307692307692	0.538461538461538	0.961538461538462	0.769230769230769	0.730769230769231	1	1	1
320	320	0	0.5	1	1	1	1	0	0	0.28	0.08	0.08	0.88	1	1
20	20	0.2	0.5	1	1	1	1	1	1	1	1	1	1	1	0.692307692307692
40	20	0.2	0.5	1	1	1	1	0.94	0.8	1	0.98	0.96	1	1	0.96
80	20	0.2	0.5	1	1	1	1	0.89247311827957	0.21505376344086	0.989247311827957	0.946236559139785	0.903225806451613	1	1	1
160	20	0.2	0.5	1	1	1	1	0.712418300653595	0.0065359477124183	0.915032679738562	0.77124183006536	0.712418300653595	1	1	1
320	20	0.2	0.5	1	1	1	1	0.606870229007634	0	0.843511450381679	0.652671755725191	0.572519083969466	0.99236641221374	1	1
20	40	0.2	0.5	1	1	1	1	0.964285714285714	1	1	1	1	1	1	0.142857142857143
40	40	0.2	0.5	1	1	1	1	0.973684210526316	0.960526315789474	1	1	1	1	1	0.671052631578947
80	40	0.2	0.5	1	1	1	1	0.87741935483871	0.587096774193548	1	0.948387096774194	0.948387096774194	1	1	0.948387096774194
160	40	0.2	0.5	1	1	1	1	0.745318352059925	0.217228464419476	0.951310861423221	0.823970037453184	0.805243445692884	1	1	1
320	40	0.2	0.5	1	1	1	1	0.623471882640587	0.0122249388753056	0.872860635696821	0.699266503667482	0.655256723716381	0.992665036674817	1	1
20	80	0.2	0.5	1	1	1	1	0.7	0.975	1	0.9875	1	1	1	0.0875
40	80	0.2	0.5	1	1	1	1	0.972727272727273	0.990909090909091	1	1	1	1	1	0.4
80	80	0.2	0.5	1	1	1	1	0.898617511520737	0.894009216589862	1	0.990783410138249	0.986175115207373	1	1	0.815668202764977
160	80	0.2	0.5	1	1	1	1	0.690594059405941	0.425742574257426	0.96039603960396	0.844059405940594	0.836633663366337	1	1	0.957920792079208
320	80	0.2	0.5	1	1	1	1	0.517741935483871	0.130645161290323	0.862903225806452	0.608064516129032	0.590322580645161	0.991935483870968	1	0.988709677419355
20	160	0.2	0.5	1	1	1	1	0.402173913043478	0.978260869565217	1	0.978260869565217	1	1	0.978260869565217	0.0434782608695652
40	160	0.2	0.5	1	1	1	1	0.808	1	1	1	1	1	1	0.328
80	160	0.2	0.5	1	1	1	1	0.830645161290323	0.959677419354839	1	0.991935483870968	0.983870967741935	1	1	0.774193548387097
160	160	0.2	0.5	1	1	1	1	0.577181208053691	0.565995525727069	0.982102908277405	0.818791946308725	0.814317673378076	1	1	0.939597315436242
320	160	0.2	0.5	1	1	1	1	0.37410071942446	0.192805755395683	0.841726618705036	0.555395683453237	0.541007194244604	0.988489208633094	1	0.981294964028777
20	320	0.2	0.5	1	1	1	1	0.182795698924731	1	1	1	1	1	0.989247311827957	0.010752688172043
40	320	0.2	0.5	1	1	1	1	0.752	1	1	1	1	1	1	0.248
80	320	0.2	0.5	1	1	1	1	0.686746987951807	0.983935742971888	1	0.991967871485944	0.991967871485944	1	1	0.78714859437751
160	320	0.2	0.5	1	1	1	1	0.314031180400891	0.583518930957684	0.955456570155902	0.755011135857461	0.743875278396437	1	1	0.955456570155902
320	320	0.2	0.5	1	1	1	1	0.131994261119082	0.130559540889527	0.715925394548063	0.344332855093257	0.338593974175036	0.975609756097561	1	0.995695839311334
20	20	0.5	0.5	1	1	1	1	0.979865771812081	0.973154362416107	1	0.993288590604027	1	1	1	0.503355704697987
40	20	0.5	0.5	1	1	1	1	0.960869565217391	0.817391304347826	0.995652173913044	0.978260869565217	0.965217391304348	1	1	0.843478260869565
80	20	0.5	0.5	1	1	1	1	0.909365558912387	0.513595166163142	0.990936555891239	0.942598187311178	0.921450151057402	1	1	0.960725075528701
160	20	0.5	0.5	1	1	1	1	0.903225806451613	0.268817204301075	0.981182795698925	0.93010752688172	0.897849462365591	1	1	0.978494623655914
320	20	0.5	0.5	1	1	1	1	0.914438502673797	0.128342245989305	0.970588235294118	0.914438502673797	0.903743315508021	1	1	0.997326203208556
20	40	0.5	0.5	1	1	1	1	0.835555555555556	0.968888888888889	1	0.977777777777778	0.986666666666667	1	1	0.173333333333333
40	40	0.5	0.5	1	1	1	1	0.964383561643836	0.958904109589041	1	0.997260273972603	1	1	1	0.515068493150685
80	40	0.5	0.5	1	1	1	1	0.958490566037736	0.837735849056604	0.99811320754717	0.983018867924528	0.981132075471698	1	1	0.711320754716981
160	40	0.5	0.5	1	1	1	1	0.932773109243697	0.672268907563025	0.989915966386555	0.959663865546219	0.949579831932773	1	1	0.811764705882353
320	40	0.5	0.5	1	1	1	1	0.948160535117057	0.523411371237458	0.991638795986622	0.963210702341137	0.951505016722408	1	1	0.836120401337793
20	80	0.5	0.5	1	1	1	1	0.523809523809524	0.889880952380952	0.982142857142857	0.904761904761905	0.946428571428571	1	1	0.0357142857142857
40	80	0.5	0.5	1	1	1	1	0.829501915708812	0.946360153256705	0.996168582375479	0.977011494252874	0.978927203065134	1	1	0.262452107279693
80	80	0.5	0.5	1	1	1	1	0.906683480453972	0.905422446406053	0.998738965952081	0.981084489281211	0.98234552332913	1	1	0.517023959646911
160	80	0.5	0.5	1	1	1	1	0.922121896162528	0.796839729119639	0.99548532731377	0.969525959367946	0.966139954853273	1	1	0.579006772009029
320	80	0.5	0.5	1	1	1	1	0.942632170978628	0.688413948256468	0.993250843644544	0.958380202474691	0.957255343082115	1	1	0.598425196850394
20	160	0.5	0.5	1	1	1	1	0.235135135135135	0.878378378378378	0.978378378378378	0.875675675675676	0.908108108108108	1	0.978378378378378	0.0135135135135135
40	160	0.5	0.5	1	1	1	1	0.651006711409396	0.944630872483222	0.98993288590604	0.963087248322148	0.971476510067114	0.998322147651007	1	0.197986577181208
80	160	0.5	0.5	1	1	1	1	0.816742081447964	0.93552036199095	0.996606334841629	0.967194570135747	0.967194570135747	1	1	0.408371040723982
160	160	0.5	0.5	1	1	1	1	0.837373737373737	0.833333333333333	0.996969696969697	0.956565656565657	0.955555555555556	1	1	0.498989898989899
320	160	0.5	0.5	1	1	1	1	0.906532663316583	0.752763819095477	0.997989949748744	0.957788944723618	0.955778894472362	1	1	0.50251256281407
20	320	0.5	0.5	1	1	1	1	0.120320855614973	0.911764705882353	0.96524064171123	0.890374331550802	0.922459893048128	1	0.959893048128342	0.00267379679144385
40	320	0.5	0.5	1	1	1	1	0.543478260869565	0.941471571906355	0.989966555183946	0.944816053511706	0.953177257525084	1	1	0.172240802675585
80	320	0.5	0.5	1	1	1	1	0.680539932508436	0.942632170978628	0.991001124859393	0.968503937007874	0.976377952755906	1	1	0.403824521934758
160	320	0.5	0.5	1	1	1	1	0.75678391959799	0.906532663316583	0.998994974874372	0.960804020100502	0.962814070351759	1	1	0.487437185929648
320	320	0.5	0.5	1	1	1	1	0.843	0.84	0.993	0.957	0.955	1	1	0.495
20	20	0.8	0.5	1	1	1	1	0.936507936507937	0.956349206349206	1	0.992063492063492	0.996031746031746	1	1	0.361111111111111
40	20	0.8	0.5	1	1	1	1	0.982857142857143	0.888571428571429	1	0.994285714285714	0.994285714285714	1	1	0.548571428571429
80	20	0.8	0.5	1	1	1	1	0.978552278820375	0.798927613941019	0.994638069705094	0.989276139410188	0.981233243967828	1	1	0.605898123324397
160	20	0.8	0.5	1	1	1	1	0.986631016042781	0.727272727272727	1	0.991978609625668	0.981283422459893	1	1	0.588235294117647
320	20	0.8	0.5	1	1	1	1	0.981283422459893	0.625668449197861	0.994652406417112	0.983957219251337	0.981283422459893	1	1	0.577540106951872
20	40	0.8	0.5	1	1	1	1	0.708641975308642	0.893827160493827	0.992592592592593	0.938271604938272	0.958024691358025	1	1	0.116049382716049
40	40	0.8	0.5	1	1	1	1	0.864674868189807	0.880492091388401	0.994727592267135	0.959578207381371	0.968365553602812	1	1	0.291739894551845
80	40	0.8	0.5	1	1	1	1	0.921008403361344	0.779831932773109	0.998319327731092	0.973109243697479	0.981512605042017	1	1	0.273949579831933
160	40	0.8	0.5	1	1	1	1	0.961538461538462	0.600334448160535	0.998327759197324	0.981605351170569	0.98494983277592	1	1	0.202341137123746
320	40	0.8	0.5	1	1	1	1	0.978260869565217	0.439799331103679	1	0.988294314381271	0.993311036789298	1	1	0.204013377926421
20	80	0.8	0.5	1	1	1	1	0.345779220779221	0.823051948051948	0.959415584415584	0.845779220779221	0.873376623376623	1	1	0.0340909090909091
40	80	0.8	0.5	1	1	1	1	0.552913198573127	0.7705112960761	0.96551724137931	0.852556480380499	0.873959571938169	0.997621878715815	1	0.130796670630202
80	80	0.8	0.5	1	1	1	1	0.586245772266065	0.608793686583991	0.975197294250282	0.810597519729425	0.830890642615558	1	1	0.121758737316798
160	80	0.8	0.5	1	1	1	1	0.602924634420697	0.420697412823397	0.970753655793026	0.753655793025872	0.784026996625422	1	1	0.0764904386951631
320	80	0.8	0.5	1	1	1	1	0.632170978627672	0.259842519685039	0.937007874015748	0.717660292463442	0.755905511811024	1	1	0.0652418447694038
20	160	0.8	0.5	1	1	1	1	0.142020497803807	0.7701317715959	0.925329428989751	0.761346998535871	0.806734992679356	0.998535871156662	0.964860907759883	0.0102489019033675
40	160	0.8	0.5	1	1	1	1	0.346765641569459	0.722163308589608	0.92576882290562	0.758218451749735	0.783669141039236	0.99575821845175	1	0.0752916224814422
80	160	0.8	0.5	1	1	1	1	0.348790322580645	0.551411290322581	0.894153225806452	0.659274193548387	0.679435483870968	0.992943548387097	1	0.0645161290322581
160	160	0.8	0.5	1	1	1	1	0.30251256281407	0.308542713567839	0.829145728643216	0.524623115577889	0.54572864321608	0.986934673366834	1	0.0301507537688442
320	160	0.8	0.5	1	1	1	1	0.28643216080402	0.165829145728643	0.721608040201005	0.414070351758794	0.426130653266332	0.969849246231156	1	0.0120603015075377
20	320	0.8	0.5	1	1	1	1	0.061046511627907	0.780523255813954	0.898255813953488	0.765988372093023	0.803779069767442	0.997093023255814	0.959302325581395	0.00290697674418605
40	320	0.8	0.5	1	1	1	1	0.237341772151899	0.732067510548523	0.908227848101266	0.74789029535865	0.776371308016878	0.992616033755274	1	0.0632911392405063
80	320	0.8	0.5	1	1	1	1	0.207622868605817	0.551654964894684	0.835506519558676	0.603811434302909	0.624874623871615	0.987963891675025	1	0.0531594784353059
160	320	0.8	0.5	1	1	1	1	0.139	0.288	0.724	0.415	0.431	0.975	1	0.015
320	320	0.8	0.5	1	1	1	1	0.111	0.116	0.559	0.268	0.275	0.91	1	0.006
20	20	1	0.5	1	1	1	1	0.862385321100917	0.899082568807339	0.990825688073395	0.951070336391437	0.972477064220184	1	1	0.226299694189602
40	20	1	0.5	1	1	1	1	0.948924731182796	0.833333333333333	1	0.986559139784946	0.989247311827957	1	1	0.344086021505376
80	20	1	0.5	1	1	1	1	0.975935828877005	0.729946524064171	0.997326203208556	0.991978609625668	0.994652406417112	1	1	0.275401069518717
160	20	1	0.5	1	1	1	1	0.994652406417112	0.572192513368984	1	0.997326203208556	0.994652406417112	1	1	0.267379679144385
320	20	1	0.5	1	1	1	1	0.997326203208556	0.425133689839572	1	0.997326203208556	0.994652406417112	1	1	0.245989304812834
20	40	1	0.5	1	1	1	1	0.506849315068493	0.792563600782779	0.970645792563601	0.835616438356164	0.880626223091976	1	1	0.0587084148727984
40	40	1	0.5	1	1	1	1	0.627118644067797	0.650847457627119	0.98135593220339	0.838983050847458	0.86271186440678	1	1	0.0983050847457627
80	40	1	0.5	1	1	1	1	0.665551839464883	0.42809364548495	0.978260869565217	0.831103678929766	0.859531772575251	1	1	0.0585284280936455
160	40	1	0.5	1	1	1	1	0.665551839464883	0.24247491638796	0.981605351170569	0.775919732441472	0.816053511705686	1	1	0.0451505016722408
320	40	1	0.5	1	1	1	1	0.697324414715719	0.150501672240803	0.966555183946488	0.755852842809365	0.79933110367893	1	1	0.040133779264214
20	80	1	0.5	1	1	1	1	0.213245033112583	0.68476821192053	0.909933774834437	0.705960264900662	0.764238410596026	0.996026490066225	1	0.0225165562913907
40	80	1	0.5	1	1	1	1	0.279545454545455	0.494318181818182	0.878409090909091	0.607954545454545	0.660227272727273	0.992045454545455	1	0.0352272727272727
80	80	1	0.5	1	1	1	1	0.259842519685039	0.277840269966254	0.81214848143982	0.455568053993251	0.493813273340832	0.984251968503937	1	0.0168728908886389
160	80	1	0.5	1	1	1	1	0.215973003374578	0.111361079865017	0.676040494938133	0.346456692913386	0.377952755905512	0.973003374578178	1	0.0078740157480315
320	80	1	0.5	1	1	1	1	0.200224971878515	0.0393700787401575	0.521934758155231	0.258717660292463	0.27896512935883	0.974128233970754	1	0.00899887514060742
20	160	1	0.5	1	1	1	1	0.0881316098707403	0.618096357226792	0.842538190364277	0.611045828437133	0.668625146886016	0.982373678025852	0.965922444183314	0.00235017626321974
40	160	1	0.5	1	1	1	1	0.117886178861789	0.429878048780488	0.761178861788618	0.483739837398374	0.517276422764228	0.974593495934959	1	0.0233739837398374
80	160	1	0.5	1	1	1	1	0.0864321608040201	0.184924623115578	0.593969849246231	0.265326633165829	0.291457286432161	0.919597989949749	1	0.00804020100502513
160	160	1	0.5	1	1	1	1	0.0412060301507538	0.0462311557788945	0.378894472361809	0.123618090452261	0.130653266331658	0.797989949748744	1	0.00201005025125628
320	160	1	0.5	1	1	1	1	0.0241206030150754	0.00703517587939699	0.220100502512563	0.0552763819095477	0.0592964824120603	0.64321608040201	1	0
20	320	1	0.5	1	1	1	1	0.0339181286549708	0.632748538011696	0.801169590643275	0.595321637426901	0.657309941520468	0.981286549707602	0.962573099415205	0.00233918128654971
40	320	1	0.5	1	1	1	1	0.0758341759352882	0.41051567239636	0.686552072800809	0.420626895854398	0.460060667340748	0.963599595551062	1	0.0182002022244692
80	320	1	0.5	1	1	1	1	0.033	0.157	0.454	0.197	0.213	0.887	1	0.004
160	320	1	0.5	1	1	1	1	0.005	0.031	0.202	0.062	0.066	0.653	1	0
320	320	1	0.5	1	1	1	1	0.001	0.001	0.056	0.012	0.012	0.364	1	0
20	20	0	0.8	1	1	1	1	0.736842105263158	0.684210526315789	1	0.947368421052632	0.842105263157895	1	1	0.842105263157895
40	20	0	0.8	1	1	1	1	0.733333333333333	0.533333333333333	1	0.866666666666667	0.733333333333333	1	1	1
80	20	0	0.8	1	1	1	1	0.533333333333333	0.0666666666666667	0.866666666666667	0.666666666666667	0.533333333333333	1	1	1
160	20	0	0.8	1	1	1	1	0.5	0	0.6875	0.5	0.5	1	1	1
320	20	0	0.8	1	1	1	1	0.466666666666667	0	0.733333333333333	0.533333333333333	0.466666666666667	1	1	1
20	40	0	0.8	1	1	1	1	0.91304347826087	1	1	1	1	1	1	0.347826086956522
40	40	0	0.8	1	1	1	1	0.625	0.583333333333333	1	0.833333333333333	0.791666666666667	1	1	0.916666666666667
80	40	0	0.8	1	1	1	1	0.526315789473684	0.157894736842105	0.947368421052632	0.631578947368421	0.578947368421053	1	1	1
160	40	0	0.8	1	1	1	1	0.333333333333333	0.0416666666666667	0.666666666666667	0.458333333333333	0.416666666666667	0.875	1	1
320	40	0	0.8	1	1	1	1	0.25	0	0.458333333333333	0.25	0.25	0.833333333333333	1	1
20	80	0	0.8	1	1	1	1	1	1	1	1	1	1	1	0.739130434782609
40	80	0	0.8	1	1	1	1	0.538461538461538	0.769230769230769	1	0.884615384615385	0.846153846153846	1	1	0.961538461538462
80	80	0	0.8	1	1	1	1	0.2	0.15	1	0.75	0.7	1	1	1
160	80	0	0.8	1	1	1	1	0.115384615384615	0.0384615384615385	0.5	0.153846153846154	0.153846153846154	1	1	1
320	80	0	0.8	1	1	1	1	0	0	0.16	0.04	0.04	0.72	1	1
20	160	0	0.8	1	1	1	1	0.739130434782609	1	1	1	1	1	1	0.608695652173913
40	160	0	0.8	1	1	1	1	0.346153846153846	0.923076923076923	1	0.961538461538462	0.961538461538462	1	1	1
80	160	0	0.8	1	1	1	1	0.05	0.2	1	0.55	0.55	1	1	1
160	160	0	0.8	1	1	1	1	0	0	0.192307692307692	0	0	0.961538461538462	1	1
320	160	0	0.8	1	1	1	1	0	0	0	0	0	0.28	1	1
20	320	0	0.8	1	1	1	1	0.565217391304348	1	1	1	1	1	1	0.695652173913043
40	320	0	0.8	1	1	1	1	0.153846153846154	0.961538461538462	1	1	0.961538461538462	1	1	0.961538461538462
80	320	0	0.8	1	1	1	1	0.05	0.3	0.8	0.45	0.45	1	1	1
160	320	0	0.8	1	1	1	1	0	0	0.115384615384615	0	0	0.538461538461538	1	1
320	320	0	0.8	1	1	1	1	0	0	0	0	0	0.04	1	1
20	20	0.2	0.8	1	1	1	1	0.923076923076923	0.892307692307692	1	0.969230769230769	0.938461538461538	1	1	0.753846153846154
40	20	0.2	0.8	1	1	1	1	0.852272727272727	0.625	0.988636363636364	0.943181818181818	0.931818181818182	1	1	0.965909090909091
80	20	0.2	0.8	1	1	1	1	0.666666666666667	0.121212121212121	0.909090909090909	0.751515151515151	0.727272727272727	1	1	1
160	20	0.2	0.8	1	1	1	1	0.560897435897436	0.00320512820512821	0.852564102564103	0.618589743589744	0.567307692307692	0.987179487179487	1	1
320	20	0.2	0.8	1	1	1	1	0.387755102040816	0	0.655102040816327	0.420408163265306	0.371428571428571	0.969387755102041	1	1
20	40	0.2	0.8	1	1	1	1	0.956521739130435	0.989130434782609	1	1	1	1	1	0.543478260869565
40	40	0.2	0.8	1	1	1	1	0.838983050847458	0.838983050847458	0.991525423728814	0.974576271186441	0.966101694915254	1	1	0.864406779661017
80	40	0.2	0.8	1	1	1	1	0.523404255319149	0.297872340425532	0.931914893617021	0.71063829787234	0.693617021276596	1	1	0.974468085106383
160	40	0.2	0.8	1	1	1	1	0.418981481481481	0.0740740740740741	0.756944444444444	0.527777777777778	0.490740740740741	0.990740740740741	1	1
320	40	0.2	0.8	1	1	1	1	0.300911854103343	0.00911854103343465	0.557750759878419	0.344984802431611	0.32370820668693	0.945288753799392	1	1
20	80	0.2	0.8	1	1	1	1	0.935483870967742	1	1	1	1	1	1	0.602150537634409
40	80	0.2	0.8	1	1	1	1	0.685483870967742	0.887096774193548	1	0.983870967741935	0.967741935483871	1	1	0.895161290322581
80	80	0.2	0.8	1	1	1	1	0.32258064516129	0.310483870967742	0.915322580645161	0.649193548387097	0.600806451612903	0.995967741935484	1	0.979838709677419
160	80	0.2	0.8	1	1	1	1	0.149220489977728	0.0623608017817372	0.621380846325167	0.287305122494432	0.267260579064588	0.942093541202673	1	1
320	80	0.2	0.8	1	1	1	1	0.0778097982708934	0.00720461095100865	0.321325648414986	0.122478386167147	0.11671469740634	0.811239193083574	1	1
20	160	0.2	0.8	1	1	1	1	0.849462365591398	1	1	1	1	1	1	0.559139784946237
40	160	0.2	0.8	1	1	1	1	0.464	0.936	1	0.944	0.944	1	1	0.904
80	160	0.2	0.8	1	1	1	1	0.116465863453815	0.269076305220884	0.859437751004016	0.477911646586345	0.449799196787149	1	1	1
160	160	0.2	0.8	1	1	1	1	0.0133630289532294	0.0111358574610245	0.32293986636971	0.0623608017817372	0.0623608017817372	0.853006681514477	1	0.997772828507795
320	160	0.2	0.8	1	1	1	1	0.00430416068866571	0	0.084648493543759	0.0100430416068867	0.0100430416068867	0.466284074605452	1	1
20	320	0.2	0.8	1	1	1	1	0.731182795698925	1	1	1	1	1	1	0.548387096774194
40	320	0.2	0.8	1	1	1	1	0.312	0.984	1	1	1	1	1	0.976
80	320	0.2	0.8	1	1	1	1	0.036144578313253	0.248995983935743	0.779116465863454	0.389558232931727	0.373493975903614	1	1	0.995983935742972
160	320	0.2	0.8	1	1	1	1	0.0022271714922049	0.0044543429844098	0.122494432071269	0.0133630289532294	0.0133630289532294	0.654788418708241	1	1
320	320	0.2	0.8	1	1	1	1	0	0	0.00717360114777618	0	0	0.121951219512195	1	1
20	20	0.5	0.8	1	1	1	1	0.955056179775281	0.955056179775281	1	0.99625468164794	0.99250936329588	1	1	0.629213483146067
40	20	0.5	0.8	1	1	1	1	0.873762376237624	0.690594059405941	0.985148514851485	0.940594059405941	0.918316831683168	1	1	0.888613861386139
80	20	0.5	0.8	1	1	1	1	0.818780889621087	0.375617792421746	0.960461285008237	0.871499176276771	0.843492586490939	1	1	0.967051070840198
160	20	0.5	0.8	1	1	1	1	0.778425655976676	0.157434402332362	0.924198250728863	0.809037900874636	0.769679300291545	0.998542274052478	1	0.992711370262391
320	20	0.5	0.8	1	1	1	1	0.8125	0.0755813953488372	0.902616279069767	0.82703488372093	0.777616279069767	0.998546511627907	1	0.998546511627907
20	40	0.5	0.8	1	1	1	1	0.876056338028169	0.974647887323944	1	0.991549295774648	0.991549295774648	1	1	0.414084507042254
40	40	0.5	0.8	1	1	1	1	0.890070921985816	0.863475177304965	0.99822695035461	0.980496453900709	0.976950354609929	1	1	0.728723404255319
80	40	0.5	0.8	1	1	1	1	0.785714285714286	0.564285714285714	0.980952380952381	0.882142857142857	0.860714285714286	0.997619047619048	1	0.869047619047619
160	40	0.5	0.8	1	1	1	1	0.725344644750795	0.348886532343584	0.928950159066808	0.792152704135737	0.763520678685048	0.99575821845175	1	0.926829268292683
320	40	0.5	0.8	1	1	1	1	0.738396624472574	0.225738396624473	0.915611814345992	0.772151898734177	0.746835443037975	0.9957805907173	1	0.939873417721519
20	80	0.5	0.8	1	1	1	1	0.815013404825737	0.973190348525469	0.994638069705094	0.973190348525469	0.978552278820375	1	1	0.46112600536193
40	80	0.5	0.8	1	1	1	1	0.756711409395973	0.911073825503356	0.998322147651007	0.979865771812081	0.968120805369127	1	1	0.763422818791946
80	80	0.5	0.8	1	1	1	1	0.606094808126411	0.593679458239278	0.968397291196388	0.82392776523702	0.802483069977427	0.998871331828442	1	0.878103837471783
160	80	0.5	0.8	1	1	1	1	0.540785498489426	0.347432024169184	0.899295065458207	0.678751258811682	0.655589123867069	0.992950654582075	1	0.934541792547835
320	80	0.5	0.8	1	1	1	1	0.55667001003009	0.214643931795386	0.823470411233701	0.632898696088265	0.618856569709127	0.99197592778335	1	0.955867602808425
20	160	0.5	0.8	1	1	1	1	0.713903743315508	0.983957219251337	0.997326203208556	0.981283422459893	0.983957219251337	1	1	0.425133689839572
40	160	0.5	0.8	1	1	1	1	0.608695652173913	0.956521739130435	1	0.979933110367893	0.978260869565217	1	1	0.790969899665552
80	160	0.5	0.8	1	1	1	1	0.399325084364454	0.607424071991001	0.959505061867267	0.796400449943757	0.773903262092238	1	1	0.930258717660292
160	160	0.5	0.8	1	1	1	1	0.309547738693467	0.300502512562814	0.828140703517588	0.558793969849246	0.534673366834171	0.985929648241206	1	0.975879396984925
320	160	0.5	0.8	1	1	1	1	0.278	0.146	0.74	0.43	0.415	0.971	1	0.986
20	320	0.5	0.8	1	1	1	1	0.609625668449198	0.986631016042781	0.994652406417112	0.978609625668449	0.986631016042781	1	1	0.409090909090909
40	320	0.5	0.8	1	1	1	1	0.451505016722408	0.989966555183946	1	0.996655518394649	0.996655518394649	1	1	0.806020066889632
80	320	0.5	0.8	1	1	1	1	0.260967379077615	0.641169853768279	0.929133858267717	0.743532058492688	0.716535433070866	1	1	0.946006749156355
160	320	0.5	0.8	1	1	1	1	0.155778894472362	0.299497487437186	0.720603015075377	0.438190954773869	0.430150753768844	0.965829145728643	1	0.98391959798995
320	320	0.5	0.8	1	1	1	1	0.122	0.117	0.562	0.252	0.246	0.911	1	0.997
20	20	0.8	0.8	1	1	1	1	0.931106471816284	0.931106471816284	1	0.979123173277662	0.985386221294363	1	1	0.507306889352818
40	20	0.8	0.8	1	1	1	1	0.945205479452055	0.823439878234399	0.995433789954338	0.980213089802131	0.971080669710807	1	1	0.681887366818874
80	20	0.8	0.8	1	1	1	1	0.944606413994169	0.709912536443149	0.988338192419825	0.966472303206997	0.946064139941691	1	1	0.731778425655977
160	20	0.8	0.8	1	1	1	1	0.956395348837209	0.593023255813954	0.989825581395349	0.969476744186046	0.944767441860465	1	1	0.731104651162791
320	20	0.8	0.8	1	1	1	1	0.957848837209302	0.479651162790698	0.976744186046512	0.963662790697674	0.943313953488372	1	1	0.734011627906977
20	40	0.8	0.8	1	1	1	1	0.788018433179724	0.929339477726575	0.998463901689708	0.960061443932412	0.970814132104455	1	1	0.331797235023041
40	40	0.8	0.8	1	1	1	1	0.879732739420935	0.880846325167038	0.997772828507795	0.972160356347439	0.967706013363029	1	1	0.501113585746102
80	40	0.8	0.8	1	1	1	1	0.922751322751323	0.785185185185185	0.995767195767196	0.971428571428571	0.965079365079365	1	1	0.51957671957672
160	40	0.8	0.8	1	1	1	1	0.954641350210971	0.659282700421941	0.99789029535865	0.974683544303797	0.968354430379747	1	1	0.535864978902954
320	40	0.8	0.8	1	1	1	1	0.965189873417722	0.509493670886076	0.991561181434599	0.973628691983122	0.967299578059072	1	1	0.530590717299578
20	80	0.8	0.8	1	1	1	1	0.685131195335277	0.935860058309038	0.992711370262391	0.941690962099125	0.965014577259475	1	1	0.300291545189504
40	80	0.8	0.8	1	1	1	1	0.783068783068783	0.920634920634921	0.996825396825397	0.966137566137566	0.968253968253968	1	1	0.483597883597884
80	80	0.8	0.8	1	1	1	1	0.836016096579477	0.834004024144869	0.994969818913481	0.942655935613682	0.941649899396378	1	1	0.505030181086519
160	80	0.8	0.8	1	1	1	1	0.889669007021063	0.735205616850552	0.993981945837513	0.955867602808425	0.953861584754263	1	1	0.501504513540622
320	80	0.8	0.8	1	1	1	1	0.923771313941825	0.624874623871615	0.987963891675025	0.952858575727182	0.953861584754263	1	1	0.511534603811434
20	160	0.8	0.8	1	1	1	1	0.594476744186046	0.960755813953488	0.986918604651163	0.957848837209302	0.969476744186046	1	1	0.267441860465116
40	160	0.8	0.8	1	1	1	1	0.674050632911392	0.956751054852321	0.992616033755274	0.968354430379747	0.969409282700422	1	1	0.489451476793249
80	160	0.8	0.8	1	1	1	1	0.740220661985958	0.890672016048144	0.993981945837513	0.952858575727182	0.952858575727182	0.998996990972919	1	0.494483450351053
160	160	0.8	0.8	1	1	1	1	0.85	0.845	0.994	0.959	0.958	1	1	0.508
320	160	0.8	0.8	1	1	1	1	0.916	0.777	0.996	0.962	0.962	1	1	0.502
20	320	0.8	0.8	1	1	1	1	0.475290697674419	0.959302325581395	0.981104651162791	0.946220930232558	0.965116279069767	1	1	0.267441860465116
40	320	0.8	0.8	1	1	1	1	0.527426160337553	0.968354430379747	0.990506329113924	0.970464135021097	0.971518987341772	1	1	0.475738396624473
80	320	0.8	0.8	1	1	1	1	0.633901705115346	0.923771313941825	0.994984954864594	0.950852557673019	0.9518555667001	1	1	0.494483450351053
160	320	0.8	0.8	1	1	1	1	0.756	0.913	0.998	0.959	0.963	1	1	0.498
320	320	0.8	0.8	1	1	1	1	0.843	0.84	0.995	0.949	0.945	1	1	0.509
20	20	1	0.8	1	1	1	1	0.905882352941176	0.915966386554622	0.998319327731092	0.973109243697479	0.976470588235294	1	1	0.38655462184874
40	20	1	0.8	1	1	1	1	0.95	0.826470588235294	1	0.986764705882353	0.988235294117647	1	1	0.441176470588235
80	20	1	0.8	1	1	1	1	0.976744186046512	0.726744186046512	0.997093023255814	0.98546511627907	0.988372093023256	1	1	0.4375
160	20	1	0.8	1	1	1	1	0.991279069767442	0.613372093023256	0.997093023255814	0.991279069767442	0.988372093023256	1	1	0.418604651162791
320	20	1	0.8	1	1	1	1	0.988372093023256	0.441860465116279	0.997093023255814	0.991279069767442	0.98546511627907	1	1	0.420058139534884
20	40	1	0.8	1	1	1	1	0.665432098765432	0.864197530864197	0.985185185185185	0.904938271604938	0.944444444444444	0.998765432098765	1	0.222222222222222
40	40	1	0.8	1	1	1	1	0.766524520255863	0.78997867803838	0.993603411513859	0.90724946695096	0.932835820895522	1	1	0.26865671641791
80	40	1	0.8	1	1	1	1	0.821729957805907	0.665611814345992	0.990506329113924	0.910337552742616	0.927215189873418	1	1	0.248945147679325
160	40	1	0.8	1	1	1	1	0.868143459915612	0.524261603375527	0.988396624472574	0.907172995780591	0.925105485232067	1	1	0.225738396624473
320	40	1	0.8	1	1	1	1	0.873417721518987	0.386075949367089	0.987341772151899	0.90295358649789	0.921940928270042	1	1	0.210970464135021
20	80	1	0.8	1	1	1	1	0.529342723004695	0.870892018779343	0.961267605633803	0.879107981220657	0.900234741784038	0.998826291079812	1	0.192488262910798
40	80	1	0.8	1	1	1	1	0.610547667342799	0.823529411764706	0.972616632860041	0.879310344827586	0.903651115618661	0.996957403651116	1	0.216024340770791
80	80	1	0.8	1	1	1	1	0.676028084252758	0.690070210631896	0.971915747241725	0.844533600802407	0.861584754262788	0.997993981945838	1	0.198595787362086
160	80	1	0.8	1	1	1	1	0.706118355065196	0.544633901705115	0.953861584754263	0.810431293881645	0.83851554663992	1	1	0.16148445336008
320	80	1	0.8	1	1	1	1	0.739217652958877	0.402206619859579	0.931795386158475	0.801404212637914	0.817452357071214	1	1	0.138415245737212
20	160	1	0.8	1	1	1	1	0.418713450292398	0.894736842105263	0.957894736842105	0.884210526315789	0.909941520467836	1	1	0.154385964912281
40	160	1	0.8	1	1	1	1	0.494438827098079	0.845298281092012	0.970677451971689	0.861476238624874	0.888776541961577	1	1	0.173913043478261
80	160	1	0.8	1	1	1	1	0.552	0.738	0.962	0.821	0.844	0.998	1	0.154
160	160	1	0.8	1	1	1	1	0.552	0.571	0.94	0.751	0.77	0.996	1	0.122
320	160	1	0.8	1	1	1	1	0.566	0.407	0.914	0.726	0.748	0.992	1	0.081
20	320	1	0.8	1	1	1	1	0.329824561403509	0.893567251461988	0.947368421052632	0.878362573099415	0.902923976608187	0.998830409356725	1	0.142690058479532
40	320	1	0.8	1	1	1	1	0.337714863498483	0.852376137512639	0.951466127401416	0.853387259858443	0.872598584428716	0.996966632962588	1	0.170879676440849
80	320	1	0.8	1	1	1	1	0.373	0.751	0.931	0.783	0.806	0.992	1	0.139
160	320	1	0.8	1	1	1	1	0.384	0.597	0.894	0.693	0.706	0.995	1	0.073
320	320	1	0.8	1	1	1	1	0.367	0.373	0.843	0.585	0.604	0.986	1	0.04
20	20	0	1	1	1	1	1	0.947368421052632	0.894736842105263	1	0.947368421052632	0.947368421052632	1	1	0.947368421052632
40	20	0	1	1	1	1	1	0.666666666666667	0.291666666666667	0.958333333333333	0.833333333333333	0.75	1	1	1
80	20	0	1	1	1	1	1	0.578947368421053	0.157894736842105	0.894736842105263	0.684210526315789	0.631578947368421	1	1	1
160	20	0	1	1	1	1	1	0.523809523809524	0	0.666666666666667	0.523809523809524	0.523809523809524	1	1	1
320	20	0	1	1	1	1	1	0.227272727272727	0	0.454545454545455	0.272727272727273	0.136363636363636	0.909090909090909	1	1
20	40	0	1	1	1	1	1	0.826086956521739	1	1	1	1	1	1	0.91304347826087
40	40	0	1	1	1	1	1	0.307692307692308	0.269230769230769	0.884615384615385	0.692307692307692	0.692307692307692	1	1	1
80	40	0	1	1	1	1	1	0.25	0.1	0.8	0.45	0.4	1	1	1
160	40	0	1	1	1	1	1	0.08	0	0.4	0.08	0.08	0.92	1	1
320	40	0	1	1	1	1	1	0	0	0.2	0.04	0	0.76	1	1
20	80	0	1	1	1	1	1	0.782608695652174	0.956521739130435	1	1	1	1	1	0.826086956521739
40	80	0	1	1	1	1	1	0.115384615384615	0.346153846153846	0.961538461538462	0.576923076923077	0.5	1	1	1
80	80	0	1	1	1	1	1	0.1	0.1	0.7	0.4	0.35	1	1	1
160	80	0	1	1	1	1	1	0	0	0.153846153846154	0.0384615384615385	0.0384615384615385	0.653846153846154	1	1
320	80	0	1	1	1	1	1	0	0	0	0	0	0.2	1	1
20	160	0	1	1	1	1	1	0.478260869565217	1	1	1	1	1	1	0.869565217391304
40	160	0	1	1	1	1	1	0.0769230769230769	0.423076923076923	0.884615384615385	0.576923076923077	0.576923076923077	1	1	1
80	160	0	1	1	1	1	1	0.05	0.05	0.35	0.1	0.05	0.95	1	1
160	160	0	1	1	1	1	1	0	0	0	0	0	0.192307692307692	1	1
320	160	0	1	1	1	1	1	0	0	0	0	0	0	1	1
20	320	0	1	1	1	1	1	0.434782608695652	1	1	1	1	1	1	0.91304347826087
40	320	0	1	1	1	1	1	0	0.346153846153846	0.807692307692308	0.461538461538462	0.423076923076923	1	1	1
80	320	0	1	1	1	1	1	0	0	0.1	0	0	0.75	1	1
160	320	0	1	1	1	1	1	0	0	0	0	0	0.0769230769230769	1	1
320	320	0	1	1	1	1	1	0	0	0	0	0	0	1	1
20	20	0.2	1	1	1	1	1	0.879518072289157	0.867469879518072	0.987951807228916	0.963855421686747	0.939759036144578	1	1	0.879518072289157
40	20	0.2	1	1	1	1	1	0.707547169811321	0.443396226415094	0.971698113207547	0.849056603773585	0.792452830188679	1	1	0.981132075471698
80	20	0.2	1	1	1	1	1	0.463768115942029	0.0434782608695652	0.830917874396135	0.589371980676328	0.507246376811594	0.985507246376812	1	1
160	20	0.2	1	1	1	1	1	0.362924281984334	0	0.663185378590078	0.415143603133159	0.362924281984334	0.955613577023499	1	1
320	20	0.2	1	1	1	1	1	0.247906197654941	0	0.474036850921273	0.274706867671692	0.226130653266332	0.924623115577889	1	1
20	40	0.2	1	1	1	1	1	0.793478260869565	0.945652173913043	1	1	0.978260869565217	1	1	0.826086956521739
40	40	0.2	1	1	1	1	1	0.604838709677419	0.548387096774194	0.967741935483871	0.82258064516129	0.782258064516129	1	1	0.935483870967742
80	40	0.2	1	1	1	1	1	0.242914979757085	0.11336032388664	0.744939271255061	0.433198380566802	0.384615384615385	0.979757085020243	1	0.987854251012146
160	40	0.2	1	1	1	1	1	0.158013544018059	0.0338600451467269	0.471783295711061	0.212189616252822	0.187358916478555	0.91196388261851	1	1
320	40	0.2	1	1	1	1	1	0.0738060781476122	0.00289435600578871	0.256150506512301	0.102749638205499	0.0882778581765557	0.775687409551375	1	1
20	80	0.2	1	1	1	1	1	0.655913978494624	0.956989247311828	1	0.989247311827957	0.978494623655914	1	1	0.860215053763441
40	80	0.2	1	1	1	1	1	0.24	0.528	0.968	0.792	0.72	1	1	0.984
80	80	0.2	1	1	1	1	1	0.072289156626506	0.0682730923694779	0.586345381526104	0.216867469879518	0.204819277108434	0.947791164658635	1	1
160	80	0.2	1	1	1	1	1	0.022271714922049	0.0044543429844098	0.187082405345212	0.0579064587973274	0.0556792873051225	0.66369710467706	1	1
320	80	0.2	1	1	1	1	1	0.00717360114777618	0.00143472022955524	0.0602582496413199	0.0129124820659971	0.0114777618364419	0.39454806312769	1	1
20	160	0.2	1	1	1	1	1	0.494623655913978	0.989247311827957	1	1	1	1	1	0.956989247311828
40	160	0.2	1	1	1	1	1	0.128	0.528	0.96	0.712	0.672	1	1	1
80	160	0.2	1	1	1	1	1	0	0.0281124497991968	0.365461847389558	0.0923694779116466	0.0763052208835341	0.91566265060241	1	1
160	160	0.2	1	1	1	1	1	0	0	0.0356347438752784	0.0089086859688196	0.0089086859688196	0.305122494432071	1	1
320	160	0.2	1	1	1	1	1	0	0	0	0	0	0.0516499282639885	1	1
20	320	0.2	1	1	1	1	1	0.301075268817204	1	1	1	1	1	1	0.924731182795699
40	320	0.2	1	1	1	1	1	0.024	0.48	0.936	0.68	0.608	1	1	1
80	320	0.2	1	1	1	1	1	0.00401606425702811	0.0120481927710843	0.14859437751004	0.0321285140562249	0.0240963855421687	0.85140562248996	1	1
160	320	0.2	1	1	1	1	1	0	0	0.0022271714922049	0	0	0.0645879732739421	1	1
320	320	0.2	1	1	1	1	1	0	0	0	0	0	0.00430416068866571	1	1
20	20	0.5	1	1	1	1	1	0.893292682926829	0.859756097560976	1	0.978658536585366	0.960365853658537	1	1	0.753048780487805
40	20	0.5	1	1	1	1	1	0.793372319688109	0.528265107212476	0.964912280701754	0.87719298245614	0.844054580896686	0.998050682261209	1	0.935672514619883
80	20	0.5	1	1	1	1	1	0.663600525624179	0.232588699080158	0.908015768725361	0.745072273324573	0.685939553219448	0.992115637319317	1	0.973718791064389
160	20	0.5	1	1	1	1	1	0.631764705882353	0.08	0.836470588235294	0.681176470588235	0.62	0.982352941176471	1	0.991764705882353
320	20	0.5	1	1	1	1	1	0.642105263157895	0.0374269005847953	0.795321637426901	0.663157894736842	0.601169590643275	0.977777777777778	1	1
20	40	0.5	1	1	1	1	1	0.853260869565217	0.945652173913043	1	0.989130434782609	0.980978260869565	1	1	0.709239130434783
40	40	0.5	1	1	1	1	1	0.63255033557047	0.597315436241611	0.973154362416107	0.847315436241611	0.810402684563758	1	1	0.901006711409396
80	40	0.5	1	1	1	1	1	0.498863636363636	0.254545454545455	0.885227272727273	0.644318181818182	0.610227272727273	0.993181818181818	1	0.967045454545455
160	40	0.5	1	1	1	1	1	0.42479674796748	0.111788617886179	0.75	0.501016260162602	0.46849593495935	0.972560975609756	1	0.971544715447154
320	40	0.5	1	1	1	1	1	0.414560161779575	0.0606673407482305	0.684529828109201	0.468149646107179	0.426693629929221	0.964610717896865	1	0.987866531850354
20	80	0.5	1	1	1	1	1	0.711229946524064	0.981283422459893	1	0.997326203208556	0.997326203208556	1	1	0.711229946524064
40	80	0.5	1	1	1	1	1	0.468227424749164	0.667224080267559	0.986622073578595	0.846153846153846	0.824414715719064	1	1	0.926421404682274
80	80	0.5	1	1	1	1	1	0.277840269966254	0.264341957255343	0.798650168728909	0.496062992125984	0.465691788526434	0.983127109111361	1	0.976377952755906
160	80	0.5	1	1	1	1	1	0.197989949748744	0.0814070351758794	0.581909547738694	0.287437185929648	0.271356783919598	0.922613065326633	1	0.993969849246231
320	80	0.5	1	1	1	1	1	0.168	0.029	0.439	0.228	0.214	0.886	1	0.996
20	160	0.5	1	1	1	1	1	0.56951871657754	0.994652406417112	1	0.997326203208556	0.994652406417112	1	1	0.762032085561497
40	160	0.5	1	1	1	1	1	0.252508361204013	0.682274247491639	0.971571906354515	0.857859531772575	0.817725752508361	1	1	0.956521739130435
80	160	0.5	1	1	1	1	1	0.0978627671541057	0.217097862767154	0.669291338582677	0.352080989876265	0.335208098987627	0.979752530933633	1	0.988751406074241
160	160	0.5	1	1	1	1	1	0.0402010050251256	0.0361809045226131	0.376884422110553	0.150753768844221	0.138693467336683	0.801005025125628	1	1
320	160	0.5	1	1	1	1	1	0.019	0.006	0.22	0.055	0.05	0.636	1	1
20	320	0.5	1	1	1	1	1	0.36096256684492	0.997326203208556	1	0.997326203208556	0.997326203208556	1	1	0.767379679144385
40	320	0.5	1	1	1	1	1	0.140468227424749	0.698996655518395	0.968227424749164	0.811036789297659	0.759197324414716	1	1	0.956521739130435
80	320	0.5	1	1	1	1	1	0.046119235095613	0.196850393700787	0.550056242969629	0.275590551181102	0.24859392575928	0.955005624296963	1	0.997750281214848
160	320	0.5	1	1	1	1	1	0.0050251256281407	0.0190954773869347	0.204020100502513	0.0603015075376884	0.0522613065326633	0.666331658291457	1	1
320	320	0.5	1	1	1	1	1	0.002	0.002	0.073	0.011	0.011	0.352	1	1
20	20	0.8	1	1	1	1	1	0.906462585034014	0.886054421768708	0.998299319727891	0.972789115646258	0.964285714285714	1	1	0.622448979591837
40	20	0.8	1	1	1	1	1	0.8769987699877	0.687576875768758	0.98769987699877	0.93849938499385	0.910209102091021	1	1	0.774907749077491
80	20	0.8	1	1	1	1	1	0.875732708089097	0.539273153575615	0.967174677608441	0.909730363423212	0.887456037514654	0.998827667057444	1	0.821805392731536
160	20	0.8	1	1	1	1	1	0.87953216374269	0.43625730994152	0.960233918128655	0.898245614035088	0.869005847953216	1	1	0.84327485380117
320	20	0.8	1	1	1	1	1	0.884210526315789	0.306432748538012	0.948538011695906	0.893567251461988	0.869005847953216	0.998830409356725	1	0.826900584795322
20	40	0.8	1	1	1	1	1	0.838709677419355	0.957478005865103	0.998533724340176	0.982404692082111	0.98533724340176	1	1	0.56158357771261
40	40	0.8	1	1	1	1	1	0.797441364605544	0.779317697228145	0.992537313432836	0.943496801705757	0.926439232409382	1	1	0.749466950959488
80	40	0.8	1	1	1	1	1	0.803245436105477	0.619675456389452	0.981744421906694	0.894523326572008	0.862068965517241	1	1	0.775862068965517
160	40	0.8	1	1	1	1	1	0.830131445904954	0.48938321536906	0.964610717896865	0.884732052578362	0.856420626895854	0.998988877654196	1	0.809908998988878
320	40	0.8	1	1	1	1	1	0.843276036400404	0.345803842264914	0.9474216380182	0.876643073811931	0.844287158746208	0.998988877654196	1	0.819009100101112
20	80	0.8	1	1	1	1	1	0.739825581395349	0.978197674418605	0.998546511627907	0.981104651162791	0.986918604651163	1	1	0.593023255813954
40	80	0.8	1	1	1	1	1	0.663502109704641	0.825949367088608	0.989451476793249	0.938818565400844	0.918776371308017	1	1	0.7542194092827
80	80	0.8	1	1	1	1	1	0.694082246740221	0.682046138415246	0.972918756268806	0.873620862587763	0.848545636910732	1	1	0.803410230692076
160	80	0.8	1	1	1	1	1	0.739	0.535	0.96	0.831	0.816	0.998	1	0.848
320	80	0.8	1	1	1	1	1	0.736	0.358	0.926	0.809	0.786	0.998	1	0.87
20	160	0.8	1	1	1	1	1	0.555232558139535	0.989825581395349	0.998546511627907	0.988372093023256	0.991279069767442	1	1	0.598837209302326
40	160	0.8	1	1	1	1	1	0.516877637130802	0.857594936708861	0.992616033755274	0.921940928270042	0.90295358649789	1	1	0.759493670886076
80	160	0.8	1	1	1	1	1	0.54864593781344	0.713139418254764	0.95987963891675	0.848545636910732	0.825476429287864	0.996990972918756	1	0.843530591775326
160	160	0.8	1	1	1	1	1	0.572	0.553	0.942	0.783	0.764	0.999	1	0.9
320	160	0.8	1	1	1	1	1	0.574	0.367	0.9	0.691	0.673	0.993	1	0.907
20	320	0.8	1	1	1	1	1	0.449127906976744	0.992732558139535	0.997093023255814	0.986918604651163	0.992732558139535	1	1	0.572674418604651
40	320	0.8	1	1	1	1	1	0.357594936708861	0.888185654008439	0.985232067510548	0.934599156118143	0.911392405063291	1	1	0.792194092827004
80	320	0.8	1	1	1	1	1	0.388164493480441	0.72617853560682	0.9358074222668	0.817452357071214	0.797392176529589	0.997993981945838	1	0.845536609829488
160	320	0.8	1	1	1	1	1	0.391	0.577	0.912	0.737	0.712	0.993	1	0.916
320	320	0.8	1	1	1	1	1	0.361	0.355	0.847	0.601	0.587	0.993	1	0.946
20	20	1	1	1	1	1	1	0.887966804979253	0.887966804979253	0.997233748271093	0.959889349930844	0.962655601659751	1	1	0.511756569847856
40	20	1	1	1	1	1	1	0.923258559622196	0.804014167650531	0.992916174734357	0.968122786304604	0.946871310507674	1	1	0.564344746162928
80	20	1	1	1	1	1	1	0.943859649122807	0.683040935672515	0.985964912280702	0.955555555555556	0.947368421052632	1	1	0.590643274853801
160	20	1	1	1	1	1	1	0.948538011695906	0.513450292397661	0.984795321637427	0.95672514619883	0.941520467836257	1	1	0.595321637426901
320	20	1	1	1	1	1	1	0.954385964912281	0.407017543859649	0.980116959064327	0.96374269005848	0.941520467836257	1	1	0.612865497076023
20	40	1	1	1	1	1	1	0.771867612293144	0.91371158392435	0.995271867612293	0.955082742316785	0.960992907801418	1	1	0.426713947990544
40	40	1	1	1	1	1	1	0.837423312883436	0.846625766871166	0.994887525562372	0.956032719836401	0.957055214723926	1	1	0.503067484662577
80	40	1	1	1	1	1	1	0.889787664307381	0.733063700707786	0.994944388270981	0.957532861476239	0.956521739130435	1	1	0.531850353892821
160	40	1	1	1	1	1	1	0.924165824064712	0.632962588473205	0.993933265925177	0.949443882709808	0.949443882709808	1	1	0.534883720930233
320	40	1	1	1	1	1	1	0.938321536905966	0.493427704752275	0.988877654196158	0.956521739130435	0.948432760364004	1	1	0.527805864509606
20	80	1	1	1	1	1	1	0.680701754385965	0.939181286549708	0.988304093567251	0.942690058479532	0.954385964912281	1	1	0.437426900584795
40	80	1	1	1	1	1	1	0.741152679474216	0.882709807886754	0.997977755308392	0.9474216380182	0.948432760364004	1	1	0.509605662285136
80	80	1	1	1	1	1	1	0.833	0.833	0.988	0.94	0.936	1	1	0.493
160	80	1	1	1	1	1	1	0.894	0.744	0.991	0.953	0.954	1	1	0.507
320	80	1	1	1	1	1	1	0.921	0.609	0.99	0.95	0.949	1	1	0.517
20	160	1	1	1	1	1	1	0.547368421052632	0.952046783625731	0.987134502923977	0.947368421052632	0.96374269005848	1	1	0.40233918128655
40	160	1	1	1	1	1	1	0.62891809908999	0.925176946410516	0.992922143579373	0.950455005055612	0.949443882709808	1	1	0.474216380182002
80	160	1	1	1	1	1	1	0.739	0.875	0.991	0.943	0.943	1	1	0.5
160	160	1	1	1	1	1	1	0.821	0.817	0.994	0.939	0.939	1	1	0.498
320	160	1	1	1	1	1	1	0.893	0.727	0.991	0.953	0.951	1	1	0.504
20	320	1	1	1	1	1	1	0.421052631578947	0.955555555555556	0.980116959064327	0.943859649122807	0.95906432748538	1	1	0.381286549707602
40	320	1	1	1	1	1	1	0.493427704752275	0.937310414560162	0.994944388270981	0.9474216380182	0.956521739130435	1	1	0.44994944388271
80	320	1	1	1	1	1	1	0.617	0.911	0.991	0.947	0.945	1	1	0.484
160	320	1	1	1	1	1	1	0.715	0.875	0.993	0.942	0.95	1	1	0.48
320	320	1	1	1	1	1	1	0.805	0.807	0.991	0.934	0.943	1	1	0.487
