near	d1	n2	fpr	fnr
0.1	0.1	50	0.037343136861895	0.932441687392195
0.1	0.1	100	0.045422964507497	0.89351334659879
0.1	0.1	150	0.0529468317918235	0.856149495623238
0.1	0.1	200	0.059654496946545	0.822442321214391
0.1	0.1	250	0.0655959017215442	0.792358791422468
0.1	0.1	300	0.0722577665315047	0.7644503654909
0.1	0.1	350	0.0799523388921761	0.738624298459274
0.1	0.1	400	0.0883648916862411	0.714788368196986
0.1	0.1	450	0.0964206796954968	0.691346262651003
0.1	0.1	500	0.103670319267517	0.666882261830313
0.1	0.2	50	0.037343136861895	0.814128309282244
0.1	0.2	100	0.045422964507497	0.70818459838153
0.1	0.2	150	0.0529468317918235	0.609234310413865
0.1	0.2	200	0.059654496946545	0.522772329276169
0.1	0.2	250	0.0655959017215442	0.449454618044351
0.1	0.2	300	0.0722577665315047	0.388187067249288
0.1	0.2	350	0.0799523388921761	0.337790739317671
0.1	0.2	400	0.0883648916862411	0.296227241915442
0.1	0.2	450	0.0964206796954968	0.260980986875822
0.1	0.2	500	0.103670319267517	0.229312200677315
0.1	0.3	50	0.037343136861895	0.623297439463976
0.1	0.3	100	0.045422964507497	0.465032918224858
0.1	0.3	150	0.0529468317918235	0.325204142993118
0.1	0.3	200	0.059654496946545	0.217050328214048
0.1	0.3	250	0.0655959017215442	0.142352661720682
0.1	0.3	300	0.0722577665315047	0.095058963399399
0.1	0.3	350	0.0799523388921761	0.0668011501452001
0.1	0.3	400	0.0883648916862411	0.0494604498588268
0.1	0.3	450	0.0964206796954968	0.0373823945189142
0.1	0.3	500	0.103670319267517	0.0274496313502672
0.1	0.4	50	0.037343136861895	0.408979230089704
0.1	0.4	100	0.045422964507497	0.261650371877619
0.1	0.4	150	0.0529468317918235	0.142381676052283
0.1	0.4	200	0.059654496946545	0.0631465348350942
0.1	0.4	250	0.0655959017215442	0.0201895661494643
0.1	0.4	300	0.0722577665315047	0.002029348504123
0.1	0.4	350	0.0799523388921761	0
0.1	0.4	400	0.0883648916862411	0
0.1	0.4	450	0.0964206796954968	0.000933509894621126
0.1	0.4	500	0.103670319267517	0.00370577573311692
0.1	0.5	50	0.037343136861895	0.230756363551555
0.1	0.5	100	0.045422964507497	0.131345554720671
0.1	0.5	150	0.0529468317918235	0.056423025979336
0.1	0.5	200	0.059654496946545	0.0130539454499593
0.1	0.5	250	0.0655959017215442	0
0.1	0.5	300	0.0722577665315047	0
0.1	0.5	350	0.0799523388921761	0
0.1	0.5	400	0.0883648916862411	0
0.1	0.5	450	0.0964206796954968	0
0.1	0.5	500	0.103670319267517	0.00237679114294322
0.1	0.6	50	0.037343136861895	0.11839534879853
0.1	0.6	100	0.045422964507497	0.0630909451643149
0.1	0.6	150	0.0529468317918235	0.0232998699876754
0.1	0.6	200	0.059654496946545	0.00209770479859421
0.1	0.6	250	0.0655959017215442	0
0.1	0.6	300	0.0722577665315047	0
0.1	0.6	350	0.0799523388921761	0
0.1	0.6	400	0.0883648916862411	0
0.1	0.6	450	0.0964206796954968	0
0.1	0.6	500	0.103670319267517	0.0012246674823829
0.1	0.7	50	0.037343136861895	0.0510735022378121
0.1	0.7	100	0.045422964507497	0.0261874094381798
0.1	0.7	150	0.0529468317918235	0.0088029981199731
0.1	0.7	200	0.059654496946545	0
0.1	0.7	250	0.0655959017215442	0
0.1	0.7	300	0.0722577665315047	0
0.1	0.7	350	0.0799523388921761	0
0.1	0.7	400	0.0883648916862411	0
0.1	0.7	450	0.0964206796954968	0
0.1	0.7	500	0.103670319267517	0.000472428928740719
0.1	0.8	50	0.037343136861895	0.0187565180091436
0.1	0.8	100	0.045422964507497	0.00949856317224567
0.1	0.8	150	0.0529468317918235	0.00309665189737057
0.1	0.8	200	0.059654496946545	0
0.1	0.8	250	0.0655959017215442	0
0.1	0.8	300	0.0722577665315047	0
0.1	0.8	350	0.0799523388921761	0
0.1	0.8	400	0.0883648916862411	0
0.1	0.8	450	0.0964206796954968	0
0.1	0.8	500	0.103670319267517	0.000177250746394734
0.1	0.9	50	0.037343136861895	0.00604153341187188
0.1	0.9	100	0.045422964507497	0.00304635249805226
0.1	0.9	150	0.0529468317918235	0.000981981594436351
0.1	0.9	200	0.059654496946545	0
0.1	0.9	250	0.0655959017215442	0
0.1	0.9	300	0.0722577665315047	0
0.1	0.9	350	0.0799523388921761	0
0.1	0.9	400	0.0883648916862411	0
0.1	0.9	450	0.0964206796954968	0
0.1	0.9	500	0.103670319267517	5.75405434930095e-05
0.1	1	50	0.037343136861895	0.00244662838761237
0.1	1	100	0.045422964507497	0.00123190899455887
0.1	1	150	0.0529468317918235	0.000395709525993932
0.1	1	200	0.059654496946545	0
0.1	1	250	0.0655959017215442	0
0.1	1	300	0.0722577665315047	0
0.1	1	350	0.0799523388921761	0
0.1	1	400	0.0883648916862411	0
0.1	1	450	0.0964206796954968	0
0.1	1	500	0.103670319267517	2.33520133839938e-05
0.2	0.1	50	0.0521581775397733	0.877013790979898
0.2	0.1	100	0.0730377729693638	0.8076138611658
0.2	0.1	150	0.0930175523703864	0.743478940632434
0.2	0.1	200	0.111405917252974	0.689187915152593
0.2	0.1	250	0.127976519507179	0.644816801350445
0.2	0.1	300	0.143634944792361	0.607755894397437
0.2	0.1	350	0.158592923678718	0.57635846668652
0.2	0.1	400	0.173127470743429	0.549766073207744
0.2	0.1	450	0.186831381587267	0.52646726468654
0.2	0.1	500	0.199192220753389	0.503801495942275
0.2	0.2	50	0.0521581775397733	0.778673072672871
0.2	0.2	100	0.0730377729693638	0.681386426951055
0.2	0.2	150	0.0930175523703864	0.59495595422682
0.2	0.2	200	0.111405917252974	0.525802980889505
0.2	0.2	250	0.127976519507179	0.474105105818603
0.2	0.2	300	0.143634944792361	0.436249561907201
0.2	0.2	350	0.158592923678718	0.408159559052125
0.2	0.2	400	0.173127470743429	0.38532438563362
0.2	0.2	450	0.186831381587267	0.365120706748646
0.2	0.2	500	0.199192220753389	0.346684349430271
0.2	0.3	50	0.0521581775397733	0.608694999214805
0.2	0.3	100	0.0730377729693638	0.480918159492414
0.2	0.3	150	0.0930175523703864	0.369919057937192
0.2	0.3	200	0.111405917252974	0.285256790450601
0.2	0.3	250	0.127976519507179	0.226264283098125
0.2	0.3	300	0.143634944792361	0.186781773474869
0.2	0.3	350	0.158592923678718	0.159658821789715
0.2	0.3	400	0.173127470743429	0.138982850058228
0.2	0.3	450	0.186831381587267	0.121358441190125
0.2	0.3	500	0.199192220753389	0.1051115884452
0.2	0.4	50	0.0521581775397733	0.43029020655833
0.2	0.4	100	0.0730377729693638	0.299718692259045
0.2	0.4	150	0.0930175523703864	0.191724247485455
0.2	0.4	200	0.111405917252974	0.11571749146335
0.2	0.4	250	0.127976519507179	0.0688305370424342
0.2	0.4	300	0.143634944792361	0.042803454768607
0.2	0.4	350	0.158592923678718	0.029441587636159
0.2	0.4	400	0.173127470743429	0.0225170437940428
0.2	0.4	450	0.186831381587267	0.0183811475059483
0.2	0.4	500	0.199192220753389	0.0151399549189314
0.2	0.5	50	0.0521581775397733	0.262102872940191
0.2	0.5	100	0.0730377729693638	0.161440052998555
0.2	0.5	150	0.0930175523703864	0.0822281192892864
0.2	0.5	200	0.111405917252974	0.0321954438308128
0.2	0.5	250	0.127976519507179	0.00694858581110158
0.2	0.5	300	0.143634944792361	0
0.2	0.5	350	0.158592923678718	0
0.2	0.5	400	0.173127470743429	0
0.2	0.5	450	0.186831381587267	0
0.2	0.5	500	0.199192220753389	0.00184757895173302
0.2	0.6	50	0.0521581775397733	0.143393020143861
0.2	0.6	100	0.0730377729693638	0.0804218691526252
0.2	0.6	150	0.0930175523703864	0.0334867435003903
0.2	0.6	200	0.111405917252974	0.00681540890370453
0.2	0.6	250	0.127976519507179	0
0.2	0.6	300	0.143634944792361	0
0.2	0.6	350	0.158592923678718	0
0.2	0.6	400	0.173127470743429	0
0.2	0.6	450	0.186831381587267	0
0.2	0.6	500	0.199192220753389	0.00119047734284186
0.2	0.7	50	0.0521581775397733	0.0690696799740134
0.2	0.7	100	0.0730377729693638	0.0364337572288466
0.2	0.7	150	0.0930175523703864	0.0131236275341979
0.2	0.7	200	0.111405917252974	0.00082800564139568
0.2	0.7	250	0.127976519507179	0
0.2	0.7	300	0.143634944792361	0
0.2	0.7	350	0.158592923678718	0
0.2	0.7	400	0.173127470743429	0
0.2	0.7	450	0.186831381587267	0
0.2	0.7	500	0.199192220753389	0.000600238384221222
0.2	0.8	50	0.0521581775397733	0.0283747878863944
0.2	0.8	100	0.0730377729693638	0.0145381026968559
0.2	0.8	150	0.0930175523703864	0.00487649483457531
0.2	0.8	200	0.111405917252974	0
0.2	0.8	250	0.127976519507179	0
0.2	0.8	300	0.143634944792361	0
0.2	0.8	350	0.158592923678718	0
0.2	0.8	400	0.173127470743429	0
0.2	0.8	450	0.186831381587267	0
0.2	0.8	500	0.199192220753389	0.000262780687329405
0.2	0.9	50	0.0521581775397733	0.0138168101804055
0.2	0.9	100	0.0730377729693638	0.00699668702742201
0.2	0.9	150	0.0930175523703864	0.00227881826221823
0.2	0.9	200	0.111405917252974	0
0.2	0.9	250	0.127976519507179	0
0.2	0.9	300	0.143634944792361	0
0.2	0.9	350	0.158592923678718	0
0.2	0.9	400	0.173127470743429	0
0.2	0.9	450	0.186831381587267	0
0.2	0.9	500	0.199192220753389	0.000130752244373395
0.2	1	50	0.0521581775397733	0.00576928630121817
0.2	1	100	0.0730377729693638	0.00290890212205529
0.2	1	150	0.0930175523703864	0.00093753790878987
0.2	1	200	0.111405917252974	0
0.2	1	250	0.127976519507179	0
0.2	1	300	0.143634944792361	0
0.2	1	350	0.158592923678718	0
0.2	1	400	0.173127470743429	0
0.2	1	450	0.186831381587267	0
0.2	1	500	0.199192220753389	5.49525314358543e-05
0.3	0.1	50	0.0819829981423475	0.808145155309242
0.3	0.1	100	0.120945386021268	0.719292729281339
0.3	0.1	150	0.15732775132493	0.640341590013947
0.3	0.1	200	0.189450404836524	0.578113610690283
0.3	0.1	250	0.216930760889848	0.532503006782228
0.3	0.1	300	0.239840912089349	0.499179283101711
0.3	0.1	350	0.258494439683861	0.474083471600529
0.3	0.1	400	0.273860142534779	0.454529214183665
0.3	0.1	450	0.286699067237688	0.438055037410651
0.3	0.1	500	0.297584226852441	0.422221853460803
0.3	0.2	50	0.0819829981423475	0.690475521462751
0.3	0.2	100	0.120945386021268	0.589514785222827
0.3	0.2	150	0.15732775132493	0.502772072077713
0.3	0.2	200	0.189450404836524	0.43728178696401
0.3	0.2	250	0.216930760889848	0.391598970809377
0.3	0.2	300	0.239840912089349	0.360331037044924
0.3	0.2	350	0.258494439683861	0.338294592772801
0.3	0.2	400	0.273860142534779	0.320793665758051
0.3	0.2	450	0.286699067237688	0.305306608653825
0.3	0.2	500	0.297584226852441	0.291115937095839
0.3	0.3	50	0.0819829981423475	0.595151734906184
0.3	0.3	100	0.120945386021268	0.495539011433583
0.3	0.3	150	0.15732775132493	0.410587650753545
0.3	0.3	200	0.189450404836524	0.347679076653274
0.3	0.3	250	0.216930760889848	0.305173478312794
0.3	0.3	300	0.239840912089349	0.277453907030596
0.3	0.3	350	0.258494439683861	0.258232254688969
0.3	0.3	400	0.273860142534779	0.242993068626899
0.3	0.3	450	0.286699067237688	0.229306245000968
0.3	0.3	500	0.297584226852441	0.216101218823999
0.3	0.4	50	0.0819829981423475	0.447563158782826
0.3	0.4	100	0.120945386021268	0.342760740222869
0.3	0.4	150	0.15732775132493	0.255018433984131
0.3	0.4	200	0.189450404836524	0.190998609247926
0.3	0.4	250	0.216930760889848	0.148077105560655
0.3	0.4	300	0.239840912089349	0.120338382522478
0.3	0.4	350	0.258494439683861	0.102256586158722
0.3	0.4	400	0.273860142534779	0.089450819155118
0.3	0.4	450	0.286699067237688	0.0792755012063729
0.3	0.4	500	0.297584226852441	0.0701595085632226
0.3	0.5	50	0.0819829981423475	0.301211917298174
0.3	0.5	100	0.120945386021268	0.207019328080843
0.3	0.5	150	0.15732775132493	0.129587485590342
0.3	0.5	200	0.189450404836524	0.0759066847498446
0.3	0.5	250	0.216930760889848	0.0437227970966516
0.3	0.5	300	0.239840912089349	0.0264851852969376
0.3	0.5	350	0.258494439683861	0.0178399465534485
0.3	0.5	400	0.273860142534779	0.0134174760039618
0.3	0.5	450	0.286699067237688	0.0107694640763453
0.3	0.5	500	0.297584226852441	0.00861055713261491
0.3	0.6	50	0.0819829981423475	0.182823028733376
0.3	0.6	100	0.120945386021268	0.111854221841996
0.3	0.6	150	0.15732775132493	0.0563613092054427
0.3	0.6	200	0.189450404836524	0.0215623676362002
0.3	0.6	250	0.216930760889848	0.00414796475242734
0.3	0.6	300	0.239840912089349	0
0.3	0.6	350	0.258494439683861	0
0.3	0.6	400	0.273860142534779	0
0.3	0.6	450	0.286699067237688	0
0.3	0.6	500	0.297584226852441	0.000875258177558205
0.3	0.7	50	0.0819829981423475	0.09828811506721
0.3	0.7	100	0.120945386021268	0.0548136464625817
0.3	0.7	150	0.15732775132493	0.0225387195994248
0.3	0.7	200	0.189450404836524	0.00429902384341914
0.3	0.7	250	0.216930760889848	0
0.3	0.7	300	0.239840912089349	0
0.3	0.7	350	0.258494439683861	0
0.3	0.7	400	0.273860142534779	0
0.3	0.7	450	0.286699067237688	0
0.3	0.7	500	0.297584226852441	0.000679357380745528
0.3	0.8	50	0.0819829981423475	0.055345564636127
0.3	0.8	100	0.120945386021268	0.0292261533553052
0.3	0.8	150	0.15732775132493	0.0105457898744209
0.3	0.8	200	0.189450404836524	0.00068375430526387
0.3	0.8	250	0.216930760889848	0
0.3	0.8	300	0.239840912089349	0
0.3	0.8	350	0.258494439683861	0
0.3	0.8	400	0.273860142534779	0
0.3	0.8	450	0.286699067237688	0
0.3	0.8	500	0.297584226852441	0.00047989534322342
0.3	0.9	50	0.0819829981423475	0.0292033999713183
0.3	0.9	100	0.120945386021268	0.0149757728034692
0.3	0.9	150	0.15732775132493	0.00503028199318285
0.3	0.9	200	0.189450404836524	0
0.3	0.9	250	0.216930760889848	0
0.3	0.9	300	0.239840912089349	0
0.3	0.9	350	0.258494439683861	0
0.3	0.9	400	0.273860142534779	0
0.3	0.9	450	0.286699067237688	0
0.3	0.9	500	0.297584226852441	0.000270399480538677
0.3	1	50	0.0819829981423475	0.0134773693927148
0.3	1	100	0.120945386021268	0.0068300616678567
0.3	1	150	0.15732775132493	0.00222996445661394
0.3	1	200	0.189450404836524	0
0.3	1	250	0.216930760889848	0
0.3	1	300	0.239840912089349	0
0.3	1	350	0.258494439683861	0
0.3	1	400	0.273860142534779	0
0.3	1	450	0.286699067237688	0
0.3	1	500	0.297584226852441	0.000127275983816963
0.4	0.1	50	0.12204525164472	0.73074544047756
0.4	0.1	100	0.173001828007333	0.639033151269838
0.4	0.1	150	0.218615711471586	0.560020868769125
0.4	0.1	200	0.255870447534058	0.500816480897083
0.4	0.1	250	0.28458594278331	0.46022364550144
0.4	0.1	300	0.305664802416994	0.432663454714422
0.4	0.1	350	0.321159457034117	0.413065703928764
0.4	0.1	400	0.333095515750657	0.398191786837336
0.4	0.1	450	0.342669340894712	0.385673356807705
0.4	0.1	500	0.350700052768012	0.373528048512993
0.4	0.2	50	0.12204525164472	0.611947203109947
0.4	0.2	100	0.173001828007333	0.516012977241446
0.4	0.2	150	0.218615711471586	0.435140331436643
0.4	0.2	200	0.255870447534058	0.375864440689198
0.4	0.2	250	0.28458594278331	0.335933457747562
0.4	0.2	300	0.305664802416994	0.309556381061211
0.4	0.2	350	0.321159457034117	0.291452647284026
0.4	0.2	400	0.333095515750657	0.277205489579383
0.4	0.2	450	0.342669340894712	0.264556476447247
0.4	0.2	500	0.350700052768012	0.252925959408276
0.4	0.3	50	0.12204525164472	0.522567089656986
0.4	0.3	100	0.173001828007333	0.432087068055954
0.4	0.3	150	0.218615711471586	0.355755428869257
0.4	0.3	200	0.255870447534058	0.300052784793292
0.4	0.3	250	0.28458594278331	0.263010318358046
0.4	0.3	300	0.305664802416994	0.239222949842271
0.4	0.3	350	0.321159457034117	0.222907889305798
0.4	0.3	400	0.333095515750657	0.210006940045586
0.4	0.3	450	0.342669340894712	0.198387899495975
0.4	0.3	500	0.350700052768012	0.18714976542617
0.4	0.4	50	0.12204525164472	0.458518331426743
0.4	0.4	100	0.173001828007333	0.377244438527911
0.4	0.4	150	0.218615711471586	0.309183039655682
0.4	0.4	200	0.255870447534058	0.25945801141576
0.4	0.4	250	0.28458594278331	0.22603546799556
0.4	0.4	300	0.305664802416994	0.204230202559188
0.4	0.4	350	0.321159457034117	0.189508791161666
0.4	0.4	400	0.333095515750657	0.178458585699082
0.4	0.4	450	0.342669340894712	0.169138155771802
0.4	0.4	500	0.350700052768012	0.160578926456494
0.4	0.5	50	0.12204525164472	0.338000880348451
0.4	0.5	100	0.173001828007333	0.258157959774286
0.4	0.5	150	0.218615711471586	0.191087899236039
0.4	0.5	200	0.255870447534058	0.142134633628076
0.4	0.5	250	0.28458594278331	0.10984221458045
0.4	0.5	300	0.305664802416994	0.0893450978166144
0.4	0.5	350	0.321159457034117	0.0758411651072346
0.4	0.5	400	0.333095515750657	0.0660160255481256
0.4	0.5	450	0.342669340894712	0.0579484516339464
0.4	0.5	500	0.350700052768012	0.0504334890659284
0.4	0.6	50	0.12204525164472	0.229177799098797
0.4	0.6	100	0.173001828007333	0.157029400387327
0.4	0.6	150	0.218615711471586	0.0979678949179447
0.4	0.6	200	0.255870447534058	0.0570623042961811
0.4	0.6	250	0.28458594278331	0.0324763206196401
0.4	0.6	300	0.305664802416994	0.0193088528067202
0.4	0.6	350	0.321159457034117	0.0127818556051416
0.4	0.6	400	0.333095515750657	0.00948458837893277
0.4	0.6	450	0.342669340894712	0.00751909093727061
0.4	0.6	500	0.350700052768012	0.00598172143316504
0.4	0.7	50	0.12204525164472	0.157435102000048
0.4	0.7	100	0.173001828007333	0.0960267470813401
0.4	0.7	150	0.218615711471586	0.0481330136570117
0.4	0.7	200	0.255870447534058	0.0182232463531708
0.4	0.7	250	0.28458594278331	0.00330277526635951
0.4	0.7	300	0.305664802416994	0
0.4	0.7	350	0.321159457034117	0
0.4	0.7	400	0.333095515750657	0
0.4	0.7	450	0.342669340894712	0
0.4	0.7	500	0.350700052768012	0.000576060662325839
0.4	0.8	50	0.12204525164472	0.0972521866661576
0.4	0.8	100	0.173001828007333	0.0542655043000409
0.4	0.8	150	0.218615711471586	0.0223371534464596
0.4	0.8	200	0.255870447534058	0.00428318629376955
0.4	0.8	250	0.28458594278331	0
0.4	0.8	300	0.305664802416994	0
0.4	0.8	350	0.321159457034117	0
0.4	0.8	400	0.333095515750657	0
0.4	0.8	450	0.342669340894712	0
0.4	0.8	500	0.350700052768012	0.000668935671010921
0.4	0.9	50	0.12204525164472	0.056718074985804
0.4	0.9	100	0.173001828007333	0.0299736448413845
0.4	0.9	150	0.218615711471586	0.0108357446246628
0.4	0.9	200	0.255870447534058	0.000722233800776479
0.4	0.9	250	0.28458594278331	0
0.4	0.9	300	0.305664802416994	0
0.4	0.9	350	0.321159457034117	0
0.4	0.9	400	0.333095515750657	0
0.4	0.9	450	0.342669340894712	0
0.4	0.9	500	0.350700052768012	0.000490826533767751
0.4	1	50	0.12204525164472	0.0285896005313845
0.4	1	100	0.173001828007333	0.0146631885975881
0.4	1	150	0.218615711471586	0.00493241787096772
0.4	1	200	0.255870447534058	0
0.4	1	250	0.28458594278331	0
0.4	1	300	0.305664802416994	0
0.4	1	350	0.321159457034117	0
0.4	1	400	0.333095515750657	0
0.4	1	450	0.342669340894712	0
0.4	1	500	0.350700052768012	0.000264027459412327
0.5	0.1	50	0.165945205868385	0.660102709590536
0.5	0.1	100	0.221083444557757	0.573629047804427
0.5	0.1	150	0.268501299137857	0.5004844771038
0.5	0.1	200	0.304601640351969	0.447139810982987
0.5	0.1	250	0.330060128954223	0.411712283270863
0.5	0.1	300	0.34727940490016	0.388443030644076
0.5	0.1	350	0.359196036408892	0.372302209755072
0.5	0.1	400	0.368114395856279	0.360178088832275
0.5	0.1	450	0.375248135634744	0.34996230588418
0.5	0.1	500	0.381228444985619	0.340009047565869
0.5	0.2	50	0.165945205868385	0.543428649731524
0.5	0.2	100	0.221083444557757	0.456272947763543
0.5	0.2	150	0.268501299137857	0.383519699799139
0.5	0.2	200	0.304601640351969	0.330939331438654
0.5	0.2	250	0.330060128954223	0.296092948664971
0.5	0.2	300	0.34727940490016	0.273444405898494
0.5	0.2	350	0.359196036408892	0.258081151484553
0.5	0.2	400	0.368114395856279	0.246029289771412
0.5	0.2	450	0.375248135634744	0.2353016103509
0.5	0.2	500	0.381228444985619	0.225416960401976
0.5	0.3	50	0.165945205868385	0.462219842639303
0.5	0.3	100	0.221083444557757	0.381483027226292
0.5	0.3	150	0.268501299137857	0.313576785222495
0.5	0.3	200	0.304601640351969	0.264239325123713
0.5	0.3	250	0.330060128954223	0.231597840120868
0.5	0.3	300	0.34727940490016	0.210747254074463
0.5	0.3	350	0.359196036408892	0.196503439530741
0.5	0.3	400	0.368114395856279	0.185253012363695
0.5	0.3	450	0.375248135634744	0.17511177355869
0.5	0.3	500	0.381228444985619	0.165294719563392
0.5	0.4	50	0.165945205868385	0.40944072981612
0.5	0.4	100	0.221083444557757	0.336611174265843
0.5	0.4	150	0.268501299137857	0.275693865130225
0.5	0.4	200	0.304601640351969	0.231266182991432
0.5	0.4	250	0.330060128954223	0.201463772214258
0.5	0.4	300	0.34727940490016	0.182058145814436
0.5	0.4	350	0.359196036408892	0.168975287820026
0.5	0.4	400	0.368114395856279	0.159159298920489
0.5	0.4	450	0.375248135634744	0.150877583482341
0.5	0.4	500	0.381228444985619	0.143269983742193
0.5	0.5	50	0.165945205868385	0.366564491486904
0.5	0.5	100	0.221083444557757	0.301776508549576
0.5	0.5	150	0.268501299137857	0.247214572170513
0.5	0.5	200	0.304601640351969	0.207131020452265
0.5	0.5	250	0.330060128954223	0.180406271058628
0.5	0.5	300	0.34727940490016	0.163197427221453
0.5	0.5	350	0.359196036408892	0.151492117389237
0.5	0.5	400	0.368114395856279	0.142527757585072
0.5	0.5	450	0.375248135634744	0.134756047925783
0.5	0.5	500	0.381228444985619	0.127300953001478
0.5	0.6	50	0.165945205868385	0.301801375634452
0.5	0.6	100	0.221083444557757	0.229860646700119
0.5	0.6	150	0.268501299137857	0.16967053061942
0.5	0.6	200	0.304601640351969	0.1257602034591
0.5	0.6	250	0.330060128954223	0.0966435319772638
0.5	0.6	300	0.34727940490016	0.0782205843099289
0.5	0.6	350	0.359196036408892	0.0662752087915224
0.5	0.6	400	0.368114395856279	0.0576306999308343
0.5	0.6	450	0.375248135634744	0.0505071315169311
0.5	0.6	500	0.381228444985619	0.0439882115094132
0.5	0.7	50	0.165945205868385	0.22907338228849
0.5	0.7	100	0.221083444557757	0.156696836277734
0.5	0.7	150	0.268501299137857	0.0975571993702768
0.5	0.7	200	0.304601640351969	0.0568242150287651
0.5	0.7	250	0.330060128954223	0.0324289322060932
0.5	0.7	300	0.34727940490016	0.0193256200766499
0.5	0.7	350	0.359196036408892	0.0127343486828026
0.5	0.7	400	0.368114395856279	0.00937046685801829
0.5	0.7	450	0.375248135634744	0.00734264608224623
0.5	0.7	500	0.381228444985619	0.00573259574500836
0.5	0.8	50	0.165945205868385	0.156560712361275
0.5	0.8	100	0.221083444557757	0.0954292881290261
0.5	0.8	150	0.268501299137857	0.0477615473270252
0.5	0.8	200	0.304601640351969	0.0180159192644497
0.5	0.8	250	0.330060128954223	0.00320066980439801
0.5	0.8	300	0.34727940490016	0
0.5	0.8	350	0.359196036408892	0
0.5	0.8	400	0.368114395856279	0
0.5	0.8	450	0.375248135634744	0
0.5	0.8	500	0.381228444985619	0.000515335262589425
0.5	0.9	50	0.165945205868385	0.0988947614391161
0.5	0.9	100	0.221083444557757	0.0552378690019385
0.5	0.9	150	0.268501299137857	0.0227749137146481
0.5	0.9	200	0.304601640351969	0.00438701103055856
0.5	0.9	250	0.330060128954223	0
0.5	0.9	300	0.34727940490016	0
0.5	0.9	350	0.359196036408892	0
0.5	0.9	400	0.368114395856279	0
0.5	0.9	450	0.375248135634744	0
0.5	0.9	500	0.381228444985619	0.000681538986505682
0.5	1	50	0.165945205868385	0.0556796314149343
0.5	1	100	0.221083444557757	0.0294107131605676
0.5	1	150	0.268501299137857	0.0106267067885849
0.5	1	200	0.304601640351969	0.00070478172595966
0.5	1	250	0.330060128954223	0
0.5	1	300	0.34727940490016	0
0.5	1	350	0.359196036408892	0
0.5	1	400	0.368114395856279	0
0.5	1	450	0.375248135634744	0
0.5	1	500	0.381228444985619	0.000481913141633094
0.6	0.1	50	0.209131887351707	0.598805752402831
0.6	0.1	100	0.261470613392694	0.520675122859646
0.6	0.1	150	0.305549916081267	0.45510751586132
0.6	0.1	200	0.338077751522275	0.407866922214411
0.6	0.1	250	0.360232966804042	0.376952880942986
0.6	0.1	300	0.374722964965248	0.356957771761872
0.6	0.1	350	0.384499759274217	0.343243554249637
0.6	0.1	400	0.391746880933708	0.332983343259574
0.6	0.1	450	0.397552205350723	0.324323955263041
0.6	0.1	500	0.402430315918058	0.315863983646514
0.6	0.2	50	0.209131887351707	0.487171563920838
0.6	0.2	100	0.261470613392694	0.408962465796912
0.6	0.2	150	0.305549916081267	0.343913224703443
0.6	0.2	200	0.338077751522275	0.297157914736698
0.6	0.2	250	0.360232966804042	0.266379063588028
0.6	0.2	300	0.374722964965248	0.246516211237071
0.6	0.2	350	0.384499759274217	0.233117041431271
0.6	0.2	400	0.391746880933708	0.222625004452396
0.6	0.2	450	0.397552205350723	0.213277016665863
0.6	0.2	500	0.402430315918058	0.204656213632094
0.6	0.3	50	0.209131887351707	0.413497850490535
0.6	0.3	100	0.261470613392694	0.341150897026785
0.6	0.3	150	0.305549916081267	0.280371644480491
0.6	0.3	200	0.338077751522275	0.236286806279019
0.6	0.3	250	0.360232966804042	0.207177595958976
0.6	0.3	300	0.374722964965248	0.188620462350971
0.6	0.3	350	0.384499759274217	0.175962138446444
0.6	0.3	400	0.391746880933708	0.165967785127566
0.6	0.3	450	0.397552205350723	0.156955513487945
0.6	0.3	500	0.402430315918058	0.148228426069069
0.6	0.4	50	0.209131887351707	0.369583849957346
0.6	0.4	100	0.261470613392694	0.303775131648233
0.6	0.4	150	0.305549916081267	0.248757348831666
0.6	0.4	200	0.338077751522275	0.208662052041916
0.6	0.4	250	0.360232966804042	0.181788975336146
0.6	0.4	300	0.374722964965248	0.164305633082907
0.6	0.4	350	0.384499759274217	0.152526104901745
0.6	0.4	400	0.391746880933708	0.143689780882946
0.6	0.4	450	0.397552205350723	0.13623375696853
0.6	0.4	500	0.402430315918058	0.129383772673051
0.6	0.5	50	0.209131887351707	0.366564491486904
0.6	0.5	100	0.261470613392694	0.301776508549576
0.6	0.5	150	0.305549916081267	0.247214572170513
0.6	0.5	200	0.338077751522275	0.207131020452265
0.6	0.5	250	0.360232966804042	0.180406271058628
0.6	0.5	300	0.374722964965248	0.163197427221453
0.6	0.5	350	0.384499759274217	0.151492117389237
0.6	0.5	400	0.391746880933708	0.142527757585072
0.6	0.5	450	0.397552205350723	0.134756047925783
0.6	0.5	500	0.402430315918058	0.127300953001478
0.6	0.6	50	0.209131887351707	0.36651029994446
0.6	0.6	100	0.261470613392694	0.300983023875239
0.6	0.6	150	0.305549916081267	0.246096620143467
0.6	0.6	200	0.338077751522275	0.205929142194852
0.6	0.6	250	0.360232966804042	0.179090958423754
0.6	0.6	300	0.374722964965248	0.16177626814333
0.6	0.6	350	0.384499759274217	0.150025955402049
0.6	0.6	400	0.391746880933708	0.141000794405155
0.6	0.6	450	0.397552205350723	0.133157272651033
0.6	0.6	500	0.402430315918058	0.125737128322768
0.6	0.7	50	0.209131887351707	0.301908560613107
0.6	0.7	100	0.261470613392694	0.229812604284268
0.6	0.7	150	0.305549916081267	0.16947600996462
0.6	0.7	200	0.338077751522275	0.12573675351988
0.6	0.7	250	0.360232966804042	0.0968664970204396
0.6	0.7	300	0.374722964965248	0.0784332075526804
0.6	0.7	350	0.384499759274217	0.0662639264242742
0.6	0.7	400	0.391746880933708	0.0574664990467515
0.6	0.7	450	0.397552205350723	0.0502992655492967
0.6	0.7	500	0.402430315918058	0.0438072031270265
0.6	0.8	50	0.209131887351707	0.228278670177982
0.6	0.8	100	0.261470613392694	0.155987496133744
0.6	0.8	150	0.305549916081267	0.0969238185870283
0.6	0.8	200	0.338077751522275	0.0563016735203928
0.6	0.8	250	0.360232966804042	0.0320219219665002
0.6	0.8	300	0.374722964965248	0.0190624489643903
0.6	0.8	350	0.384499759274217	0.0126561872805143
0.6	0.8	400	0.391746880933708	0.00940204895595644
0.6	0.8	450	0.397552205350723	0.00738464420132161
0.6	0.8	500	0.402430315918058	0.00569652797950493
0.6	0.9	50	0.209131887351707	0.158400021186388
0.6	0.9	100	0.261470613392694	0.0966343328847392
0.6	0.9	150	0.305549916081267	0.0483778576808035
0.6	0.9	200	0.338077751522275	0.0182006007813095
0.6	0.9	250	0.360232966804042	0.00317065292514522
0.6	0.9	300	0.374722964965248	0
0.6	0.9	350	0.384499759274217	0
0.6	0.9	400	0.391746880933708	0
0.6	0.9	450	0.397552205350723	0
0.6	0.9	500	0.402430315918058	0.000604041546343116
0.6	1	50	0.209131887351707	0.0978565884191405
0.6	1	100	0.261470613392694	0.054637705483465
0.6	1	150	0.305549916081267	0.022518436373476
0.6	1	200	0.338077751522275	0.00433564073823524
0.6	1	250	0.360232966804042	0
0.6	1	300	0.374722964965248	0
0.6	1	350	0.384499759274217	0
0.6	1	400	0.391746880933708	0
0.6	1	450	0.397552205350723	0
0.6	1	500	0.402430315918058	0.000674149048612394
0.7	0.1	50	0.247129901571422	0.54787596935243
0.7	0.1	100	0.294272901036128	0.478299331793257
0.7	0.1	150	0.333680579078025	0.420068149770622
0.7	0.1	200	0.362420833352128	0.378271898564439
0.7	0.1	250	0.381728294333859	0.351042592918614
0.7	0.1	300	0.394184910481654	0.333514476290456
0.7	0.1	350	0.402503977779128	0.321535483821022
0.7	0.1	400	0.408646469234609	0.312585198380976
0.7	0.1	450	0.413570446945963	0.305027492977332
0.7	0.1	500	0.417711704832565	0.29763737894961
0.7	0.2	50	0.247129901571422	0.440639287871145
0.7	0.2	100	0.294272901036128	0.370651330039043
0.7	0.2	150	0.333680579078025	0.312495076688958
0.7	0.2	200	0.362420833352128	0.270753424809274
0.7	0.2	250	0.381728294333859	0.243319973363739
0.7	0.2	300	0.394184910481654	0.225644692568182
0.7	0.2	350	0.402503977779128	0.213734908076723
0.7	0.2	400	0.408646469234609	0.204411349788257
0.7	0.2	450	0.413570446945963	0.196101627706334
0.7	0.2	500	0.417711704832565	0.188436442050654
0.7	0.3	50	0.247129901571422	0.373671537651697
0.7	0.3	100	0.294272901036128	0.308421554113344
0.7	0.3	150	0.333680579078025	0.253614550428525
0.7	0.3	200	0.362420833352128	0.213871910519092
0.7	0.3	250	0.381728294333859	0.18763767904299
0.7	0.3	300	0.394184910481654	0.170918374875972
0.7	0.3	350	0.402503977779128	0.159516186317818
0.7	0.3	400	0.408646469234609	0.150514078769283
0.7	0.3	450	0.413570446945963	0.142396078339892
0.7	0.3	500	0.417711704832565	0.134534558436359
0.7	0.4	50	0.247129901571422	0.369583849957346
0.7	0.4	100	0.294272901036128	0.303775131648233
0.7	0.4	150	0.333680579078025	0.248757348831666
0.7	0.4	200	0.362420833352128	0.208662052041916
0.7	0.4	250	0.381728294333859	0.181788975336146
0.7	0.4	300	0.394184910481654	0.164305633082907
0.7	0.4	350	0.402503977779128	0.152526104901745
0.7	0.4	400	0.408646469234609	0.143689780882946
0.7	0.4	450	0.413570446945963	0.13623375696853
0.7	0.4	500	0.417711704832565	0.129383772673051
0.7	0.5	50	0.247129901571422	0.366564491486904
0.7	0.5	100	0.294272901036128	0.301776508549576
0.7	0.5	150	0.333680579078025	0.247214572170513
0.7	0.5	200	0.362420833352128	0.207131020452265
0.7	0.5	250	0.381728294333859	0.180406271058628
0.7	0.5	300	0.394184910481654	0.163197427221453
0.7	0.5	350	0.402503977779128	0.151492117389237
0.7	0.5	400	0.408646469234609	0.142527757585072
0.7	0.5	450	0.413570446945963	0.134756047925783
0.7	0.5	500	0.417711704832565	0.127300953001478
0.7	0.6	50	0.247129901571422	0.36651029994446
0.7	0.6	100	0.294272901036128	0.300983023875239
0.7	0.6	150	0.333680579078025	0.246096620143467
0.7	0.6	200	0.362420833352128	0.205929142194852
0.7	0.6	250	0.381728294333859	0.179090958423754
0.7	0.6	300	0.394184910481654	0.16177626814333
0.7	0.6	350	0.402503977779128	0.150025955402049
0.7	0.6	400	0.408646469234609	0.141000794405155
0.7	0.6	450	0.413570446945963	0.133157272651033
0.7	0.6	500	0.417711704832565	0.125737128322768
0.7	0.7	50	0.247129901571422	0.366873363378555
0.7	0.7	100	0.294272901036128	0.30111356862232
0.7	0.7	150	0.333680579078025	0.246032088433348
0.7	0.7	200	0.362420833352128	0.205942024190664
0.7	0.7	250	0.381728294333859	0.179231694425222
0.7	0.7	300	0.394184910481654	0.161878990380418
0.7	0.7	350	0.402503977779128	0.149969979538282
0.7	0.7	400	0.408646469234609	0.140867413530508
0.7	0.7	450	0.413570446945963	0.133083996320706
0.7	0.7	500	0.417711704832565	0.125899082065695
0.7	0.8	50	0.247129901571422	0.300998018930182
0.7	0.8	100	0.294272901036128	0.228973624614983
0.7	0.8	150	0.333680579078025	0.168746009421422
0.7	0.8	200	0.362420833352128	0.125107753687033
0.7	0.8	250	0.381728294333859	0.0963604590793416
0.7	0.8	300	0.394184910481654	0.0781838496981331
0.7	0.8	350	0.402503977779128	0.066359474830944
0.7	0.8	400	0.408646469234609	0.0577831692801665
0.7	0.8	450	0.413570446945963	0.050656448411321
0.7	0.8	500	0.417711704832565	0.044001310530169
0.7	0.9	50	0.247129901571422	0.230039563012276
0.7	0.9	100	0.294272901036128	0.157295996584583
0.7	0.9	150	0.333680579078025	0.0977545299881108
0.7	0.9	200	0.362420833352128	0.0567146925441348
0.7	0.9	250	0.381728294333859	0.0321905336360451
0.7	0.9	300	0.394184910481654	0.0191219616545645
0.7	0.9	350	0.402503977779128	0.0126728446185787
0.7	0.9	400	0.408646469234609	0.00941008943154366
0.7	0.9	450	0.413570446945963	0.00742347592978928
0.7	0.9	500	0.417711704832565	0.00581734436092021
0.7	1	50	0.247129901571422	0.157284357887504
0.7	1	100	0.294272901036128	0.0959938166581601
0.7	1	150	0.333680579078025	0.0481353223289829
0.7	1	200	0.362420833352128	0.0182117393995308
0.7	1	250	0.381728294333859	0.00327173047177159
0.7	1	300	0.394184910481654	0
0.7	1	350	0.402503977779128	0
0.7	1	400	0.408646469234609	0
0.7	1	450	0.413570446945963	0
0.7	1	500	0.417711704832565	0.000566211022842969
0.8	0.1	50	0.278107984112141	0.50719139394325
0.8	0.1	100	0.320234702838155	0.444741451782411
0.8	0.1	150	0.355329316432268	0.392549920961313
0.8	0.1	200	0.380797607966949	0.355166406645562
0.8	0.1	250	0.397809988911918	0.330871664199214
0.8	0.1	300	0.408724403079624	0.315272672551115
0.8	0.1	350	0.415982861043847	0.304632033881838
0.8	0.1	400	0.421334495260431	0.296686558452826
0.8	0.1	450	0.425626733811846	0.289974940445378
0.8	0.1	500	0.429238462073233	0.283408847801054
0.8	0.2	50	0.278107984112141	0.402842713348086
0.8	0.2	100	0.320234702838155	0.339692744080498
0.8	0.2	150	0.355329316432268	0.287230671961137
0.8	0.2	200	0.380797607966949	0.249589120104881
0.8	0.2	250	0.397809988911918	0.224860825313688
0.8	0.2	300	0.408724403079624	0.208935569588833
0.8	0.2	350	0.415982861043847	0.198208617953276
0.8	0.2	400	0.421334495260431	0.189811882330532
0.8	0.2	450	0.425626733811846	0.182327679048738
0.8	0.2	500	0.429238462073233	0.175423576674891
0.8	0.3	50	0.278107984112141	0.373671537651697
0.8	0.3	100	0.320234702838155	0.308421554113344
0.8	0.3	150	0.355329316432268	0.253614550428525
0.8	0.3	200	0.380797607966949	0.213871910519092
0.8	0.3	250	0.397809988911918	0.18763767904299
0.8	0.3	300	0.408724403079624	0.170918374875972
0.8	0.3	350	0.415982861043847	0.159516186317818
0.8	0.3	400	0.421334495260431	0.150514078769283
0.8	0.3	450	0.425626733811846	0.142396078339892
0.8	0.3	500	0.429238462073233	0.134534558436359
0.8	0.4	50	0.278107984112141	0.369583849957346
0.8	0.4	100	0.320234702838155	0.303775131648233
0.8	0.4	150	0.355329316432268	0.248757348831666
0.8	0.4	200	0.380797607966949	0.208662052041916
0.8	0.4	250	0.397809988911918	0.181788975336146
0.8	0.4	300	0.408724403079624	0.164305633082907
0.8	0.4	350	0.415982861043847	0.152526104901745
0.8	0.4	400	0.421334495260431	0.143689780882946
0.8	0.4	450	0.425626733811846	0.13623375696853
0.8	0.4	500	0.429238462073233	0.129383772673051
0.8	0.5	50	0.278107984112141	0.366564491486904
0.8	0.5	100	0.320234702838155	0.301776508549576
0.8	0.5	150	0.355329316432268	0.247214572170513
0.8	0.5	200	0.380797607966949	0.207131020452265
0.8	0.5	250	0.397809988911918	0.180406271058628
0.8	0.5	300	0.408724403079624	0.163197427221453
0.8	0.5	350	0.415982861043847	0.151492117389237
0.8	0.5	400	0.421334495260431	0.142527757585072
0.8	0.5	450	0.425626733811846	0.134756047925783
0.8	0.5	500	0.429238462073233	0.127300953001478
0.8	0.6	50	0.278107984112141	0.36651029994446
0.8	0.6	100	0.320234702838155	0.300983023875239
0.8	0.6	150	0.355329316432268	0.246096620143467
0.8	0.6	200	0.380797607966949	0.205929142194852
0.8	0.6	250	0.397809988911918	0.179090958423754
0.8	0.6	300	0.408724403079624	0.16177626814333
0.8	0.6	350	0.415982861043847	0.150025955402049
0.8	0.6	400	0.421334495260431	0.141000794405155
0.8	0.6	450	0.425626733811846	0.133157272651033
0.8	0.6	500	0.429238462073233	0.125737128322768
0.8	0.7	50	0.278107984112141	0.366873363378555
0.8	0.7	100	0.320234702838155	0.30111356862232
0.8	0.7	150	0.355329316432268	0.246032088433348
0.8	0.7	200	0.380797607966949	0.205942024190664
0.8	0.7	250	0.397809988911918	0.179231694425222
0.8	0.7	300	0.408724403079624	0.161878990380418
0.8	0.7	350	0.415982861043847	0.149969979538282
0.8	0.7	400	0.421334495260431	0.140867413530508
0.8	0.7	450	0.425626733811846	0.133083996320706
0.8	0.7	500	0.429238462073233	0.125899082065695
0.8	0.8	50	0.278107984112141	0.366248435748977
0.8	0.8	100	0.320234702838155	0.300530746391258
0.8	0.8	150	0.355329316432268	0.24547343186455
0.8	0.8	200	0.380797607966949	0.205382204057543
0.8	0.8	250	0.397809988911918	0.178754872553637
0.8	0.8	300	0.408724403079624	0.161649115205952
0.8	0.8	350	0.415982861043847	0.150074061020752
0.8	0.8	400	0.421334495260431	0.141210959101095
0.8	0.8	450	0.425626733811846	0.133494927291684
0.8	0.8	500	0.429238462073233	0.126148411010896
0.8	0.9	50	0.278107984112141	0.302784628093368
0.8	0.9	100	0.320234702838155	0.230412685094171
0.8	0.9	150	0.355329316432268	0.169792988928583
0.8	0.9	200	0.380797607966949	0.125774458320781
0.8	0.9	250	0.397809988911918	0.096730541979571
0.8	0.9	300	0.408724403079624	0.0783115005385876
0.8	0.9	350	0.415982861043847	0.0662857302814496
0.8	0.9	400	0.421334495260431	0.0575789932452096
0.8	0.9	450	0.425626733811846	0.0504154603939778
0.8	0.9	500	0.429238462073233	0.0438436650777427
0.8	1	50	0.278107984112141	0.228881078323376
0.8	1	100	0.320234702838155	0.156669990005328
0.8	1	150	0.355329316432268	0.0975441212335593
0.8	1	200	0.380797607966949	0.0567281202210042
0.8	1	250	0.397809988911918	0.0322452385595953
0.8	1	300	0.408724403079624	0.0191509153231294
0.8	1	350	0.415982861043847	0.0126651711867965
0.8	1	400	0.421334495260431	0.00936772329460718
0.8	1	450	0.425626733811846	0.00736451420479915
0.8	1	500	0.429238462073233	0.00576545676704494
0.9	0.1	50	0.30310241547548	0.474024554530932
0.9	0.1	100	0.340903485978104	0.417555371673929
0.9	0.1	150	0.372353063636425	0.370391372880975
0.9	0.1	200	0.395129640213412	0.336639131942496
0.9	0.1	250	0.410307354994736	0.314727479475202
0.9	0.1	300	0.420021207716602	0.300674175322764
0.9	0.1	350	0.426469357139613	0.291095662206796
0.9	0.1	400	0.431220454459546	0.283945157047182
0.9	0.1	450	0.435031833882709	0.277904115981105
0.9	0.1	500	0.438239604622934	0.271992766774548
0.9	0.2	50	0.30310241547548	0.402842713348086
0.9	0.2	100	0.340903485978104	0.339692744080498
0.9	0.2	150	0.372353063636425	0.287230671961137
0.9	0.2	200	0.395129640213412	0.249589120104881
0.9	0.2	250	0.410307354994736	0.224860825313688
0.9	0.2	300	0.420021207716602	0.208935569588833
0.9	0.2	350	0.426469357139613	0.198208617953276
0.9	0.2	400	0.431220454459546	0.189811882330532
0.9	0.2	450	0.435031833882709	0.182327679048738
0.9	0.2	500	0.438239604622934	0.175423576674891
0.9	0.3	50	0.30310241547548	0.373671537651697
0.9	0.3	100	0.340903485978104	0.308421554113344
0.9	0.3	150	0.372353063636425	0.253614550428525
0.9	0.3	200	0.395129640213412	0.213871910519092
0.9	0.3	250	0.410307354994736	0.18763767904299
0.9	0.3	300	0.420021207716602	0.170918374875972
0.9	0.3	350	0.426469357139613	0.159516186317818
0.9	0.3	400	0.431220454459546	0.150514078769283
0.9	0.3	450	0.435031833882709	0.142396078339892
0.9	0.3	500	0.438239604622934	0.134534558436359
0.9	0.4	50	0.30310241547548	0.369583849957346
0.9	0.4	100	0.340903485978104	0.303775131648233
0.9	0.4	150	0.372353063636425	0.248757348831666
0.9	0.4	200	0.395129640213412	0.208662052041916
0.9	0.4	250	0.410307354994736	0.181788975336146
0.9	0.4	300	0.420021207716602	0.164305633082907
0.9	0.4	350	0.426469357139613	0.152526104901745
0.9	0.4	400	0.431220454459546	0.143689780882946
0.9	0.4	450	0.435031833882709	0.13623375696853
0.9	0.4	500	0.438239604622934	0.129383772673051
0.9	0.5	50	0.30310241547548	0.366564491486904
0.9	0.5	100	0.340903485978104	0.301776508549576
0.9	0.5	150	0.372353063636425	0.247214572170513
0.9	0.5	200	0.395129640213412	0.207131020452265
0.9	0.5	250	0.410307354994736	0.180406271058628
0.9	0.5	300	0.420021207716602	0.163197427221453
0.9	0.5	350	0.426469357139613	0.151492117389237
0.9	0.5	400	0.431220454459546	0.142527757585072
0.9	0.5	450	0.435031833882709	0.134756047925783
0.9	0.5	500	0.438239604622934	0.127300953001478
0.9	0.6	50	0.30310241547548	0.36651029994446
0.9	0.6	100	0.340903485978104	0.300983023875239
0.9	0.6	150	0.372353063636425	0.246096620143467
0.9	0.6	200	0.395129640213412	0.205929142194852
0.9	0.6	250	0.410307354994736	0.179090958423754
0.9	0.6	300	0.420021207716602	0.16177626814333
0.9	0.6	350	0.426469357139613	0.150025955402049
0.9	0.6	400	0.431220454459546	0.141000794405155
0.9	0.6	450	0.435031833882709	0.133157272651033
0.9	0.6	500	0.438239604622934	0.125737128322768
0.9	0.7	50	0.30310241547548	0.366873363378555
0.9	0.7	100	0.340903485978104	0.30111356862232
0.9	0.7	150	0.372353063636425	0.246032088433348
0.9	0.7	200	0.395129640213412	0.205942024190664
0.9	0.7	250	0.410307354994736	0.179231694425222
0.9	0.7	300	0.420021207716602	0.161878990380418
0.9	0.7	350	0.426469357139613	0.149969979538282
0.9	0.7	400	0.431220454459546	0.140867413530508
0.9	0.7	450	0.435031833882709	0.133083996320706
0.9	0.7	500	0.438239604622934	0.125899082065695
0.9	0.8	50	0.30310241547548	0.366248435748977
0.9	0.8	100	0.340903485978104	0.300530746391258
0.9	0.8	150	0.372353063636425	0.24547343186455
0.9	0.8	200	0.395129640213412	0.205382204057543
0.9	0.8	250	0.410307354994736	0.178754872553637
0.9	0.8	300	0.420021207716602	0.161649115205952
0.9	0.8	350	0.426469357139613	0.150074061020752
0.9	0.8	400	0.431220454459546	0.141210959101095
0.9	0.8	450	0.435031833882709	0.133494927291684
0.9	0.8	500	0.438239604622934	0.126148411010896
0.9	0.9	50	0.30310241547548	0.367854662851037
0.9	0.9	100	0.340903485978104	0.301803179183055
0.9	0.9	150	0.372353063636425	0.246365821093779
0.9	0.9	200	0.395129640213412	0.20591968850989
0.9	0.9	250	0.410307354994736	0.178997346485033
0.9	0.9	300	0.420021207716602	0.161630252406176
0.9	0.9	350	0.426469357139613	0.14984933768017
0.9	0.9	400	0.431220454459546	0.140859190400788
0.9	0.9	450	0.435031833882709	0.133095067674203
0.9	0.9	500	0.438239604622934	0.12579988612303
0.9	1	50	0.30310241547548	0.30160406269575
0.9	1	100	0.340903485978104	0.229754486813412
0.9	1	150	0.372353063636425	0.169502815305982
0.9	1	200	0.395129640213412	0.125629583456706
0.9	1	250	0.410307354994736	0.0965862875791343
0.9	1	300	0.420021207716602	0.0781736796877222
0.9	1	350	0.426469357139613	0.0661720018507182
0.9	1	400	0.431220454459546	0.0574913999894125
0.9	1	450	0.435031833882709	0.0503748084202747
0.9	1	500	0.438239604622934	0.0438771803318436
1	0.1	50	0.323717958748657	0.474024554530932
1	0.1	100	0.357770559609842	0.417555371673929
1	0.1	150	0.386102332343121	0.370391372880975
1	0.1	200	0.406621819486108	0.336639131942496
1	0.1	250	0.420296166468422	0.314727479475202
1	0.1	300	0.429048294468728	0.300674175322764
1	0.1	350	0.434858261663187	0.291095662206796
1	0.1	400	0.439139190318449	0.283945157047182
1	0.1	450	0.442573377744019	0.277904115981105
1	0.1	500	0.445463678761495	0.271992766774548
1	0.2	50	0.323717958748657	0.402842713348086
1	0.2	100	0.357770559609842	0.339692744080498
1	0.2	150	0.386102332343121	0.287230671961137
1	0.2	200	0.406621819486108	0.249589120104881
1	0.2	250	0.420296166468422	0.224860825313688
1	0.2	300	0.429048294468728	0.208935569588833
1	0.2	350	0.434858261663187	0.198208617953276
1	0.2	400	0.439139190318449	0.189811882330532
1	0.2	450	0.442573377744019	0.182327679048738
1	0.2	500	0.445463678761495	0.175423576674891
1	0.3	50	0.323717958748657	0.373671537651697
1	0.3	100	0.357770559609842	0.308421554113344
1	0.3	150	0.386102332343121	0.253614550428525
1	0.3	200	0.406621819486108	0.213871910519092
1	0.3	250	0.420296166468422	0.18763767904299
1	0.3	300	0.429048294468728	0.170918374875972
1	0.3	350	0.434858261663187	0.159516186317818
1	0.3	400	0.439139190318449	0.150514078769283
1	0.3	450	0.442573377744019	0.142396078339892
1	0.3	500	0.445463678761495	0.134534558436359
1	0.4	50	0.323717958748657	0.369583849957346
1	0.4	100	0.357770559609842	0.303775131648233
1	0.4	150	0.386102332343121	0.248757348831666
1	0.4	200	0.406621819486108	0.208662052041916
1	0.4	250	0.420296166468422	0.181788975336146
1	0.4	300	0.429048294468728	0.164305633082907
1	0.4	350	0.434858261663187	0.152526104901745
1	0.4	400	0.439139190318449	0.143689780882946
1	0.4	450	0.442573377744019	0.13623375696853
1	0.4	500	0.445463678761495	0.129383772673051
1	0.5	50	0.323717958748657	0.366564491486904
1	0.5	100	0.357770559609842	0.301776508549576
1	0.5	150	0.386102332343121	0.247214572170513
1	0.5	200	0.406621819486108	0.207131020452265
1	0.5	250	0.420296166468422	0.180406271058628
1	0.5	300	0.429048294468728	0.163197427221453
1	0.5	350	0.434858261663187	0.151492117389237
1	0.5	400	0.439139190318449	0.142527757585072
1	0.5	450	0.442573377744019	0.134756047925783
1	0.5	500	0.445463678761495	0.127300953001478
1	0.6	50	0.323717958748657	0.36651029994446
1	0.6	100	0.357770559609842	0.300983023875239
1	0.6	150	0.386102332343121	0.246096620143467
1	0.6	200	0.406621819486108	0.205929142194852
1	0.6	250	0.420296166468422	0.179090958423754
1	0.6	300	0.429048294468728	0.16177626814333
1	0.6	350	0.434858261663187	0.150025955402049
1	0.6	400	0.439139190318449	0.141000794405155
1	0.6	450	0.442573377744019	0.133157272651033
1	0.6	500	0.445463678761495	0.125737128322768
1	0.7	50	0.323717958748657	0.366873363378555
1	0.7	100	0.357770559609842	0.30111356862232
1	0.7	150	0.386102332343121	0.246032088433348
1	0.7	200	0.406621819486108	0.205942024190664
1	0.7	250	0.420296166468422	0.179231694425222
1	0.7	300	0.429048294468728	0.161878990380418
1	0.7	350	0.434858261663187	0.149969979538282
1	0.7	400	0.439139190318449	0.140867413530508
1	0.7	450	0.442573377744019	0.133083996320706
1	0.7	500	0.445463678761495	0.125899082065695
1	0.8	50	0.323717958748657	0.366248435748977
1	0.8	100	0.357770559609842	0.300530746391258
1	0.8	150	0.386102332343121	0.24547343186455
1	0.8	200	0.406621819486108	0.205382204057543
1	0.8	250	0.420296166468422	0.178754872553637
1	0.8	300	0.429048294468728	0.161649115205952
1	0.8	350	0.434858261663187	0.150074061020752
1	0.8	400	0.439139190318449	0.141210959101095
1	0.8	450	0.442573377744019	0.133494927291684
1	0.8	500	0.445463678761495	0.126148411010896
1	0.9	50	0.323717958748657	0.367854662851037
1	0.9	100	0.357770559609842	0.301803179183055
1	0.9	150	0.386102332343121	0.246365821093779
1	0.9	200	0.406621819486108	0.20591968850989
1	0.9	250	0.420296166468422	0.178997346485033
1	0.9	300	0.429048294468728	0.161630252406176
1	0.9	350	0.434858261663187	0.14984933768017
1	0.9	400	0.439139190318449	0.140859190400788
1	0.9	450	0.442573377744019	0.133095067674203
1	0.9	500	0.445463678761495	0.12579988612303
1	1	50	0.323717958748657	0.366653783346248
1	1	100	0.357770559609842	0.301134479941115
1	1	150	0.386102332343121	0.246110150898082
1	1	200	0.406621819486108	0.20587133692634
1	1	250	0.420296166468422	0.178992138194391
1	1	300	0.429048294468728	0.161631953641909
1	1	350	0.434858261663187	0.14984898322149
1	1	400	0.439139190318449	0.140849819643718
1	1	450	0.442573377744019	0.133102927796957
1	1	500	0.445463678761495	0.125843990734188
