n1	n2	d1	d2	sig1	sig2	sdir	sigm	d1.c2	d2.c1	c1.c2	d1.p2	d2.p1	p1.p2	big2
20	20	0	0	1	0	0.5	0.25	0.5	0.5	0.75	0.75	0.75	1	0
40	20	0	0	1	0.142857142857143	0.571428571428571	0.714285714285714	0.714285714285714	0.571428571428571	1	0.857142857142857	0.857142857142857	1	0.285714285714286
80	20	0	0	1	0	0.25	0.25	0.75	0.25	1	0.75	0.75	1	0.25
160	20	0	0	1	0	1	1	1	0.666666666666667	1	1	1	1	0.333333333333333
320	20	0	0	1	0	0.5	0.75	1	0.5	1	1	1	1	0.125
20	40	0	0	1	0	0	0	0	0	1	0.25	0.5	1	0
40	40	0	0	1	0	0.571428571428571	0.571428571428571	0.571428571428571	0.571428571428571	0.857142857142857	0.714285714285714	0.714285714285714	1	0
80	40	0	0	1	0	0.5	0	0.5	0	1	1	1	1	0
160	40	0	0	1	0.333333333333333	0.666666666666667	0.333333333333333	0.666666666666667	0.666666666666667	0.666666666666667	0.666666666666667	0.666666666666667	1	0.333333333333333
320	40	0	0	1	0.25	0.5	0.875	0.75	0.375	0.875	0.875	0.875	1	0.125
20	80	0	0	1	0	0.75	0.25	0	0.5	1	0.5	0.5	1	0
40	80	0	0	1	0	0.285714285714286	0.285714285714286	0	0.285714285714286	1	0.428571428571429	0.428571428571429	1	0
80	80	0	0	1	0	0	0	0	0	0.75	0	0	1	0
160	80	0	0	1	0	0	0	0.666666666666667	0	1	1	1	1	0
320	80	0	0	1	0	0.625	0.5	0.625	0.375	1	0.625	0.625	1	0.125
20	160	0	0	1	0	0.5	0.25	0	0.25	0.75	0.25	0.25	1	0
40	160	0	0	1	0	0.571428571428571	0.142857142857143	0	0.142857142857143	0.857142857142857	0.571428571428571	0.571428571428571	1	0
80	160	0	0	1	0	0.25	0.25	0	0.25	1	0.5	0.5	1	0
160	160	0	0	1	0	0.666666666666667	0.333333333333333	0.333333333333333	0.333333333333333	1	1	1	1	0
320	160	0	0	1	0	0.625	0.5	0.75	0.625	1	0.875	0.875	1	0
20	320	0	0	1	0.25	0.5	0.25	0	0.25	0.75	0.25	0.25	1	0
40	320	0	0	1	0	0.428571428571429	0	0	0.142857142857143	0.571428571428571	0.142857142857143	0.142857142857143	1	0
80	320	0	0	1	0.25	0.75	0.25	0	0.5	1	0.75	0.75	1	0
160	320	0	0	1	0	0.666666666666667	0	0	0.666666666666667	0.666666666666667	0.666666666666667	0.666666666666667	1	0
320	320	0	0	1	0.125	0.375	0.375	0.375	0.375	0.875	0.625	0.625	1	0.125
20	20	0.2	0	1	0.142857142857143	0.571428571428571	0.571428571428571	0.571428571428571	0.571428571428571	0.857142857142857	0.714285714285714	0.714285714285714	1	0
40	20	0.2	0	1	0	0.5	0.571428571428571	0.5	0.285714285714286	0.928571428571429	0.642857142857143	0.642857142857143	1	0.0714285714285714
80	20	0.2	0	1	0.0588235294117647	0.411764705882353	0.705882352941177	0.705882352941177	0.352941176470588	0.941176470588235	0.882352941176471	0.823529411764706	1	0.117647058823529
160	20	0.2	0	1	0	0.4	0.725	0.875	0.3	1	0.875	0.875	1	0.075
320	20	0.2	0	1	0.0277777777777778	0.458333333333333	0.916666666666667	0.930555555555556	0.319444444444444	0.958333333333333	0.930555555555556	0.930555555555556	1	0.25
20	40	0.2	0	1	0	0.428571428571429	0	0	0.285714285714286	0.857142857142857	0.714285714285714	0.857142857142857	0.857142857142857	0
40	40	0.2	0	1	0	0.5	0.142857142857143	0.285714285714286	0.285714285714286	0.928571428571429	0.642857142857143	0.714285714285714	1	0
80	40	0.2	0	1	0	0.705882352941177	0.647058823529412	0.705882352941177	0.411764705882353	1	0.882352941176471	0.882352941176471	1	0
160	40	0.2	0	1	0.05	0.55	0.7	0.725	0.375	0.9	0.725	0.725	1	0.1
320	40	0.2	0	1	0.0972222222222222	0.527777777777778	0.902777777777778	0.833333333333333	0.305555555555556	0.888888888888889	0.847222222222222	0.847222222222222	1	0.166666666666667
20	80	0.2	0	1	0	0.714285714285714	0	0	0.428571428571429	0.714285714285714	0.714285714285714	0.714285714285714	1	0
40	80	0.2	0	1	0	0.571428571428571	0.142857142857143	0.142857142857143	0.214285714285714	0.928571428571429	0.357142857142857	0.428571428571429	1	0
80	80	0.2	0	1	0	0.588235294117647	0.352941176470588	0.235294117647059	0.235294117647059	0.941176470588235	0.588235294117647	0.647058823529412	1	0
160	80	0.2	0	1	0	0.65	0.65	0.65	0.3	1	0.875	0.875	1	0.025
320	80	0.2	0	1	0.0416666666666667	0.458333333333333	0.763888888888889	0.680555555555556	0.263888888888889	0.944444444444444	0.777777777777778	0.777777777777778	1	0.0555555555555556
20	160	0.2	0	1	0	0.571428571428571	0	0	0.428571428571429	0.857142857142857	0.428571428571429	0.428571428571429	0.857142857142857	0
40	160	0.2	0	1	0.142857142857143	0.5	0.142857142857143	0	0.142857142857143	0.714285714285714	0.214285714285714	0.285714285714286	1	0
80	160	0.2	0	1	0	0.470588235294118	0.176470588235294	0.0588235294117647	0.235294117647059	0.882352941176471	0.529411764705882	0.529411764705882	1	0
160	160	0.2	0	1	0.025	0.55	0.375	0.275	0.275	0.925	0.575	0.575	1	0
320	160	0.2	0	1	0.0277777777777778	0.458333333333333	0.680555555555556	0.444444444444444	0.333333333333333	0.833333333333333	0.583333333333333	0.583333333333333	0.986111111111111	0.0416666666666667
20	320	0.2	0	1	0	0.285714285714286	0	0	0	0.714285714285714	0	0.142857142857143	1	0
40	320	0.2	0	1	0	0.5	0.142857142857143	0	0.214285714285714	0.785714285714286	0.214285714285714	0.285714285714286	1	0
80	320	0.2	0	1	0.0588235294117647	0.588235294117647	0.176470588235294	0	0.117647058823529	0.882352941176471	0.411764705882353	0.411764705882353	1	0
160	320	0.2	0	1	0.125	0.425	0.275	0.1	0.25	0.825	0.4	0.4	1	0
320	320	0.2	0	1	0.0972222222222222	0.486111111111111	0.555555555555556	0.222222222222222	0.236111111111111	0.777777777777778	0.444444444444444	0.444444444444444	0.972222222222222	0.0138888888888889
20	20	0.5	0	1	0.0256410256410256	0.58974358974359	0.461538461538462	0.307692307692308	0.333333333333333	0.871794871794872	0.692307692307692	0.692307692307692	1	0.0256410256410256
40	20	0.5	0	1	0.0227272727272727	0.477272727272727	0.659090909090909	0.431818181818182	0.272727272727273	0.863636363636364	0.636363636363636	0.636363636363636	1	0.0227272727272727
80	20	0.5	0	1	0.0113636363636364	0.5	0.965909090909091	0.590909090909091	0.284090909090909	0.886363636363636	0.681818181818182	0.704545454545455	1	0.0568181818181818
160	20	0.5	0	1	0.0412371134020619	0.494845360824742	0.989690721649485	0.628865979381443	0.216494845360825	0.876288659793814	0.670103092783505	0.670103092783505	1	0.0721649484536082
320	20	0.5	0	1	0.04	0.49	1	0.66	0.14	0.81	0.69	0.69	1	0.05
20	40	0.5	0	1	0.0512820512820513	0.512820512820513	0.256410256410256	0.0769230769230769	0.307692307692308	0.871794871794872	0.487179487179487	0.538461538461538	0.974358974358974	0
40	40	0.5	0	1	0.0454545454545455	0.522727272727273	0.409090909090909	0.181818181818182	0.181818181818182	0.772727272727273	0.454545454545455	0.454545454545455	1	0
80	40	0.5	0	1	0.0795454545454545	0.465909090909091	0.795454545454545	0.386363636363636	0.215909090909091	0.761363636363636	0.477272727272727	0.488636363636364	0.965909090909091	0.0113636363636364
160	40	0.5	0	1	0.0721649484536082	0.45360824742268	0.948453608247423	0.350515463917526	0.11340206185567	0.721649484536082	0.443298969072165	0.443298969072165	0.969072164948454	0.0309278350515464
320	40	0.5	0	1	0.07	0.46	1	0.33	0.05	0.65	0.38	0.38	0.96	0.01
20	80	0.5	0	1	0.0512820512820513	0.461538461538462	0.0769230769230769	0.0256410256410256	0.153846153846154	0.717948717948718	0.205128205128205	0.256410256410256	1	0
40	80	0.5	0	1	0	0.5	0.25	0.0454545454545455	0.136363636363636	0.75	0.227272727272727	0.272727272727273	1	0
80	80	0.5	0	1	0.0454545454545455	0.534090909090909	0.659090909090909	0.0795454545454545	0.0795454545454545	0.704545454545455	0.295454545454545	0.295454545454545	0.965909090909091	0.0113636363636364
160	80	0.5	0	1	0.0412371134020619	0.494845360824742	0.969072164948454	0.103092783505155	0.0515463917525773	0.577319587628866	0.175257731958763	0.195876288659794	0.876288659793814	0
320	80	0.5	0	1	0.04	0.5	1	0.1	0.02	0.42	0.13	0.13	0.85	0
20	160	0.5	0	1	0.0512820512820513	0.461538461538462	0.128205128205128	0	0.153846153846154	0.666666666666667	0.179487179487179	0.205128205128205	1	0
40	160	0.5	0	1	0.0227272727272727	0.431818181818182	0.159090909090909	0	0.0454545454545455	0.568181818181818	0.136363636363636	0.181818181818182	0.954545454545455	0
80	160	0.5	0	1	0.0340909090909091	0.454545454545455	0.420454545454545	0.0227272727272727	0.102272727272727	0.454545454545455	0.181818181818182	0.181818181818182	0.886363636363636	0
160	160	0.5	0	1	0.0309278350515464	0.463917525773196	0.907216494845361	0.0309278350515464	0.0309278350515464	0.319587628865979	0.103092783505155	0.11340206185567	0.731958762886598	0.0103092783505155
320	160	0.5	0	1	0.03	0.46	1	0.01	0.01	0.12	0.03	0.03	0.57	0
20	320	0.5	0	1	0.0512820512820513	0.58974358974359	0.0512820512820513	0	0.0512820512820513	0.615384615384615	0.0512820512820513	0.0512820512820513	1	0
40	320	0.5	0	1	0.113636363636364	0.409090909090909	0.0909090909090909	0	0.0909090909090909	0.318181818181818	0.0909090909090909	0.0909090909090909	0.909090909090909	0
80	320	0.5	0	1	0.0795454545454545	0.477272727272727	0.25	0	0.0681818181818182	0.329545454545455	0.113636363636364	0.113636363636364	0.829545454545455	0
160	320	0.5	0	1	0.0824742268041237	0.474226804123711	0.680412371134021	0	0	0.144329896907216	0.0206185567010309	0.0206185567010309	0.628865979381443	0
320	320	0.5	0	1	0.08	0.46	0.98	0	0	0.06	0	0	0.25	0
20	20	0.8	0	1	0.0140845070422535	0.450704225352113	0.52112676056338	0.183098591549296	0.211267605633803	0.76056338028169	0.366197183098592	0.394366197183099	0.971830985915493	0
40	20	0.8	0	1	0.0425531914893617	0.5	0.829787234042553	0.329787234042553	0.212765957446809	0.787234042553192	0.404255319148936	0.436170212765957	1	0.0106382978723404
80	20	0.8	0	1	0.04	0.49	1	0.31	0.1	0.66	0.39	0.44	0.96	0.01
160	20	0.8	0	1	0.04	0.49	1	0.3	0.05	0.6	0.35	0.39	0.96	0.01
320	20	0.8	0	1	0.04	0.49	1	0.31	0.03	0.53	0.32	0.35	0.96	0
20	40	0.8	0	1	0.0563380281690141	0.492957746478873	0.309859154929577	0.0422535211267606	0.140845070422535	0.577464788732394	0.197183098591549	0.253521126760563	0.971830985915493	0
40	40	0.8	0	1	0.0638297872340425	0.436170212765957	0.617021276595745	0.074468085106383	0.074468085106383	0.627659574468085	0.212765957446809	0.25531914893617	0.914893617021277	0
80	40	0.8	0	1	0.07	0.46	0.98	0.06	0.02	0.39	0.19	0.21	0.86	0
160	40	0.8	0	1	0.07	0.46	1	0.06	0.02	0.23	0.1	0.1	0.75	0.01
320	40	0.8	0	1	0.07	0.46	1	0.06	0.01	0.2	0.06	0.09	0.71	0
20	80	0.8	0	1	0.028169014084507	0.549295774647887	0.169014084507042	0	0.0845070422535211	0.47887323943662	0.0985915492957746	0.126760563380282	0.985915492957746	0
40	80	0.8	0	1	0.0319148936170213	0.521276595744681	0.48936170212766	0.0212765957446809	0.0851063829787234	0.351063829787234	0.180851063829787	0.180851063829787	0.893617021276596	0
80	80	0.8	0	1	0.04	0.5	0.91	0.01	0.01	0.18	0.04	0.04	0.65	0
160	80	0.8	0	1	0.04	0.5	1	0	0	0.07	0.01	0.01	0.41	0
320	80	0.8	0	1	0.04	0.5	1	0	0	0.02	0	0	0.25	0
20	160	0.8	0	1	0.0140845070422535	0.450704225352113	0.0845070422535211	0	0.0563380281690141	0.323943661971831	0.0704225352112676	0.112676056338028	0.943661971830986	0
40	160	0.8	0	1	0.0319148936170213	0.457446808510638	0.265957446808511	0	0.0106382978723404	0.297872340425532	0.0319148936170213	0.0425531914893617	0.819148936170213	0
80	160	0.8	0	1	0.03	0.46	0.82	0.01	0.01	0.07	0.02	0.02	0.43	0
160	160	0.8	0	1	0.03	0.46	1	0	0	0.02	0	0	0.09	0
320	160	0.8	0	1	0.03	0.46	1	0	0	0	0	0	0.04	0
20	320	0.8	0	1	0.0985915492957746	0.47887323943662	0.0845070422535211	0	0.0422535211267606	0.23943661971831	0.0422535211267606	0.0422535211267606	0.887323943661972	0
40	320	0.8	0	1	0.0851063829787234	0.457446808510638	0.0851063829787234	0	0.0212765957446809	0.212765957446809	0.0319148936170213	0.0319148936170213	0.734042553191489	0
80	320	0.8	0	1	0.08	0.46	0.53	0	0	0.07	0	0	0.25	0
160	320	0.8	0	1	0.08	0.46	0.96	0	0	0	0	0	0.03	0
320	320	0.8	0	1	0.08	0.46	1	0	0	0	0	0	0	0
20	20	1	0	1	0.0340909090909091	0.477272727272727	0.522727272727273	0.102272727272727	0.136363636363636	0.636363636363636	0.318181818181818	0.375	0.943181818181818	0
40	20	1	0	1	0.0404040404040404	0.494949494949495	0.94949494949495	0.222222222222222	0.101010101010101	0.606060606060606	0.323232323232323	0.343434343434343	0.95959595959596	0.0202020202020202
80	20	1	0	1	0.04	0.49	1	0.13	0.02	0.45	0.2	0.23	0.88	0.02
160	20	1	0	1	0.04	0.49	1	0.17	0.03	0.31	0.18	0.19	0.86	0
320	20	1	0	1	0.04	0.49	1	0.14	0	0.28	0.15	0.17	0.89	0
20	40	1	0	1	0.0795454545454545	0.477272727272727	0.409090909090909	0.0227272727272727	0.0795454545454545	0.5	0.125	0.147727272727273	0.909090909090909	0
40	40	1	0	1	0.0707070707070707	0.454545454545455	0.818181818181818	0.0404040404040404	0.0404040404040404	0.343434343434343	0.151515151515152	0.171717171717172	0.787878787878788	0
80	40	1	0	1	0.07	0.46	1	0.01	0	0.17	0.04	0.05	0.6	0
160	40	1	0	1	0.07	0.46	1	0.02	0	0.12	0.02	0.04	0.47	0
320	40	1	0	1	0.07	0.46	1	0.01	0	0.05	0.01	0.01	0.38	0
20	80	1	0	1	0.0454545454545455	0.511363636363636	0.193181818181818	0	0.0568181818181818	0.363636363636364	0.0681818181818182	0.0909090909090909	0.829545454545455	0
40	80	1	0	1	0.0404040404040404	0.505050505050505	0.626262626262626	0.0101010101010101	0.0101010101010101	0.242424242424242	0.0606060606060606	0.0707070707070707	0.676767676767677	0
80	80	1	0	1	0.04	0.5	1	0	0	0.04	0	0	0.3	0
160	80	1	0	1	0.04	0.5	1	0	0	0.01	0	0	0.11	0
320	80	1	0	1	0.04	0.5	1	0	0	0	0	0	0.04	0
20	160	1	0	1	0.0227272727272727	0.454545454545455	0.113636363636364	0	0.0227272727272727	0.227272727272727	0.0568181818181818	0.0681818181818182	0.784090909090909	0
40	160	1	0	1	0.0303030303030303	0.464646464646465	0.393939393939394	0	0.0101010101010101	0.111111111111111	0.0202020202020202	0.0202020202020202	0.545454545454545	0
80	160	1	0	1	0.03	0.46	0.89	0	0	0	0	0	0.09	0
160	160	1	0	1	0.03	0.46	1	0	0	0	0	0	0.01	0
320	160	1	0	1	0.03	0.46	1	0	0	0	0	0	0	0
20	320	1	0	1	0.0909090909090909	0.477272727272727	0.0681818181818182	0	0.0227272727272727	0.136363636363636	0.0227272727272727	0.0454545454545455	0.75	0
40	320	1	0	1	0.0808080808080808	0.454545454545455	0.191919191919192	0	0	0.0707070707070707	0.0101010101010101	0.0101010101010101	0.444444444444444	0
80	320	1	0	1	0.08	0.46	0.68	0	0	0	0	0	0.04	0
160	320	1	0	1	0.08	0.46	1	0	0	0	0	0	0	0
320	320	1	0	1	0.08	0.46	1	0	0	0	0	0	0	0
20	20	0	0.2	1	0	0.75	0.5	0.25	0.5	1	1	1	1	0
40	20	0	0.2	1	0	0.285714285714286	0.142857142857143	0.285714285714286	0.285714285714286	1	0.428571428571429	0.428571428571429	1	0.142857142857143
80	20	0	0.2	1	0	0	0	0.75	0	1	0.75	0.75	1	0
160	20	0	0.2	1	0	0.666666666666667	0.666666666666667	1	0.333333333333333	1	1	1	1	0.666666666666667
320	20	0	0.2	1	0	0.5	0.75	0.875	0.375	1	0.875	0.875	1	0.375
20	40	0	0.2	1	0	0.75	0.5	0.25	0.5	1	0.5	0.75	1	0
40	40	0	0.2	1	0	0.285714285714286	0.142857142857143	0.142857142857143	0.142857142857143	0.714285714285714	0.428571428571429	0.571428571428571	1	0
80	40	0	0.2	1	0	0.25	0.25	0.75	0.25	0.75	0.75	0.75	1	0.25
160	40	0	0.2	1	0	0	0	0.666666666666667	0	1	0.666666666666667	0.666666666666667	1	0
320	40	0	0.2	1	0.125	0.5	0.5	0.5	0.25	0.75	0.5	0.5	1	0.25
20	80	0	0.2	1	0	0.75	0.75	0	0.5	1	0.75	0.75	1	0
40	80	0	0.2	1	0.285714285714286	0.428571428571429	0.285714285714286	0.285714285714286	0.428571428571429	0.571428571428571	0.428571428571429	0.428571428571429	1	0
80	80	0	0.2	1	0.25	0.5	0.5	0.5	0.5	0.5	0.5	0.5	1	0
160	80	0	0.2	1	0	0.333333333333333	0.333333333333333	0.666666666666667	0.333333333333333	1	0.666666666666667	0.666666666666667	1	0.333333333333333
320	80	0	0.2	1	0.125	0.625	0.625	0.625	0.375	0.875	0.625	0.625	1	0.25
20	160	0	0.2	1	0.25	0.5	0.25	0	0.25	1	0.25	0.25	1	0
40	160	0	0.2	1	0.714285714285714	0.428571428571429	0.428571428571429	0.285714285714286	0.428571428571429	0.428571428571429	0.428571428571429	0.428571428571429	1	0
80	160	0	0.2	1	0.5	0.5	0.25	0.25	0.5	0.5	0.5	0.5	1	0
160	160	0	0.2	1	0.333333333333333	0.666666666666667	0.333333333333333	0.666666666666667	0.666666666666667	0.666666666666667	0.666666666666667	0.666666666666667	1	0
320	160	0	0.2	1	0.375	0.5	0.5	0.625	0.5	0.875	0.75	0.75	1	0.375
20	320	0	0.2	1	0.75	0.75	0.75	0	0.75	0.75	0.75	0.75	1	0
40	320	0	0.2	1	0.857142857142857	0.428571428571429	0.714285714285714	0	0.428571428571429	0.428571428571429	0.428571428571429	0.428571428571429	0.857142857142857	0
80	320	0	0.2	1	0.75	0.5	0.5	0.25	0.5	0.75	0.5	0.5	1	0
160	320	0	0.2	1	0.666666666666667	0.333333333333333	0.333333333333333	0.333333333333333	0.333333333333333	0.333333333333333	0.333333333333333	0.333333333333333	1	0
320	320	0	0.2	1	0.5	0.5	0.5	0.5	0.5	0.625	0.5	0.5	1	0.125
20	20	0.2	0.2	1	0	0.428571428571429	0.142857142857143	0.428571428571429	0.428571428571429	0.857142857142857	0.714285714285714	0.714285714285714	1	0
40	20	0.2	0.2	1	0.0714285714285714	0.785714285714286	0.785714285714286	0.857142857142857	0.785714285714286	1	1	1	1	0.0714285714285714
80	20	0.2	0.2	1	0.176470588235294	0.647058823529412	0.764705882352941	0.764705882352941	0.588235294117647	1	0.882352941176471	0.882352941176471	1	0.470588235294118
160	20	0.2	0.2	1	0.1	0.725	0.9	0.9	0.45	0.975	0.975	0.975	1	0.4
320	20	0.2	0.2	1	0.0833333333333333	0.722222222222222	0.958333333333333	0.944444444444444	0.305555555555556	0.986111111111111	0.944444444444444	0.944444444444444	1	0.458333333333333
20	40	0.2	0.2	1	0.142857142857143	0.714285714285714	0.714285714285714	0.571428571428571	0.571428571428571	0.857142857142857	0.714285714285714	0.714285714285714	1	0
40	40	0.2	0.2	1	0.142857142857143	0.785714285714286	0.714285714285714	0.642857142857143	0.642857142857143	0.928571428571429	0.785714285714286	0.785714285714286	0.928571428571429	0.0714285714285714
80	40	0.2	0.2	1	0.235294117647059	0.882352941176471	0.882352941176471	0.823529411764706	0.647058823529412	0.941176470588235	0.941176470588235	0.941176470588235	1	0.176470588235294
160	40	0.2	0.2	1	0.1	0.8	0.875	0.975	0.7	1	1	1	1	0.425
320	40	0.2	0.2	1	0.138888888888889	0.805555555555556	0.944444444444444	0.944444444444444	0.555555555555556	0.986111111111111	0.944444444444444	0.944444444444444	1	0.444444444444444
20	80	0.2	0.2	1	0.285714285714286	1	0.857142857142857	0.142857142857143	0.857142857142857	0.857142857142857	0.857142857142857	0.857142857142857	1	0
40	80	0.2	0.2	1	0.142857142857143	0.857142857142857	0.714285714285714	0.428571428571429	0.714285714285714	0.857142857142857	0.785714285714286	0.785714285714286	1	0
80	80	0.2	0.2	1	0.117647058823529	0.882352941176471	0.764705882352941	0.647058823529412	0.705882352941177	1	0.941176470588235	0.941176470588235	1	0
160	80	0.2	0.2	1	0.1	0.9	0.875	0.925	0.85	1	1	1	1	0.2
320	80	0.2	0.2	1	0.180555555555556	0.847222222222222	0.916666666666667	0.902777777777778	0.625	1	0.930555555555556	0.930555555555556	1	0.361111111111111
20	160	0.2	0.2	1	0.285714285714286	0.857142857142857	0.714285714285714	0	0.714285714285714	0.857142857142857	0.714285714285714	0.714285714285714	1	0
40	160	0.2	0.2	1	0.285714285714286	0.928571428571429	0.714285714285714	0.214285714285714	0.714285714285714	0.857142857142857	0.714285714285714	0.714285714285714	1	0
80	160	0.2	0.2	1	0.294117647058824	1	0.941176470588235	0.529411764705882	1	1	1	1	1	0
160	160	0.2	0.2	1	0.4	0.975	0.95	0.9	0.9	1	1	1	1	0.225
320	160	0.2	0.2	1	0.347222222222222	0.972222222222222	0.972222222222222	0.888888888888889	0.805555555555556	1	0.972222222222222	0.972222222222222	1	0.402777777777778
20	320	0.2	0.2	1	0.571428571428571	1	1	0	0.857142857142857	0.857142857142857	0.857142857142857	0.857142857142857	1	0
40	320	0.2	0.2	1	0.857142857142857	0.928571428571429	0.857142857142857	0	0.785714285714286	0.785714285714286	0.785714285714286	0.785714285714286	1	0
80	320	0.2	0.2	1	0.647058823529412	1	0.941176470588235	0.235294117647059	0.882352941176471	1	0.882352941176471	0.882352941176471	1	0
160	320	0.2	0.2	1	0.75	1	1	0.7	0.925	1	1	1	1	0.075
320	320	0.2	0.2	1	0.680555555555556	1	1	0.861111111111111	0.861111111111111	1	0.972222222222222	0.972222222222222	1	0.375
20	20	0.5	0.2	1	0.102564102564103	0.743589743589744	0.58974358974359	0.564102564102564	0.58974358974359	1	0.769230769230769	0.769230769230769	1	0.0512820512820513
40	20	0.5	0.2	1	0.0681818181818182	0.772727272727273	0.886363636363636	0.772727272727273	0.522727272727273	0.931818181818182	0.818181818181818	0.818181818181818	1	0.0681818181818182
80	20	0.5	0.2	1	0.0568181818181818	0.738636363636364	0.931818181818182	0.784090909090909	0.465909090909091	0.965909090909091	0.818181818181818	0.806818181818182	1	0.159090909090909
160	20	0.5	0.2	1	0.0618556701030928	0.721649484536082	1	0.824742268041237	0.329896907216495	0.938144329896907	0.865979381443299	0.865979381443299	1	0.22680412371134
320	20	0.5	0.2	1	0.07	0.71	1	0.79	0.26	0.89	0.81	0.81	1	0.16
20	40	0.5	0.2	1	0.153846153846154	0.82051282051282	0.641025641025641	0.333333333333333	0.641025641025641	0.974358974358974	0.717948717948718	0.743589743589744	1	0.0512820512820513
40	40	0.5	0.2	1	0.113636363636364	0.772727272727273	0.795454545454545	0.477272727272727	0.522727272727273	0.863636363636364	0.727272727272727	0.772727272727273	0.977272727272727	0.0227272727272727
80	40	0.5	0.2	1	0.147727272727273	0.784090909090909	0.909090909090909	0.670454545454545	0.477272727272727	0.943181818181818	0.772727272727273	0.784090909090909	1	0.0909090909090909
160	40	0.5	0.2	1	0.144329896907216	0.814432989690722	0.979381443298969	0.690721649484536	0.391752577319588	0.907216494845361	0.731958762886598	0.742268041237113	0.989690721649485	0.134020618556701
320	40	0.5	0.2	1	0.14	0.8	1	0.74	0.26	0.87	0.75	0.75	1	0.09
20	80	0.5	0.2	1	0.179487179487179	0.897435897435897	0.512820512820513	0.102564102564103	0.564102564102564	0.871794871794872	0.615384615384615	0.692307692307692	1	0
40	80	0.5	0.2	1	0.181818181818182	0.840909090909091	0.636363636363636	0.159090909090909	0.431818181818182	0.863636363636364	0.636363636363636	0.681818181818182	1	0
80	80	0.5	0.2	1	0.181818181818182	0.886363636363636	0.954545454545455	0.477272727272727	0.488636363636364	0.863636363636364	0.647727272727273	0.647727272727273	1	0.0454545454545455
160	80	0.5	0.2	1	0.175257731958763	0.876288659793814	1	0.525773195876289	0.319587628865979	0.845360824742268	0.618556701030928	0.628865979381443	0.989690721649485	0.0515463917525773
320	80	0.5	0.2	1	0.17	0.88	1	0.48	0.18	0.79	0.56	0.61	0.98	0.03
20	160	0.5	0.2	1	0.358974358974359	0.974358974358974	0.641025641025641	0	0.641025641025641	0.923076923076923	0.641025641025641	0.666666666666667	1	0
40	160	0.5	0.2	1	0.409090909090909	0.954545454545455	0.840909090909091	0.0454545454545455	0.409090909090909	0.909090909090909	0.545454545454545	0.568181818181818	1	0
80	160	0.5	0.2	1	0.397727272727273	0.965909090909091	0.954545454545455	0.227272727272727	0.477272727272727	0.875	0.636363636363636	0.636363636363636	0.988636363636364	0
160	160	0.5	0.2	1	0.391752577319588	0.969072164948454	0.989690721649485	0.288659793814433	0.298969072164948	0.804123711340206	0.463917525773196	0.463917525773196	0.979381443298969	0.0206185567010309
320	160	0.5	0.2	1	0.4	0.97	1	0.22	0.12	0.68	0.36	0.36	0.98	0.01
20	320	0.5	0.2	1	0.615384615384615	1	0.82051282051282	0	0.58974358974359	0.82051282051282	0.58974358974359	0.58974358974359	1	0
40	320	0.5	0.2	1	0.727272727272727	1	0.909090909090909	0	0.409090909090909	0.795454545454545	0.477272727272727	0.522727272727273	1	0
80	320	0.5	0.2	1	0.738636363636364	1	0.977272727272727	0.113636363636364	0.511363636363636	0.772727272727273	0.579545454545455	0.590909090909091	0.988636363636364	0
160	320	0.5	0.2	1	0.711340206185567	1	1	0.123711340206186	0.237113402061856	0.690721649484536	0.381443298969072	0.381443298969072	0.948453608247423	0.0103092783505155
320	320	0.5	0.2	1	0.72	1	1	0.07	0.07	0.52	0.21	0.21	0.9	0
20	20	0.8	0.2	1	0.0845070422535211	0.704225352112676	0.704225352112676	0.323943661971831	0.338028169014085	0.887323943661972	0.549295774647887	0.563380281690141	1	0.0140845070422535
40	20	0.8	0.2	1	0.0638297872340425	0.702127659574468	0.904255319148936	0.51063829787234	0.340425531914894	0.861702127659574	0.648936170212766	0.702127659574468	0.98936170212766	0.0319148936170213
80	20	0.8	0.2	1	0.07	0.71	1	0.52	0.21	0.78	0.6	0.62	1	0.02
160	20	0.8	0.2	1	0.07	0.71	1	0.49	0.11	0.78	0.52	0.55	1	0.01
320	20	0.8	0.2	1	0.07	0.71	1	0.55	0.05	0.7	0.56	0.57	1	0.02
20	40	0.8	0.2	1	0.112676056338028	0.788732394366197	0.619718309859155	0.0985915492957746	0.338028169014085	0.816901408450704	0.47887323943662	0.549295774647887	1	0
40	40	0.8	0.2	1	0.138297872340426	0.808510638297872	0.851063829787234	0.319148936170213	0.319148936170213	0.829787234042553	0.574468085106383	0.595744680851064	0.968085106382979	0.0106382978723404
80	40	0.8	0.2	1	0.14	0.8	0.99	0.28	0.14	0.77	0.37	0.38	0.96	0.04
160	40	0.8	0.2	1	0.14	0.8	1	0.27	0.09	0.62	0.34	0.36	0.92	0.03
320	40	0.8	0.2	1	0.14	0.8	1	0.3	0.03	0.55	0.38	0.42	0.93	0.01
20	80	0.8	0.2	1	0.154929577464789	0.859154929577465	0.605633802816901	0.0140845070422535	0.323943661971831	0.676056338028169	0.366197183098592	0.436619718309859	1	0
40	80	0.8	0.2	1	0.159574468085106	0.872340425531915	0.829787234042553	0.138297872340426	0.297872340425532	0.702127659574468	0.382978723404255	0.404255319148936	0.957446808510638	0
80	80	0.8	0.2	1	0.17	0.88	0.98	0.07	0.08	0.54	0.18	0.2	0.91	0
160	80	0.8	0.2	1	0.17	0.88	1	0.04	0.01	0.37	0.1	0.1	0.79	0
320	80	0.8	0.2	1	0.17	0.88	1	0.07	0.01	0.19	0.09	0.09	0.74	0
20	160	0.8	0.2	1	0.408450704225352	0.971830985915493	0.732394366197183	0	0.267605633802817	0.591549295774648	0.267605633802817	0.352112676056338	1	0
40	160	0.8	0.2	1	0.393617021276596	0.968085106382979	0.904255319148936	0.0425531914893617	0.265957446808511	0.617021276595745	0.372340425531915	0.372340425531915	0.936170212765957	0
80	160	0.8	0.2	1	0.4	0.97	1	0.04	0.05	0.35	0.12	0.13	0.81	0
160	160	0.8	0.2	1	0.4	0.97	1	0.02	0.02	0.15	0.03	0.03	0.55	0
320	160	0.8	0.2	1	0.4	0.97	1	0	0	0.05	0	0	0.35	0
20	320	0.8	0.2	1	0.690140845070423	1	0.859154929577465	0	0.267605633802817	0.52112676056338	0.253521126760563	0.295774647887324	0.985915492957746	0
40	320	0.8	0.2	1	0.712765957446808	1	0.946808510638298	0	0.234042553191489	0.478723404255319	0.276595744680851	0.297872340425532	0.925531914893617	0
80	320	0.8	0.2	1	0.72	1	1	0.01	0.08	0.21	0.1	0.1	0.73	0
160	320	0.8	0.2	1	0.72	1	1	0	0	0.05	0	0	0.36	0
320	320	0.8	0.2	1	0.72	1	1	0	0	0.01	0	0	0.08	0
20	20	1	0.2	1	0.0681818181818182	0.727272727272727	0.806818181818182	0.238636363636364	0.295454545454545	0.772727272727273	0.477272727272727	0.568181818181818	1	0.0113636363636364
40	20	1	0.2	1	0.0707070707070707	0.707070707070707	0.95959595959596	0.343434343434343	0.202020202020202	0.757575757575758	0.454545454545455	0.474747474747475	0.97979797979798	0.0202020202020202
80	20	1	0.2	1	0.07	0.71	1	0.32	0.04	0.65	0.38	0.4	0.98	0.01
160	20	1	0.2	1	0.07	0.71	1	0.31	0.01	0.59	0.33	0.36	0.98	0.01
320	20	1	0.2	1	0.07	0.71	1	0.34	0.01	0.54	0.36	0.38	0.91	0.01
20	40	1	0.2	1	0.136363636363636	0.806818181818182	0.704545454545455	0.125	0.25	0.715909090909091	0.329545454545455	0.386363636363636	0.977272727272727	0.0113636363636364
40	40	1	0.2	1	0.141414141414141	0.797979797979798	0.919191919191919	0.121212121212121	0.141414141414141	0.717171717171717	0.262626262626263	0.313131313131313	0.96969696969697	0
80	40	1	0.2	1	0.14	0.8	1	0.09	0.04	0.5	0.15	0.16	0.88	0
160	40	1	0.2	1	0.14	0.8	1	0.11	0.02	0.39	0.14	0.16	0.76	0
320	40	1	0.2	1	0.14	0.8	1	0.09	0.01	0.26	0.11	0.13	0.72	0
20	80	1	0.2	1	0.170454545454545	0.897727272727273	0.670454545454545	0	0.170454545454545	0.625	0.215909090909091	0.261363636363636	0.965909090909091	0
40	80	1	0.2	1	0.171717171717172	0.878787878787879	0.898989898989899	0.0303030303030303	0.0909090909090909	0.505050505050505	0.171717171717172	0.202020202020202	0.878787878787879	0.0101010101010101
80	80	1	0.2	1	0.17	0.88	1	0.03	0.03	0.21	0.03	0.04	0.64	0
160	80	1	0.2	1	0.17	0.88	1	0	0	0.12	0.01	0.02	0.43	0
320	80	1	0.2	1	0.17	0.88	1	0	0	0.02	0	0	0.34	0
20	160	1	0.2	1	0.397727272727273	0.965909090909091	0.818181818181818	0	0.215909090909091	0.420454545454545	0.215909090909091	0.227272727272727	0.931818181818182	0
40	160	1	0.2	1	0.404040404040404	0.96969696969697	0.929292929292929	0	0.0707070707070707	0.343434343434343	0.101010101010101	0.111111111111111	0.858585858585859	0
80	160	1	0.2	1	0.4	0.97	1	0	0	0.05	0	0	0.44	0
160	160	1	0.2	1	0.4	0.97	1	0	0	0	0	0	0.14	0
320	160	1	0.2	1	0.4	0.97	1	0	0	0	0	0	0.02	0
20	320	1	0.2	1	0.715909090909091	1	0.897727272727273	0	0.227272727272727	0.329545454545455	0.227272727272727	0.238636363636364	0.897727272727273	0
40	320	1	0.2	1	0.717171717171717	1	0.98989898989899	0	0.121212121212121	0.252525252525253	0.121212121212121	0.121212121212121	0.757575757575758	0
80	320	1	0.2	1	0.72	1	1	0	0.01	0.04	0.01	0.01	0.3	0
160	320	1	0.2	1	0.72	1	1	0	0	0	0	0	0.04	0
320	320	1	0.2	1	0.72	1	1	0	0	0	0	0	0	0
20	20	0	0.5	1	0.5	0.75	0.75	0.75	0.75	0.75	0.75	0.75	1	0.25
40	20	0	0.5	1	0.571428571428571	0.285714285714286	0.428571428571429	0.428571428571429	0.285714285714286	0.571428571428571	0.571428571428571	0.571428571428571	1	0.142857142857143
80	20	0	0.5	1	0	0.25	0.5	0.5	0.25	1	0.5	0.5	1	0.25
160	20	0	0.5	1	0.333333333333333	0.333333333333333	0.333333333333333	0.333333333333333	0.333333333333333	0.666666666666667	0.333333333333333	0.333333333333333	1	0.333333333333333
320	20	0	0.5	1	0.5	0.625	0.625	0.625	0	0.75	0.625	0.625	1	0.5
20	40	0	0.5	1	1	0.75	0.75	0.75	0.75	0.75	0.75	0.75	1	0.25
40	40	0	0.5	1	0.571428571428571	0.428571428571429	0.285714285714286	0.428571428571429	0.428571428571429	0.571428571428571	0.571428571428571	0.571428571428571	0.857142857142857	0.142857142857143
80	40	0	0.5	1	0	0.5	0.5	0.5	0.5	1	0.75	0.75	1	0.25
160	40	0	0.5	1	0.666666666666667	0.333333333333333	0.333333333333333	0.333333333333333	0.333333333333333	0.333333333333333	0.333333333333333	0.333333333333333	1	0.333333333333333
320	40	0	0.5	1	0.375	0.5	0.625	0.625	0.25	0.75	0.75	0.75	1	0.5
20	80	0	0.5	1	0.75	0.75	0.75	0.25	0.75	0.75	0.75	0.75	1	0
40	80	0	0.5	1	0.857142857142857	0.428571428571429	0.571428571428571	0.428571428571429	0.428571428571429	0.571428571428571	0.428571428571429	0.428571428571429	0.857142857142857	0.285714285714286
80	80	0	0.5	1	1	0.5	0.5	0.25	0.25	0.5	0.5	0.5	0.5	0.5
160	80	0	0.5	1	1	0.333333333333333	0.333333333333333	0	0	0.333333333333333	0.333333333333333	0.333333333333333	0.666666666666667	0.333333333333333
320	80	0	0.5	1	1	0.5	0.5	0.125	0	0.375	0.125	0.125	0.875	0.5
20	160	0	0.5	1	1	0.75	1	0.25	0.75	0.75	0.75	0.75	0.75	0
40	160	0	0.5	1	1	0.428571428571429	0.857142857142857	0.428571428571429	0.428571428571429	0.428571428571429	0.428571428571429	0.428571428571429	0.571428571428571	0.142857142857143
80	160	0	0.5	1	1	0.5	0.75	0.5	0.5	0.5	0.5	0.5	0.5	0.5
160	160	0	0.5	1	1	0.333333333333333	0.666666666666667	0	0	0.333333333333333	0.333333333333333	0.333333333333333	0.666666666666667	0.333333333333333
320	160	0	0.5	1	1	0.5	0.5	0	0	0.25	0.125	0.125	0.5	0.5
20	320	0	0.5	1	1	0.75	1	0	0.75	0.75	0.75	0.75	0.75	0
40	320	0	0.5	1	1	0.428571428571429	1	0.285714285714286	0.428571428571429	0.428571428571429	0.428571428571429	0.428571428571429	0.428571428571429	0.285714285714286
80	320	0	0.5	1	1	0.5	1	0.25	0.5	0.5	0.5	0.5	0.5	0.5
160	320	0	0.5	1	1	0.333333333333333	1	0	0.333333333333333	0.333333333333333	0.333333333333333	0.333333333333333	0.333333333333333	0.333333333333333
320	320	0	0.5	1	1	0.5	1	0	0	0.125	0	0	0.5	0.5
20	20	0.2	0.5	1	0.285714285714286	1	0.714285714285714	0.714285714285714	0.714285714285714	1	1	1	1	0.142857142857143
40	20	0.2	0.5	1	0.357142857142857	0.928571428571429	0.928571428571429	0.928571428571429	0.785714285714286	1	0.928571428571429	0.928571428571429	1	0.285714285714286
80	20	0.2	0.5	1	0.470588235294118	0.941176470588235	1	0.882352941176471	0.647058823529412	1	0.941176470588235	0.882352941176471	1	0.705882352941177
160	20	0.2	0.5	1	0.35	0.925	0.95	0.9	0.35	1	0.9	0.9	1	0.775
320	20	0.2	0.5	1	0.375	0.944444444444444	0.986111111111111	0.875	0.222222222222222	0.930555555555556	0.902777777777778	0.861111111111111	1	0.75
20	40	0.2	0.5	1	0.428571428571429	0.857142857142857	0.571428571428571	0.428571428571429	0.857142857142857	1	1	1	1	0.142857142857143
40	40	0.2	0.5	1	0.214285714285714	0.928571428571429	0.928571428571429	0.714285714285714	0.714285714285714	1	0.928571428571429	0.928571428571429	1	0.214285714285714
80	40	0.2	0.5	1	0.470588235294118	1	1	1	0.882352941176471	1	1	1	1	0.588235294117647
160	40	0.2	0.5	1	0.375	1	0.975	0.875	0.65	1	0.875	0.875	1	0.7
320	40	0.2	0.5	1	0.416666666666667	0.958333333333333	0.986111111111111	0.819444444444444	0.375	0.930555555555556	0.847222222222222	0.833333333333333	1	0.819444444444444
20	80	0.2	0.5	1	0.857142857142857	1	1	0.714285714285714	0.857142857142857	1	0.857142857142857	0.857142857142857	1	0
40	80	0.2	0.5	1	0.785714285714286	0.928571428571429	0.857142857142857	0.642857142857143	0.857142857142857	1	0.928571428571429	0.928571428571429	1	0.5
80	80	0.2	0.5	1	0.823529411764706	1	1	0.764705882352941	0.764705882352941	1	0.941176470588235	0.941176470588235	1	0.647058823529412
160	80	0.2	0.5	1	0.9	1	1	0.8	0.625	1	0.9	0.9	1	0.875
320	80	0.2	0.5	1	0.916666666666667	1	1	0.625	0.277777777777778	0.902777777777778	0.694444444444444	0.666666666666667	0.986111111111111	0.958333333333333
20	160	0.2	0.5	1	0.857142857142857	1	1	0.571428571428571	0.857142857142857	1	0.857142857142857	0.857142857142857	1	0.142857142857143
40	160	0.2	0.5	1	0.928571428571429	0.928571428571429	0.928571428571429	0.785714285714286	0.928571428571429	0.928571428571429	0.928571428571429	0.928571428571429	1	0.142857142857143
80	160	0.2	0.5	1	0.941176470588235	1	1	0.705882352941177	1	1	1	1	1	0.764705882352941
160	160	0.2	0.5	1	0.975	1	1	0.475	0.45	1	0.775	0.775	1	0.925
320	160	0.2	0.5	1	0.972222222222222	1	1	0.375	0.236111111111111	0.819444444444444	0.513888888888889	0.513888888888889	0.986111111111111	0.986111111111111
20	320	0.2	0.5	1	1	1	1	0.285714285714286	0.857142857142857	0.857142857142857	0.857142857142857	0.857142857142857	1	0
40	320	0.2	0.5	1	1	0.928571428571429	1	0.714285714285714	0.928571428571429	0.928571428571429	0.928571428571429	0.928571428571429	0.928571428571429	0.357142857142857
80	320	0.2	0.5	1	1	1	1	0.823529411764706	0.941176470588235	1	1	1	1	0.764705882352941
160	320	0.2	0.5	1	1	1	1	0.3	0.55	0.975	0.725	0.725	1	0.95
320	320	0.2	0.5	1	1	1	1	0.0972222222222222	0.0972222222222222	0.597222222222222	0.236111111111111	0.236111111111111	0.958333333333333	0.972222222222222
20	20	0.5	0.5	1	0.384615384615385	0.948717948717949	0.897435897435897	0.794871794871795	0.82051282051282	1	0.897435897435897	0.923076923076923	1	0.179487179487179
40	20	0.5	0.5	1	0.363636363636364	0.931818181818182	0.954545454545455	0.863636363636364	0.727272727272727	0.977272727272727	0.931818181818182	0.931818181818182	1	0.340909090909091
80	20	0.5	0.5	1	0.386363636363636	0.943181818181818	1	0.909090909090909	0.636363636363636	1	0.954545454545455	0.920454545454545	1	0.511363636363636
160	20	0.5	0.5	1	0.391752577319588	0.938144329896907	1	0.948453608247423	0.484536082474227	0.989690721649485	0.969072164948454	0.958762886597938	1	0.556701030927835
320	20	0.5	0.5	1	0.39	0.94	1	0.93	0.41	0.99	0.95	0.93	1	0.54
20	40	0.5	0.5	1	0.41025641025641	0.974358974358974	0.923076923076923	0.58974358974359	0.846153846153846	1	0.923076923076923	0.923076923076923	1	0.0512820512820513
40	40	0.5	0.5	1	0.431818181818182	0.977272727272727	0.931818181818182	0.772727272727273	0.795454545454545	1	0.954545454545455	0.954545454545455	1	0.25
80	40	0.5	0.5	1	0.397727272727273	0.965909090909091	0.988636363636364	0.840909090909091	0.761363636363636	1	0.897727272727273	0.897727272727273	1	0.318181818181818
160	40	0.5	0.5	1	0.43298969072165	0.969072164948454	0.989690721649485	0.896907216494845	0.65979381443299	0.969072164948454	0.938144329896907	0.927835051546392	1	0.412371134020619
320	40	0.5	0.5	1	0.44	0.97	1	0.93	0.4	0.98	0.95	0.94	1	0.36
20	80	0.5	0.5	1	0.871794871794872	1	0.974358974358974	0.512820512820513	0.871794871794872	0.974358974358974	0.923076923076923	0.948717948717949	1	0.128205128205128
40	80	0.5	0.5	1	0.909090909090909	1	0.977272727272727	0.795454545454545	0.954545454545455	1	0.977272727272727	0.977272727272727	1	0.227272727272727
80	80	0.5	0.5	1	0.897727272727273	1	1	0.897727272727273	0.909090909090909	1	0.977272727272727	0.977272727272727	1	0.431818181818182
160	80	0.5	0.5	1	0.88659793814433	1	1	0.876288659793814	0.721649484536082	1	0.907216494845361	0.927835051546392	1	0.484536082474227
320	80	0.5	0.5	1	0.88	1	1	0.93	0.64	0.99	0.93	0.95	1	0.48
20	160	0.5	0.5	1	0.974358974358974	1	1	0.205128205128205	0.948717948717949	1	0.948717948717949	0.948717948717949	1	0
40	160	0.5	0.5	1	0.931818181818182	1	1	0.636363636363636	0.840909090909091	0.977272727272727	0.863636363636364	0.863636363636364	1	0.227272727272727
80	160	0.5	0.5	1	0.965909090909091	1	1	0.772727272727273	0.886363636363636	0.977272727272727	0.943181818181818	0.943181818181818	1	0.454545454545455
160	160	0.5	0.5	1	0.969072164948454	1	1	0.804123711340206	0.804123711340206	0.979381443298969	0.896907216494845	0.907216494845361	1	0.525773195876289
320	160	0.5	0.5	1	0.97	1	1	0.86	0.75	0.97	0.94	0.94	1	0.5
20	320	0.5	0.5	1	1	1	1	0.179487179487179	1	1	1	1	1	0
40	320	0.5	0.5	1	1	1	1	0.636363636363636	0.909090909090909	0.977272727272727	0.931818181818182	0.931818181818182	1	0.159090909090909
80	320	0.5	0.5	1	1	1	1	0.625	0.931818181818182	1	0.954545454545455	0.965909090909091	1	0.397727272727273
160	320	0.5	0.5	1	1	1	1	0.731958762886598	0.88659793814433	1	0.958762886597938	0.958762886597938	1	0.474226804123711
320	320	0.5	0.5	1	1	1	1	0.85	0.86	1	0.99	0.99	1	0.51
20	20	0.8	0.5	1	0.380281690140845	0.915492957746479	0.859154929577465	0.591549295774648	0.661971830985915	0.985915492957746	0.830985915492958	0.901408450704225	1	0.0985915492957746
40	20	0.8	0.5	1	0.372340425531915	0.936170212765957	0.946808510638298	0.829787234042553	0.691489361702128	1	0.904255319148936	0.914893617021277	1	0.191489361702128
80	20	0.8	0.5	1	0.39	0.94	1	0.83	0.49	0.97	0.85	0.85	1	0.2
160	20	0.8	0.5	1	0.39	0.94	1	0.8	0.37	0.96	0.84	0.86	1	0.22
320	20	0.8	0.5	1	0.39	0.94	1	0.85	0.36	0.95	0.86	0.89	1	0.19
20	40	0.8	0.5	1	0.422535211267606	0.957746478873239	0.901408450704225	0.380281690140845	0.619718309859155	0.943661971830986	0.704225352112676	0.746478873239437	1	0.0422535211267606
40	40	0.8	0.5	1	0.457446808510638	0.968085106382979	0.98936170212766	0.563829787234043	0.585106382978723	0.946808510638298	0.808510638297872	0.819148936170213	0.98936170212766	0.148936170212766
80	40	0.8	0.5	1	0.44	0.97	1	0.6	0.43	0.92	0.76	0.79	1	0.11
160	40	0.8	0.5	1	0.44	0.97	1	0.67	0.27	0.92	0.7	0.72	0.98	0.1
320	40	0.8	0.5	1	0.44	0.97	1	0.65	0.18	0.9	0.73	0.76	0.99	0.09
20	80	0.8	0.5	1	0.859154929577465	1	0.943661971830986	0.183098591549296	0.732394366197183	0.957746478873239	0.774647887323944	0.859154929577465	1	0.028169014084507
40	80	0.8	0.5	1	0.872340425531915	1	1	0.478723404255319	0.74468085106383	0.914893617021277	0.787234042553192	0.829787234042553	1	0.117021276595745
80	80	0.8	0.5	1	0.88	1	1	0.53	0.54	0.94	0.71	0.74	1	0.06
160	80	0.8	0.5	1	0.88	1	1	0.53	0.41	0.87	0.62	0.63	0.99	0.09
320	80	0.8	0.5	1	0.88	1	1	0.57	0.22	0.83	0.63	0.64	0.97	0.08
20	160	0.8	0.5	1	0.985915492957746	1	1	0.154929577464789	0.788732394366197	0.957746478873239	0.788732394366197	0.859154929577465	1	0
40	160	0.8	0.5	1	0.968085106382979	1	1	0.361702127659574	0.691489361702128	0.936170212765957	0.734042553191489	0.75531914893617	1	0.106382978723404
80	160	0.8	0.5	1	0.97	1	1	0.34	0.53	0.9	0.64	0.67	1	0.06
160	160	0.8	0.5	1	0.97	1	1	0.34	0.36	0.82	0.53	0.54	0.98	0.03
320	160	0.8	0.5	1	0.97	1	1	0.36	0.2	0.74	0.46	0.48	0.94	0.02
20	320	0.8	0.5	1	1	1	1	0.0845070422535211	0.774647887323944	0.887323943661972	0.71830985915493	0.774647887323944	1	0
40	320	0.8	0.5	1	1	1	1	0.297872340425532	0.723404255319149	0.914893617021277	0.74468085106383	0.776595744680851	0.98936170212766	0.0531914893617021
80	320	0.8	0.5	1	1	1	1	0.21	0.52	0.85	0.6	0.63	1	0.05
160	320	0.8	0.5	1	1	1	1	0.15	0.34	0.73	0.48	0.49	0.95	0.04
320	320	0.8	0.5	1	1	1	1	0.12	0.12	0.61	0.29	0.3	0.94	0
20	20	1	0.5	1	0.352272727272727	0.931818181818182	0.931818181818182	0.488636363636364	0.545454545454545	0.943181818181818	0.727272727272727	0.795454545454545	1	0.0454545454545455
40	20	1	0.5	1	0.383838383838384	0.939393939393939	0.98989898989899	0.626262626262626	0.484848484848485	0.94949494949495	0.787878787878788	0.828282828282828	0.98989898989899	0.0909090909090909
80	20	1	0.5	1	0.39	0.94	1	0.64	0.29	0.91	0.71	0.74	1	0.1
160	20	1	0.5	1	0.39	0.94	1	0.67	0.21	0.91	0.72	0.77	0.99	0.07
320	20	1	0.5	1	0.39	0.94	1	0.69	0.18	0.84	0.71	0.74	0.98	0.06
20	40	1	0.5	1	0.443181818181818	0.965909090909091	0.931818181818182	0.261363636363636	0.477272727272727	0.886363636363636	0.579545454545455	0.647727272727273	0.977272727272727	0.0227272727272727
40	40	1	0.5	1	0.444444444444444	0.97979797979798	0.98989898989899	0.393939393939394	0.434343434343434	0.878787878787879	0.616161616161616	0.656565656565657	0.97979797979798	0.0202020202020202
80	40	1	0.5	1	0.44	0.97	1	0.33	0.19	0.76	0.45	0.47	0.97	0.03
160	40	1	0.5	1	0.44	0.97	1	0.33	0.09	0.71	0.41	0.46	0.94	0.02
320	40	1	0.5	1	0.44	0.97	1	0.32	0.04	0.6	0.34	0.4	0.97	0.02
20	80	1	0.5	1	0.897727272727273	1	1	0.215909090909091	0.545454545454545	0.852272727272727	0.602272727272727	0.659090909090909	0.988636363636364	0.0340909090909091
40	80	1	0.5	1	0.878787878787879	1	1	0.262626262626263	0.464646464646465	0.878787878787879	0.585858585858586	0.636363636363636	1	0.0505050505050505
80	80	1	0.5	1	0.88	1	1	0.2	0.21	0.72	0.34	0.37	0.97	0.03
160	80	1	0.5	1	0.88	1	1	0.18	0.08	0.61	0.29	0.34	0.94	0.01
320	80	1	0.5	1	0.88	1	1	0.21	0.04	0.49	0.24	0.25	0.89	0
20	160	1	0.5	1	0.965909090909091	1	1	0.102272727272727	0.579545454545455	0.818181818181818	0.579545454545455	0.670454545454545	1	0
40	160	1	0.5	1	0.96969696969697	1	1	0.131313131313131	0.484848484848485	0.777777777777778	0.575757575757576	0.616161616161616	0.96969696969697	0.0303030303030303
80	160	1	0.5	1	0.97	1	1	0.07	0.2	0.52	0.28	0.28	0.91	0.01
160	160	1	0.5	1	0.97	1	1	0.06	0.06	0.4	0.11	0.11	0.82	0
320	160	1	0.5	1	0.97	1	1	0.03	0.03	0.26	0.08	0.08	0.67	0
20	320	1	0.5	1	1	1	1	0.0568181818181818	0.590909090909091	0.761363636363636	0.545454545454545	0.590909090909091	1	0.0113636363636364
40	320	1	0.5	1	1	1	1	0.121212121212121	0.474747474747475	0.777777777777778	0.484848484848485	0.555555555555556	0.95959595959596	0.0404040404040404
80	320	1	0.5	1	1	1	1	0.03	0.14	0.44	0.2	0.22	0.85	0.01
160	320	1	0.5	1	1	1	1	0.02	0.05	0.23	0.08	0.08	0.69	0
320	320	1	0.5	1	1	1	1	0	0	0.06	0	0	0.4	0
20	20	0	0.8	1	0.75	0.75	0.75	0.75	0.75	0.75	0.75	0.75	1	0.5
40	20	0	0.8	1	0.714285714285714	0.428571428571429	0.428571428571429	0.428571428571429	0.285714285714286	0.428571428571429	0.428571428571429	0.428571428571429	0.857142857142857	0.285714285714286
80	20	0	0.8	1	0.75	0.5	0.5	0.25	0.25	0.5	0.5	0.25	0.5	0.5
160	20	0	0.8	1	1	0.333333333333333	0.333333333333333	0	0	0	0	0	0.666666666666667	0.333333333333333
320	20	0	0.8	1	0.75	0.5	0.625	0.375	0.125	0.5	0.5	0.375	1	0.375
20	40	0	0.8	1	0.75	0.75	0.75	0.75	0.75	0.75	0.75	0.75	0.75	0
40	40	0	0.8	1	1	0.428571428571429	0.428571428571429	0.285714285714286	0.285714285714286	0.428571428571429	0.428571428571429	0.428571428571429	0.714285714285714	0.285714285714286
80	40	0	0.8	1	0.75	0.5	0.5	0.5	0	0.75	0.5	0.5	1	0.5
160	40	0	0.8	1	1	0.333333333333333	0.333333333333333	0	0	0.333333333333333	0.333333333333333	0.333333333333333	0.333333333333333	0.333333333333333
320	40	0	0.8	1	0.625	0.5	0.5	0.25	0	0.375	0.25	0.25	0.875	0.5
20	80	0	0.8	1	1	0.75	1	0.25	0.75	0.75	0.75	0.75	0.75	0.5
40	80	0	0.8	1	1	0.428571428571429	1	0.285714285714286	0.285714285714286	0.428571428571429	0.285714285714286	0.285714285714286	0.428571428571429	0.285714285714286
80	80	0	0.8	1	1	0.5	0.5	0	0	0.5	0.25	0.25	0.5	0.5
160	80	0	0.8	1	1	0.333333333333333	0.333333333333333	0	0	0.333333333333333	0	0	0.333333333333333	0.333333333333333
320	80	0	0.8	1	1	0.5	0.5	0.125	0	0.25	0.25	0.25	0.375	0.5
20	160	0	0.8	1	1	0.75	1	0.75	0.75	0.75	0.75	0.75	0.75	0.5
40	160	0	0.8	1	1	0.428571428571429	1	0	0.285714285714286	0.428571428571429	0.428571428571429	0.428571428571429	0.428571428571429	0.428571428571429
80	160	0	0.8	1	1	0.5	1	0	0	0.5	0.25	0.25	0.5	0.5
160	160	0	0.8	1	1	0.333333333333333	1	0	0	0.333333333333333	0	0	0.333333333333333	0.333333333333333
320	160	0	0.8	1	1	0.5	0.625	0	0	0	0	0	0.125	0.5
20	320	0	0.8	1	1	0.75	1	0.75	0.75	0.75	0.75	0.75	0.75	0.5
40	320	0	0.8	1	1	0.428571428571429	1	0	0.428571428571429	0.428571428571429	0.428571428571429	0.428571428571429	0.428571428571429	0.428571428571429
80	320	0	0.8	1	1	0.5	1	0	0.25	0.5	0.25	0.25	0.5	0.5
160	320	0	0.8	1	1	0.333333333333333	1	0	0	0	0	0	0.333333333333333	0.333333333333333
320	320	0	0.8	1	1	0.5	1	0	0	0	0	0	0	0.5
20	20	0.2	0.8	1	0.714285714285714	1	1	0.857142857142857	0.857142857142857	1	0.857142857142857	1	1	0.714285714285714
40	20	0.2	0.8	1	0.785714285714286	0.928571428571429	0.928571428571429	0.857142857142857	0.714285714285714	0.928571428571429	0.928571428571429	0.928571428571429	1	0.785714285714286
80	20	0.2	0.8	1	0.705882352941177	1	1	0.764705882352941	0.352941176470588	0.882352941176471	0.882352941176471	0.823529411764706	1	0.941176470588235
160	20	0.2	0.8	1	0.675	1	1	0.675	0.225	0.85	0.7	0.675	1	0.95
320	20	0.2	0.8	1	0.708333333333333	1	1	0.486111111111111	0.0972222222222222	0.666666666666667	0.513888888888889	0.486111111111111	1	0.958333333333333
20	40	0.2	0.8	1	1	1	1	0.857142857142857	1	1	1	1	1	0.714285714285714
40	40	0.2	0.8	1	1	0.928571428571429	0.928571428571429	0.714285714285714	0.714285714285714	0.928571428571429	0.857142857142857	0.785714285714286	1	0.857142857142857
80	40	0.2	0.8	1	0.882352941176471	1	1	0.823529411764706	0.588235294117647	0.941176470588235	0.823529411764706	0.823529411764706	1	0.882352941176471
160	40	0.2	0.8	1	0.9	1	1	0.475	0.2	0.85	0.625	0.55	1	1
320	40	0.2	0.8	1	0.944444444444444	1	1	0.375	0.0277777777777778	0.555555555555556	0.416666666666667	0.402777777777778	0.944444444444444	1
20	80	0.2	0.8	1	1	1	1	0.571428571428571	1	1	1	1	1	0.571428571428571
40	80	0.2	0.8	1	1	0.928571428571429	0.928571428571429	0.5	0.857142857142857	0.928571428571429	0.928571428571429	0.928571428571429	1	0.785714285714286
80	80	0.2	0.8	1	1	1	1	0.176470588235294	0.176470588235294	1	0.411764705882353	0.352941176470588	1	1
160	80	0.2	0.8	1	1	1	1	0.125	0.025	0.45	0.175	0.175	0.975	0.975
320	80	0.2	0.8	1	1	1	1	0.0416666666666667	0.0277777777777778	0.277777777777778	0.0694444444444444	0.0694444444444444	0.75	1
20	160	0.2	0.8	1	1	1	1	0.714285714285714	1	1	1	1	1	0.857142857142857
40	160	0.2	0.8	1	1	0.928571428571429	1	0.428571428571429	0.928571428571429	0.928571428571429	0.928571428571429	0.928571428571429	0.928571428571429	0.714285714285714
80	160	0.2	0.8	1	1	1	1	0.176470588235294	0.294117647058824	0.882352941176471	0.588235294117647	0.470588235294118	1	1
160	160	0.2	0.8	1	1	1	1	0.025	0.025	0.3	0.075	0.075	0.8	1
320	160	0.2	0.8	1	1	1	1	0	0	0.0277777777777778	0.0138888888888889	0.0138888888888889	0.402777777777778	1
20	320	0.2	0.8	1	1	1	1	0.714285714285714	1	1	1	1	1	0.714285714285714
40	320	0.2	0.8	1	1	0.928571428571429	1	0.285714285714286	0.928571428571429	0.928571428571429	0.928571428571429	0.928571428571429	0.928571428571429	0.785714285714286
80	320	0.2	0.8	1	1	1	1	0	0.235294117647059	0.823529411764706	0.588235294117647	0.588235294117647	1	1
160	320	0.2	0.8	1	1	1	1	0	0	0.075	0.025	0.025	0.775	1
320	320	0.2	0.8	1	1	1	1	0	0	0.0277777777777778	0	0	0.125	1
20	20	0.5	0.8	1	0.58974358974359	1	1	0.923076923076923	0.974358974358974	1	1	1	1	0.41025641025641
40	20	0.5	0.8	1	0.727272727272727	1	1	0.931818181818182	0.75	1	0.931818181818182	0.931818181818182	1	0.659090909090909
80	20	0.5	0.8	1	0.727272727272727	1	1	0.829545454545455	0.488636363636364	0.977272727272727	0.897727272727273	0.852272727272727	1	0.863636363636364
160	20	0.5	0.8	1	0.711340206185567	1	1	0.845360824742268	0.329896907216495	0.958762886597938	0.896907216494845	0.835051546391753	1	0.814432989690722
320	20	0.5	0.8	1	0.71	1	1	0.81	0.18	0.94	0.85	0.8	1	0.81
20	40	0.5	0.8	1	0.948717948717949	1	1	0.846153846153846	0.948717948717949	1	1	1	1	0.333333333333333
40	40	0.5	0.8	1	0.931818181818182	1	1	0.840909090909091	0.840909090909091	1	0.977272727272727	0.977272727272727	1	0.568181818181818
80	40	0.5	0.8	1	0.954545454545455	1	1	0.772727272727273	0.511363636363636	0.988636363636364	0.897727272727273	0.852272727272727	1	0.818181818181818
160	40	0.5	0.8	1	0.938144329896907	1	1	0.742268041237113	0.381443298969072	0.958762886597938	0.855670103092783	0.783505154639175	1	0.855670103092783
320	40	0.5	0.8	1	0.94	1	1	0.8	0.29	0.9	0.81	0.81	1	0.88
20	80	0.5	0.8	1	1	1	1	0.846153846153846	1	1	1	1	1	0.461538461538462
40	80	0.5	0.8	1	1	1	1	0.727272727272727	0.954545454545455	1	1	1	1	0.727272727272727
80	80	0.5	0.8	1	1	1	1	0.545454545454545	0.545454545454545	0.988636363636364	0.829545454545455	0.784090909090909	1	0.886363636363636
160	80	0.5	0.8	1	1	1	1	0.536082474226804	0.34020618556701	0.938144329896907	0.65979381443299	0.639175257731959	1	0.917525773195876
320	80	0.5	0.8	1	1	1	1	0.56	0.2	0.87	0.65	0.62	1	0.94
20	160	0.5	0.8	1	1	1	1	0.769230769230769	1	1	1	1	1	0.512820512820513
40	160	0.5	0.8	1	1	1	1	0.522727272727273	0.977272727272727	1	1	1	1	0.772727272727273
80	160	0.5	0.8	1	1	1	1	0.409090909090909	0.556818181818182	0.988636363636364	0.704545454545455	0.647727272727273	1	0.909090909090909
160	160	0.5	0.8	1	1	1	1	0.34020618556701	0.34020618556701	0.835051546391753	0.608247422680412	0.577319587628866	0.979381443298969	0.958762886597938
320	160	0.5	0.8	1	1	1	1	0.28	0.14	0.76	0.49	0.47	0.98	0.99
20	320	0.5	0.8	1	1	1	1	0.769230769230769	1	1	1	1	1	0.512820512820513
40	320	0.5	0.8	1	1	1	1	0.431818181818182	0.954545454545455	1	1	1	1	0.772727272727273
80	320	0.5	0.8	1	1	1	1	0.272727272727273	0.636363636363636	0.920454545454545	0.727272727272727	0.704545454545455	1	0.897727272727273
160	320	0.5	0.8	1	1	1	1	0.185567010309278	0.329896907216495	0.783505154639175	0.494845360824742	0.494845360824742	0.948453608247423	0.979381443298969
320	320	0.5	0.8	1	1	1	1	0.12	0.11	0.67	0.33	0.32	0.92	0.99
20	20	0.8	0.8	1	0.746478873239437	1	1	0.901408450704225	0.901408450704225	1	0.943661971830986	0.985915492957746	1	0.408450704225352
40	20	0.8	0.8	1	0.702127659574468	1	1	0.904255319148936	0.734042553191489	1	0.957446808510638	0.946808510638298	1	0.531914893617021
80	20	0.8	0.8	1	0.71	1	1	0.94	0.53	1	0.97	0.97	1	0.54
160	20	0.8	0.8	1	0.71	1	1	0.93	0.45	1	0.96	0.95	1	0.53
320	20	0.8	0.8	1	0.71	1	1	0.96	0.35	1	0.96	0.97	1	0.59
20	40	0.8	0.8	1	0.929577464788732	1	1	0.732394366197183	0.915492957746479	1	0.971830985915493	1	1	0.225352112676056
40	40	0.8	0.8	1	0.946808510638298	1	1	0.893617021276596	0.904255319148936	1	0.957446808510638	0.968085106382979	1	0.478723404255319
80	40	0.8	0.8	1	0.94	1	1	0.87	0.77	1	0.99	0.99	1	0.49
160	40	0.8	0.8	1	0.94	1	1	0.89	0.61	0.99	0.95	0.95	1	0.48
320	40	0.8	0.8	1	0.94	1	1	0.95	0.53	1	0.96	0.96	1	0.46
20	80	0.8	0.8	1	1	1	1	0.619718309859155	0.943661971830986	1	0.943661971830986	0.957746478873239	1	0.23943661971831
40	80	0.8	0.8	1	1	1	1	0.808510638297872	0.936170212765957	1	0.98936170212766	0.98936170212766	1	0.48936170212766
80	80	0.8	0.8	1	1	1	1	0.87	0.88	0.99	0.96	0.97	1	0.49
160	80	0.8	0.8	1	1	1	1	0.87	0.67	1	0.97	0.97	1	0.47
320	80	0.8	0.8	1	1	1	1	0.93	0.66	0.99	0.95	0.95	1	0.56
20	160	0.8	0.8	1	1	1	1	0.535211267605634	0.985915492957746	1	0.985915492957746	1	1	0.197183098591549
40	160	0.8	0.8	1	1	1	1	0.670212765957447	0.957446808510638	1	0.978723404255319	0.978723404255319	1	0.48936170212766
80	160	0.8	0.8	1	1	1	1	0.78	0.93	0.99	0.97	0.97	1	0.5
160	160	0.8	0.8	1	1	1	1	0.86	0.87	0.97	0.96	0.96	1	0.56
320	160	0.8	0.8	1	1	1	1	0.89	0.78	0.99	0.95	0.95	1	0.57
20	320	0.8	0.8	1	1	1	1	0.464788732394366	0.971830985915493	1	0.971830985915493	0.971830985915493	1	0.253521126760563
40	320	0.8	0.8	1	1	1	1	0.48936170212766	0.968085106382979	1	0.968085106382979	0.978723404255319	1	0.48936170212766
80	320	0.8	0.8	1	1	1	1	0.66	0.94	1	0.95	0.95	1	0.47
160	320	0.8	0.8	1	1	1	1	0.74	0.89	0.98	0.95	0.95	1	0.44
320	320	0.8	0.8	1	1	1	1	0.91	0.91	0.99	0.97	0.97	1	0.53
20	20	1	0.8	1	0.693181818181818	1	1	0.761363636363636	0.795454545454545	0.988636363636364	0.943181818181818	0.943181818181818	1	0.272727272727273
40	20	1	0.8	1	0.717171717171717	1	1	0.838383838383838	0.666666666666667	1	0.939393939393939	0.94949494949495	1	0.343434343434343
80	20	1	0.8	1	0.71	1	1	0.85	0.54	0.97	0.88	0.92	1	0.32
160	20	1	0.8	1	0.71	1	1	0.9	0.42	0.99	0.9	0.93	1	0.38
320	20	1	0.8	1	0.71	1	1	0.9	0.3	0.98	0.92	0.93	1	0.34
20	40	1	0.8	1	0.954545454545455	1	1	0.602272727272727	0.829545454545455	0.988636363636364	0.886363636363636	0.886363636363636	1	0.204545454545455
40	40	1	0.8	1	0.94949494949495	1	1	0.747474747474748	0.767676767676768	0.98989898989899	0.909090909090909	0.94949494949495	1	0.282828282828283
80	40	1	0.8	1	0.94	1	1	0.73	0.58	0.96	0.87	0.88	1	0.22
160	40	1	0.8	1	0.94	1	1	0.8	0.5	1	0.86	0.86	1	0.24
320	40	1	0.8	1	0.94	1	1	0.83	0.36	0.95	0.84	0.87	1	0.2
20	80	1	0.8	1	1	1	1	0.477272727272727	0.863636363636364	0.988636363636364	0.875	0.897727272727273	1	0.193181818181818
40	80	1	0.8	1	1	1	1	0.636363636363636	0.848484848484849	1	0.919191919191919	0.94949494949495	1	0.272727272727273
80	80	1	0.8	1	1	1	1	0.67	0.7	0.96	0.85	0.86	1	0.15
160	80	1	0.8	1	1	1	1	0.75	0.58	0.96	0.85	0.87	1	0.16
320	80	1	0.8	1	1	1	1	0.79	0.48	0.94	0.84	0.85	0.99	0.15
20	160	1	0.8	1	1	1	1	0.352272727272727	0.863636363636364	0.977272727272727	0.863636363636364	0.909090909090909	1	0.125
40	160	1	0.8	1	1	1	1	0.505050505050505	0.858585858585859	0.94949494949495	0.909090909090909	0.919191919191919	1	0.242424242424242
80	160	1	0.8	1	1	1	1	0.5	0.73	0.94	0.82	0.83	1	0.15
160	160	1	0.8	1	1	1	1	0.55	0.55	0.95	0.77	0.79	0.99	0.1
320	160	1	0.8	1	1	1	1	0.62	0.43	0.9	0.7	0.74	1	0.09
20	320	1	0.8	1	1	1	1	0.25	0.875	0.965909090909091	0.852272727272727	0.875	1	0.113636363636364
40	320	1	0.8	1	1	1	1	0.393939393939394	0.868686868686869	0.95959595959596	0.878787878787879	0.878787878787879	1	0.212121212121212
80	320	1	0.8	1	1	1	1	0.33	0.74	0.9	0.76	0.77	1	0.1
160	320	1	0.8	1	1	1	1	0.34	0.57	0.93	0.67	0.71	1	0.06
320	320	1	0.8	1	1	1	1	0.35	0.37	0.89	0.61	0.62	0.98	0.04
20	20	0	1	1	1	0.75	0.75	0.75	0.75	0.75	0.75	0.75	0.75	0.75
40	20	0	1	1	1	0.428571428571429	0.428571428571429	0.142857142857143	0	0.428571428571429	0.142857142857143	0.142857142857143	0.857142857142857	0.428571428571429
80	20	0	1	1	1	0.5	0.5	0.25	0	0.25	0.25	0.25	0.5	0.5
160	20	0	1	1	0.333333333333333	0.333333333333333	0.333333333333333	0.333333333333333	0.333333333333333	0.666666666666667	0.333333333333333	0.333333333333333	0.666666666666667	0.333333333333333
320	20	0	1	1	0.75	0.5	0.5	0.375	0	0.375	0.375	0.375	0.625	0.5
20	40	0	1	1	1	0.75	0.75	0.75	0.75	0.75	0.75	0.75	1	0.5
40	40	0	1	1	1	0.428571428571429	0.428571428571429	0.285714285714286	0.285714285714286	0.428571428571429	0.428571428571429	0.428571428571429	0.428571428571429	0.428571428571429
80	40	0	1	1	1	0.5	0.5	0	0	0	0	0	0.25	0.5
160	40	0	1	1	1	0.333333333333333	0.333333333333333	0	0	0	0	0	0.666666666666667	0.333333333333333
320	40	0	1	1	1	0.5	0.5	0	0	0	0	0	0.5	0.5
20	80	0	1	1	1	0.75	1	0.5	0.75	0.75	0.75	0.75	0.75	0.5
40	80	0	1	1	1	0.428571428571429	1	0.142857142857143	0.285714285714286	0.428571428571429	0.285714285714286	0.285714285714286	0.428571428571429	0.428571428571429
80	80	0	1	1	1	0.5	1	0	0	0	0	0	0.5	0.5
160	80	0	1	1	1	0.333333333333333	0.666666666666667	0	0	0.333333333333333	0	0	0.333333333333333	0.333333333333333
320	80	0	1	1	1	0.5	0.5	0	0	0	0	0	0	0.5
20	160	0	1	1	1	0.75	1	0.5	0.75	0.75	0.75	0.75	0.75	0.75
40	160	0	1	1	1	0.428571428571429	1	0	0	0.428571428571429	0	0	0.428571428571429	0.428571428571429
80	160	0	1	1	1	0.5	1	0	0	0.25	0.25	0.25	0.5	0.5
160	160	0	1	1	1	0.333333333333333	1	0	0	0	0	0	0	0.333333333333333
320	160	0	1	1	1	0.5	1	0	0	0	0	0	0	0.5
20	320	0	1	1	1	0.75	1	0.5	0.75	0.75	0.75	0.75	0.75	0.75
40	320	0	1	1	1	0.428571428571429	1	0	0.142857142857143	0.428571428571429	0.285714285714286	0.142857142857143	0.428571428571429	0.428571428571429
80	320	0	1	1	1	0.5	1	0	0	0	0	0	0.5	0.5
160	320	0	1	1	1	0.333333333333333	1	0	0	0	0	0	0	0.333333333333333
320	320	0	1	1	1	0.5	1	0	0	0	0	0	0	0.5
20	20	0.2	1	1	1	1	1	0.857142857142857	0.857142857142857	1	1	1	1	0.857142857142857
40	20	0.2	1	1	0.928571428571429	0.928571428571429	0.928571428571429	0.571428571428571	0.285714285714286	0.928571428571429	0.714285714285714	0.642857142857143	1	0.928571428571429
80	20	0.2	1	1	1	1	1	0.352941176470588	0.0588235294117647	0.941176470588235	0.529411764705882	0.352941176470588	1	1
160	20	0.2	1	1	0.925	1	1	0.35	0.025	0.7	0.4	0.35	1	1
320	20	0.2	1	1	0.861111111111111	1	1	0.333333333333333	0	0.472222222222222	0.347222222222222	0.319444444444444	0.944444444444444	1
20	40	0.2	1	1	1	1	1	0.857142857142857	1	1	1	1	1	0.571428571428571
40	40	0.2	1	1	1	0.928571428571429	0.928571428571429	0.571428571428571	0.5	0.928571428571429	0.857142857142857	0.785714285714286	0.928571428571429	0.857142857142857
80	40	0.2	1	1	1	1	1	0.294117647058824	0.176470588235294	0.705882352941177	0.294117647058824	0.294117647058824	0.941176470588235	1
160	40	0.2	1	1	1	1	1	0.175	0.025	0.5	0.225	0.225	0.925	1
320	40	0.2	1	1	1	1	1	0.111111111111111	0.0138888888888889	0.236111111111111	0.138888888888889	0.111111111111111	0.847222222222222	1
20	80	0.2	1	1	1	1	1	0.285714285714286	1	1	1	1	1	0.857142857142857
40	80	0.2	1	1	1	0.928571428571429	1	0.357142857142857	0.571428571428571	0.928571428571429	0.714285714285714	0.714285714285714	0.928571428571429	0.928571428571429
80	80	0.2	1	1	1	1	1	0.0588235294117647	0.0588235294117647	0.470588235294118	0.235294117647059	0.235294117647059	0.941176470588235	1
160	80	0.2	1	1	1	1	1	0.05	0	0.175	0.075	0.05	0.7	1
320	80	0.2	1	1	1	1	1	0	0	0.0277777777777778	0	0	0.375	1
20	160	0.2	1	1	1	1	1	0.285714285714286	1	1	1	1	1	0.857142857142857
40	160	0.2	1	1	1	0.928571428571429	1	0.142857142857143	0.357142857142857	0.857142857142857	0.5	0.428571428571429	0.928571428571429	0.928571428571429
80	160	0.2	1	1	1	1	1	0	0	0.176470588235294	0.117647058823529	0.0588235294117647	0.941176470588235	1
160	160	0.2	1	1	1	1	1	0	0	0.075	0.025	0.025	0.3	1
320	160	0.2	1	1	1	1	1	0	0	0	0	0	0.0277777777777778	1
20	320	0.2	1	1	1	1	1	0	1	1	1	1	1	0.857142857142857
40	320	0.2	1	1	1	0.928571428571429	1	0.0714285714285714	0.428571428571429	0.928571428571429	0.571428571428571	0.428571428571429	0.928571428571429	0.928571428571429
80	320	0.2	1	1	1	1	1	0	0	0.117647058823529	0	0	1	1
160	320	0.2	1	1	1	1	1	0	0	0	0	0	0.1	1
320	320	0.2	1	1	1	1	1	0	0	0	0	0	0	1
20	20	0.5	1	1	0.923076923076923	1	1	0.948717948717949	0.923076923076923	1	1	0.974358974358974	1	0.769230769230769
40	20	0.5	1	1	0.863636363636364	1	1	0.772727272727273	0.590909090909091	1	0.931818181818182	0.886363636363636	1	0.840909090909091
80	20	0.5	1	1	0.863636363636364	1	1	0.647727272727273	0.318181818181818	0.909090909090909	0.738636363636364	0.681818181818182	1	0.909090909090909
160	20	0.5	1	1	0.88659793814433	1	1	0.618556701030928	0.237113402061856	0.835051546391753	0.649484536082474	0.608247422680412	1	0.927835051546392
320	20	0.5	1	1	0.88	1	1	0.6	0.14	0.78	0.66	0.59	1	0.95
20	40	0.5	1	1	1	1	1	0.846153846153846	0.871794871794872	1	0.974358974358974	0.974358974358974	1	0.743589743589744
40	40	0.5	1	1	1	1	1	0.659090909090909	0.613636363636364	0.954545454545455	0.931818181818182	0.909090909090909	1	0.863636363636364
80	40	0.5	1	1	0.988636363636364	1	1	0.556818181818182	0.340909090909091	0.931818181818182	0.715909090909091	0.659090909090909	1	0.977272727272727
160	40	0.5	1	1	0.989690721649485	1	1	0.505154639175258	0.206185567010309	0.804123711340206	0.56701030927835	0.536082474226804	0.948453608247423	0.948453608247423
320	40	0.5	1	1	0.99	1	1	0.5	0.1	0.73	0.53	0.5	0.98	0.95
20	80	0.5	1	1	1	1	1	0.666666666666667	0.974358974358974	1	1	1	1	0.82051282051282
40	80	0.5	1	1	1	1	1	0.409090909090909	0.704545454545455	1	0.840909090909091	0.795454545454545	1	0.954545454545455
80	80	0.5	1	1	1	1	1	0.227272727272727	0.227272727272727	0.795454545454545	0.420454545454545	0.409090909090909	0.965909090909091	1
160	80	0.5	1	1	1	1	1	0.22680412371134	0.0721649484536082	0.597938144329897	0.350515463917526	0.329896907216495	0.917525773195876	1
320	80	0.5	1	1	1	1	1	0.15	0.02	0.44	0.23	0.21	0.9	1
20	160	0.5	1	1	1	1	1	0.564102564102564	1	1	1	1	1	0.871794871794872
40	160	0.5	1	1	1	1	1	0.272727272727273	0.681818181818182	1	0.840909090909091	0.795454545454545	1	0.931818181818182
80	160	0.5	1	1	1	1	1	0.113636363636364	0.227272727272727	0.670454545454545	0.386363636363636	0.363636363636364	0.988636363636364	1
160	160	0.5	1	1	1	1	1	0.0721649484536082	0.0721649484536082	0.381443298969072	0.123711340206186	0.123711340206186	0.835051546391753	1
320	160	0.5	1	1	1	1	1	0.03	0.02	0.25	0.1	0.08	0.67	0.99
20	320	0.5	1	1	1	1	1	0.461538461538462	1	1	1	1	1	0.82051282051282
40	320	0.5	1	1	1	1	1	0.181818181818182	0.818181818181818	0.909090909090909	0.909090909090909	0.840909090909091	1	0.931818181818182
80	320	0.5	1	1	1	1	1	0.0340909090909091	0.170454545454545	0.556818181818182	0.227272727272727	0.204545454545455	0.977272727272727	0.988636363636364
160	320	0.5	1	1	1	1	1	0	0.0206185567010309	0.22680412371134	0.0412371134020619	0.0412371134020619	0.711340206185567	1
320	320	0.5	1	1	1	1	1	0.01	0.01	0.09	0.02	0.02	0.37	1
20	20	0.8	1	1	0.901408450704225	1	1	0.915492957746479	0.901408450704225	1	1	1	1	0.676056338028169
40	20	0.8	1	1	0.872340425531915	1	1	0.893617021276596	0.659574468085106	1	0.946808510638298	0.925531914893617	1	0.691489361702128
80	20	0.8	1	1	0.88	1	1	0.87	0.51	0.99	0.93	0.88	1	0.74
160	20	0.8	1	1	0.88	1	1	0.87	0.34	0.98	0.92	0.87	1	0.76
320	20	0.8	1	1	0.88	1	1	0.88	0.23	0.96	0.89	0.85	1	0.76
20	40	0.8	1	1	0.985915492957746	1	1	0.845070422535211	0.957746478873239	1	0.985915492957746	1	1	0.436619718309859
40	40	0.8	1	1	0.98936170212766	1	1	0.808510638297872	0.776595744680851	1	0.946808510638298	0.946808510638298	1	0.702127659574468
80	40	0.8	1	1	0.99	1	1	0.84	0.67	0.98	0.9	0.9	1	0.72
160	40	0.8	1	1	0.99	1	1	0.86	0.48	0.99	0.91	0.88	1	0.72
320	40	0.8	1	1	0.99	1	1	0.88	0.4	0.96	0.88	0.88	1	0.77
20	80	0.8	1	1	1	1	1	0.704225352112676	0.985915492957746	1	1	1	1	0.47887323943662
40	80	0.8	1	1	1	1	1	0.680851063829787	0.797872340425532	0.98936170212766	0.882978723404255	0.872340425531915	1	0.765957446808511
80	80	0.8	1	1	1	1	1	0.74	0.69	0.96	0.89	0.89	1	0.82
160	80	0.8	1	1	1	1	1	0.74	0.55	0.96	0.82	0.8	1	0.86
320	80	0.8	1	1	1	1	1	0.73	0.37	0.92	0.77	0.77	1	0.88
20	160	0.8	1	1	1	1	1	0.563380281690141	0.985915492957746	1	0.985915492957746	1	1	0.52112676056338
40	160	0.8	1	1	1	1	1	0.5	0.851063829787234	1	0.946808510638298	0.914893617021277	1	0.776595744680851
80	160	0.8	1	1	1	1	1	0.56	0.74	0.97	0.83	0.8	1	0.83
160	160	0.8	1	1	1	1	1	0.56	0.56	0.96	0.79	0.75	1	0.83
320	160	0.8	1	1	1	1	1	0.56	0.33	0.93	0.65	0.63	1	0.9
20	320	0.8	1	1	1	1	1	0.464788732394366	1	1	1	1	1	0.47887323943662
40	320	0.8	1	1	1	1	1	0.351063829787234	0.893617021276596	1	0.946808510638298	0.946808510638298	1	0.765957446808511
80	320	0.8	1	1	1	1	1	0.43	0.75	0.95	0.83	0.8	1	0.88
160	320	0.8	1	1	1	1	1	0.47	0.61	0.91	0.73	0.71	0.99	0.92
320	320	0.8	1	1	1	1	1	0.27	0.27	0.89	0.62	0.6	1	0.96
20	20	1	1	1	0.886363636363636	1	1	0.863636363636364	0.852272727272727	1	0.977272727272727	0.988636363636364	1	0.409090909090909
40	20	1	1	1	0.878787878787879	1	1	0.898989898989899	0.727272727272727	0.98989898989899	0.96969696969697	0.939393939393939	1	0.626262626262626
80	20	1	1	1	0.88	1	1	0.91	0.59	1	0.95	0.94	1	0.53
160	20	1	1	1	0.88	1	1	0.95	0.53	1	0.95	0.95	1	0.59
320	20	1	1	1	0.88	1	1	0.97	0.34	1	0.97	0.95	1	0.55
20	40	1	1	1	0.988636363636364	1	1	0.715909090909091	0.931818181818182	1	0.965909090909091	0.977272727272727	1	0.318181818181818
40	40	1	1	1	0.98989898989899	1	1	0.828282828282828	0.818181818181818	1	0.97979797979798	0.97979797979798	1	0.484848484848485
80	40	1	1	1	0.99	1	1	0.89	0.82	0.99	0.97	0.96	1	0.38
160	40	1	1	1	0.99	1	1	0.91	0.64	0.99	0.95	0.92	1	0.47
320	40	1	1	1	0.99	1	1	0.92	0.44	0.99	0.95	0.94	1	0.47
20	80	1	1	1	1	1	1	0.715909090909091	0.965909090909091	1	0.977272727272727	0.988636363636364	1	0.329545454545455
40	80	1	1	1	1	1	1	0.787878787878788	0.858585858585859	1	0.939393939393939	0.939393939393939	1	0.545454545454545
80	80	1	1	1	1	1	1	0.81	0.81	1	0.93	0.94	1	0.49
160	80	1	1	1	1	1	1	0.9	0.82	1	0.94	0.95	1	0.51
320	80	1	1	1	1	1	1	0.92	0.61	1	0.95	0.94	1	0.57
20	160	1	1	1	1	1	1	0.545454545454545	0.954545454545455	0.988636363636364	0.920454545454545	0.965909090909091	1	0.386363636363636
40	160	1	1	1	1	1	1	0.616161616161616	0.929292929292929	0.98989898989899	0.95959595959596	0.94949494949495	1	0.484848484848485
80	160	1	1	1	1	1	1	0.77	0.9	0.99	0.96	0.96	1	0.47
160	160	1	1	1	1	1	1	0.81	0.82	0.96	0.94	0.94	1	0.53
320	160	1	1	1	1	1	1	0.92	0.77	1	0.97	0.95	1	0.53
20	320	1	1	1	1	1	1	0.420454545454545	0.977272727272727	1	0.965909090909091	0.977272727272727	1	0.352272727272727
40	320	1	1	1	1	1	1	0.515151515151515	0.919191919191919	0.96969696969697	0.919191919191919	0.929292929292929	1	0.555555555555556
80	320	1	1	1	1	1	1	0.61	0.93	1	0.94	0.93	1	0.42
160	320	1	1	1	1	1	1	0.73	0.91	1	0.96	0.96	1	0.47
320	320	1	1	1	1	1	1	0.83	0.83	1	0.97	0.97	1	0.49
