n1	n2	d.sig	d.close
20	10	0.939561646125162	-0.25357325619049
20	11	0.889485804943808	-0.218825966818552
20	12	0.846649026867799	-0.188516677204183
20	13	0.809527412714501	-0.161777360169067
20	14	0.776928917492988	-0.137953731750546
20	15	0.747975714282091	-0.116554517663959
20	16	0.722063548392363	-0.0971819019283203
20	17	0.698662084250821	-0.0795665429251805
20	18	0.677431563552058	-0.0634335474600935
20	19	0.658001931224395	-0.0485610433278187
20	20	0.640148831397348	-0.0348746312311664
20	21	0.623715215909437	-0.0221438111222419
20	22	0.60847448451009	-0.0103025951328915
20	23	0.594302757465081	0.000754095425618648
20	24	0.581058102252829	0.0111035905793286
20	25	0.568699512521728	0.0208664951201198
20	26	0.557075170011596	0.0300354369527354
20	27	0.546149365133486	0.0386906287968176
20	28	0.535850096278389	0.0468778747616727
20	29	0.526050584679563	0.0546379662933545
20	30	0.516827064498535	0.0620068888972367
20	31	0.508073815390157	0.0690165192138323
20	32	0.499743203244669	0.0756952030001371
20	33	0.491807443680269	0.08206823771455
20	34	0.484238459638634	0.0881582780482399
20	35	0.477008807495962	0.0939856787058187
20	36	0.470093839043998	0.0995819765553587
20	37	0.463471346967285	0.10493563428207
20	38	0.457149204831297	0.110076618802295
20	39	0.450999747026777	0.115018671022914
20	40	0.445148143531188	0.119774313580791
20	41	0.439518134631925	0.124354986259339
20	42	0.434095907226315	0.128771163890233
20	43	0.428868900989929	0.133032459273482
20	44	0.423825663789079	0.137147713221424
20	45	0.418955720669267	0.141125073492066
20	46	0.41424945623784	0.144972064105163
20	47	0.40969801038262	0.148695646315296
20	48	0.40529318722342	0.1523129074938
20	49	0.401010110737232	0.155769985748807
20	50	0.396900797663208	0.159175643138821
20	51	0.392885586199185	0.16247473194012
20	52	0.389007840895413	0.165671547461923
20	53	0.385195298733423	0.168775598379807
20	54	0.381551790080076	0.171793015556226
20	55	0.377987210593029	0.174727750488499
20	56	0.37452108172952	0.177583507567684
20	57	0.371148938215501	0.180363763749482
20	58	0.367866557415168	0.183071786276428
20	59	0.364669947152147	0.18571064867463
20	60	0.361555336652145	0.188292980145558
20	61	0.35851916952789	0.190811449932484
20	62	0.355558097769144	0.193267804164674
20	63	0.352656378472819	0.195603452858596
20	64	0.349835733031662	0.197973600667752
20	65	0.347081713047479	0.200250171559354
20	66	0.344416939579564	0.202475311281019
20	67	0.34178176665117	0.20465088216405
20	68	0.339207347921832	0.206778650292998
20	69	0.336685655702289	0.208860293757681
20	70	0.334227550936089	0.210897409987844
20	71	0.331822793037517	0.212891522209144
20	72	0.329469526257298	0.214844085067408
20	73	0.327183052908408	0.216756489477037
20	74	0.324879217088384	0.218630066758491
20	75	0.32267915455364	0.220466092138739
20	76	0.320520917810536	0.222278939407159
20	77	0.318403601274166	0.224003302762019
20	78	0.316326294709335	0.225747596315182
20	79	0.314288075815229	0.227453239293341
20	80	0.312288006584876	0.229122724265174
20	81	0.310325133096194	0.230744098450075
20	82	0.30839848827065	0.232359917481019
20	83	0.306507097027845	0.233946440802751
20	84	0.304649099277719	0.235486519118044
20	85	0.302854097332043	0.237007218521121
20	86	0.30104458201335	0.238502387664419
20	87	0.299276647687751	0.2399735413725
20	88	0.297555373225575	0.24142237238791
20	89	0.295868352252563	0.242850749808573
20	90	0.294174001876599	0.244199677295741
20	91	0.292529453861124	0.245592693940578
20	92	0.290908996864939	0.246940855345549
20	93	0.289309155182045	0.248266712562554
20	94	0.287786763214646	0.249570630603253
20	95	0.286225255070333	0.250852892199024
20	96	0.284712834790018	0.252113691769877
20	97	0.283214311095706	0.253382812224641
20	98	0.28174228224533	0.254614675208829
20	99	0.280289588402875	0.255829944166568
20	100	0.278915241736142	0.256968599394956
20	101	0.277494785124905	0.258153804932018
20	102	0.276105598066934	0.259320301308992
20	103	0.274747092627465	0.260457458772903
20	104	0.273409359893301	0.261578566330959
20	105	0.272077631048425	0.262683613133948
20	106	0.270775741229847	0.263772979544498
20	107	0.269492385060954	0.264847033490408
20	108	0.268245945025263	0.265906130978637
20	109	0.266999990281089	0.266950616583417
20	110	0.265771328567103	0.267980823910007
20	111	0.264559559192132	0.268997076035554
20	112	0.263364293628472	0.269999685928376
20	113	0.262185155073255	0.270988956846948
20	114	0.26102177803212	0.271965182719741
20	115	0.259873807923743	0.272928648507014
20	116	0.258740900703821	0.27387963054558
20	117	0.257622722507229	0.274818396877506
20	118	0.25651894930712	0.275745207563634
20	119	0.255429266589853	0.276660314982755
20	120	0.25435336904465	0.277563964117243
20	121	0.25322992511077	0.278456392825853
20	122	0.252180717318729	0.279337832104394
20	123	0.251144431080965	0.280208506334911
20	124	0.250120795056116	0.281068633523993
20	125	0.249109545742392	0.281918425530761
20	126	0.248110427236836	0.282758088285085
20	127	0.247123191003544	0.283587821996527
20	128	0.246147595650219	0.284407821354475
20	129	0.245183406712495	0.285218275719927
20	130	0.244230396445467	0.286019369309331
20	131	0.243288343621943	0.286811281370873
20	132	0.242357033336954	0.287594186353599
20	133	0.241436256818074	0.288368254069698
20	134	0.240525811241188	0.289133649850294
20	135	0.239625499551306	0.289890534695043
20	136	0.238735130288123	0.290639065415839
20	137	0.237854517416006	0.291379394774892
20	138	0.236983480158129	0.29211167161745
20	139	0.23612184283452	0.292836040999409
20	140	0.235269434703789	0.293552644310028
20	141	0.234426089808333	0.294261619389999
20	142	0.233591646822852	0.294963100645043
20	143	0.232765948906013	0.295657219155263
20	144	0.231948843555133	0.296344102780407
20	145	0.231140182463768	0.297023876261249
20	146	0.230338666646513	0.297704503004722
20	147	0.229548238415988	0.298370195961243
20	148	0.22876589683644	0.299029131648379
20	149	0.227991501641845	0.299681423914361
20	150	0.227224916044649	0.300327183929451
20	151	0.226466006640365	0.300966520265602
20	152	0.225714643314364	0.301599538973317
20	153	0.224970699150775	0.30222634365582
20	154	0.224234050343387	0.302847035540644
20	155	0.2235045761085	0.303461713548759
20	156	0.222782158599644	0.30407047436132
20	157	0.222066682824108	0.304673412484142
20	158	0.221358036561232	0.305270620309986
20	159	0.220656110282429	0.305862188178747
20	160	0.219960797072876	0.306448204435628
20	161	0.219271992554875	0.30702875548736
20	162	0.218589594812834	0.307603925856573
20	163	0.21791350431987	0.308173798234361
20	164	0.217243623866002	0.308738453531122
20	165	0.216579858487947	0.309297970925734
20	166	0.215922115400481	0.309852427913135
20	167	0.215270303929399	0.310401900350353
20	168	0.214624335446041	0.310946462501051
20	169	0.213984123303409	0.311486187078645
20	170	0.213349582773863	0.312021145288035
20	171	0.212720630988416	0.312551406866004
20	172	0.212097186877613	0.313077040120336
20	173	0.211479171114025	0.31359811196769
20	174	0.210866506056344	0.314114687970281
20	175	0.210259115695097	0.314626832371401
20	176	0.209656925599976	0.315134608129834
20	177	0.209059862868802	0.315638076953183
20	178	0.208467856078108	0.316137299330165
20	179	0.207880835235361	0.316632334561901
20	180	0.207298731732813	0.317123240792227
20	181	0.206721478302979	0.317610075037082
20	182	0.206149008975752	0.318092893212975
20	183	0.205581259037126	0.318571750164584
20	184	0.205018164989545	0.319046699691508
20	185	0.204459664513844	0.319517794574196
20	186	0.203905696432787	0.319985086599093
20	187	0.203356200676176	0.320448626583013
20	188	0.202806541056627	0.320908464396776
20	189	0.202255551597878	0.32136464898813
20	190	0.201709911244422	0.32182007966366
20	191	0.201230593981647	0.322274210396674
20	192	0.200695467896066	0.322724569603128
20	193	0.200165506115687	0.323171205142824
20	194	0.199640646189855	0.323614164321229
20	195	0.199120825252267	0.324053493899829
20	196	0.198605980029597	0.324489240105884
20	197	0.198096046851935	0.324860413485358
20	198	0.197590961664984	0.32528912953654
20	199	0.197120244226025	0.325714397780639
20	200	0.196594686760246	0.326136262394354
20	201	0.196102960971296	0.32655476706071
20	202	0.195615394553692	0.32696995497566
20	203	0.195131925093482	0.327381868854237
20	204	0.194652490494836	0.327790550936267
20	205	0.194177028996757	0.328196042991658
20	206	0.193705479190447	0.328598386325294
20	207	0.193237780037306	0.328997621781537
20	208	0.192773870887473	0.329393789748366
20	209	0.19231369149889	0.329786930161164
20	210	0.191857182056815	0.330177082506169
20	211	0.191343248037498	0.330564285823604
20	212	0.190893900853449	0.330948578710512
20	213	0.190448046936518	0.331329999323292
20	214	0.190005628383725	0.331690974228102
20	215	0.189566587822033	0.332098237454066
20	216	0.189130831572903	0.332456654626382
20	217	0.188692215532099	0.33282730761189
20	218	0.188256649164531	0.333195407291022
20	219	0.18782409721582	0.333560982791681
20	220	0.187394524914024	0.333924062779303
20	221	0.186967897962228	0.334284675466409
20	222	0.186544182531714	0.334642848621921
20	223	0.186123345255683	0.334998609580229
20	224	0.185705353223482	0.335351985250039
20	225	0.185290173975308	0.335703002122979
20	226	0.184877775497358	0.336051686282001
20	227	0.184468126217385	0.336398063409558
20	228	0.184061195000615	0.33674215879558
20	229	0.183656951146007	0.337083997345247
20	230	0.18325536438281	0.337423603586565
20	231	0.182856404867377	0.33776100167775
20	232	0.18246004318021	0.338096215414436
20	233	0.182066250323195	0.338430497003107
20	234	0.181674997716996	0.33876334046924
20	235	0.181286257198567	0.339094045845039
20	236	0.180900001018761	0.339422634139224
20	237	0.180516201839986	0.339749126097738
20	238	0.1801348327339	0.340073542210988
20	239	0.179755867179092	0.340395902720795
20	240	0.179379279058729	0.340716227627062
20	241	0.179005042658151	0.341034536694153
20	242	0.178633132662368	0.341350849456993
20	243	0.17826352415345	0.341665185226897
20	244	0.17789619260778	0.341977563097128
20	245	0.177531113893152	0.342288001948181
20	246	0.177168264265687	0.342596520452821
20	247	0.176807620366562	0.34290313708085
20	248	0.17644215003024	0.343207870103634
20	249	0.176085754548702	0.343510737598383
20	250	0.17573150974936	0.343811757452186
20	251	0.175379394103612	0.34404991220957
20	252	0.175029386382664	0.344347289701079
20	253	0.174681465652207	0.34464287210913
20	254	0.174335611267206	0.344936676596158
20	255	0.173991802866802	0.345228720151299
20	256	0.17364846989531	0.345519019593124
20	257	0.173306615981569	0.345807591572181
20	258	0.172966812240372	0.346094452573344
20	259	0.172651935207279	0.346379618917987
20	260	0.172316969685477	0.346663106765981
20	261	0.17198399045166	0.34694493211753
20	262	0.171652977712701	0.347225110814847
20	263	0.171323911825801	0.347503658543679
20	264	0.170996773304457	0.347802801544559
20	265	0.170671542824484	0.348076796895555
20	266	0.17034820123003	0.348349265473738
20	267	0.170026729539533	0.348620221138948
20	268	0.169707108951559	0.348889677559474
20	269	0.169389320850497	0.349157648216339
20	270	0.169073346812032	0.349424146407505
20	271	0.168755564842844	0.34968918525197
20	272	0.168443492891641	0.349952777693781
20	273	0.168133157509673	0.350214936505949
20	274	0.167824542119535	0.350475674294276
20	275	0.167517630370334	0.350735003501085
20	276	0.167214376119081	0.35099293640886
20	277	0.166914823403275	0.351249485143792
20	278	0.166616719250355	0.351504661679239
20	279	0.166320054884104	0.351758477839091
20	280	0.166024821742573	0.352010945301046
20	281	0.165731011462982	0.352262075599797
20	282	0.165438615866982	0.352511880130131
20	283	0.165147626946291	0.35276037014994
20	284	0.164858036848735	0.35300755678314
20	285	0.164508802708446	0.353253451022511
20	286	0.164221987257743	0.353498063732445
20	287	0.163936547876945	0.353741405651615
20	288	0.163652477207146	0.353983487395551
20	289	0.163369767982201	0.354224319459146
20	290	0.163088413017444	0.354463912219065
20	291	0.162808405198882	0.354702275936089
20	292	0.162529737472891	0.354939420757366
20	293	0.162252402836414	0.355175356718591
20	294	0.161976394327664	0.355410093746106
20	295	0.161701705017339	0.355643641658926
20	296	0.161428328000361	0.35587601017069
20	297	0.161156256388129	0.356107208891536
20	298	0.160885483301299	0.35633724732991
20	299	0.160616001863086	0.356566134894298
20	300	0.160347805193084	0.356793880894895
20	301	0.160080886401617	0.357020494545206
20	302	0.159815238584598	0.35724598496358
20	303	0.159550854818911	0.357470361174683
20	304	0.159287728158296	0.357693632110904
20	305	0.159025851629744	0.35791580661371
20	306	0.158765218230383	0.358136893434936
20	307	0.158505820924858	0.358356901238022
20	308	0.158247652643183	0.358575838599192
20	309	0.15799070627907	0.35879371400859
20	310	0.157734974688709	0.359012857690359
20	311	0.157480450689996	0.359233823436982
20	312	0.157227127062192	0.359453448055598
20	313	0.156974996546002	0.359671747331339
20	314	0.156724051844052	0.359888737138767
20	315	0.156474285621754	0.360104433440717
20	316	0.156225690508543	0.360318852287061
20	317	0.155978259099463	0.360470974657125
20	318	0.155731983957081	0.360682887083285
20	319	0.155486857613725	0.360893570711963
20	320	0.155242872574007	0.361103041927048
20	321	0.155000021317617	0.36131131719198
20	322	0.154758296302379	0.361518413048004
20	323	0.154517689967517	0.361724346112335
20	324	0.154278194737149	0.361929133076251
20	325	0.154039803023943	0.362132790703094
20	326	0.153802507232944	0.362335335826196
20	327	0.153566299765537	0.362536785346729
20	328	0.153328727532622	0.362737156231467
20	329	0.153087118933463	0.362936465510476
20	330	0.152847243273833	0.363134730274725
20	331	0.152609064661652	0.363331967673614
20	332	0.152372546777812	0.363528194912436
20	333	0.152198688047162	0.363723429249754
20	334	0.151965381028663	0.363918975587333
20	335	0.151733623368489	0.36412621115025
20	336	0.151503377191042	0.364330701553453
20	337	0.151274604271649	0.364471406838932
20	338	0.151047266053428	0.364670392980907
20	339	0.150821323664563	0.364866620957379
20	340	0.150596737935995	0.365060087384015
20	341	0.150373469419522	0.365250789366578
20	342	0.150151478406293	0.36542722964548
20	343	0.149930724945698	0.36562401716941
20	344	0.149711168864653	0.365806762333678
20	345	0.149481329298807	0.36598695778001
20	346	0.149245983891158	0.366164601276814
20	347	0.149076779697537	0.366339691010642
20	348	0.148851650179872	0.366573260749515
20	349	0.148631632063165	0.366743239224815
20	350	0.1484375	0.366910661075503
20	351	0.148206773194797	0.367086400022634
20	352	0.148001676583375	0.367265599911723
20	353	0.147801430683477	0.36744405410673
20	354	0.147544995304118	0.36762177144651
20	355	0.147354433618526	0.367798761066272
20	356	0.147156262529621	0.367975032400369
20	357	0.14694922419983	0.368150595184614
20	358	0.146743010603671	0.368325459458126
20	359	0.146537601909378	0.368499635564697
20	360	0.146332976594524	0.368673134153677
20	361	0.146129111473481	0.368845966180366
20	362	0.145925981729411	0.369018142905907
20	363	0.145723560950731	0.36918967589668
20	364	0.145521821171996	0.369360577023195
20	365	0.145320732919112	0.369530858458471
20	366	0.145120265258786	0.369700532675912
20	367	0.144920385852093	0.369869612446662
20	368	0.14472106101204	0.37003811083646
20	369	0.144522255764959	0.370206041201975
20	370	0.14432393391559	0.370373417186631
20	371	0.144126058115659	0.370540252715924
20	372	0.143928589935751	0.370706561992235
20	373	0.143731489940285	0.370872359489138
20	374	0.14353471776535	0.371037659945206
20	375	0.143338232199171	0.371202478357334
20	376	0.143203026421194	0.371366829973567
20	377	0.143006987462046	0.371530730285453
20	378	0.142811107227815	0.371694195019922
20	379	0.142615341963395	0.371857240130709
20	380	0.142419647498334	0.37201988178932
20	381	0.142232227203581	0.37212110121931
20	382	0.142045693723875	0.372282985311381
20	383	0.141859951011528	0.372444515675566
20	384	0.141669445839053	0.372605709255509
20	385	0.141484261699602	0.372766583161107
20	386	0.141299724316021	0.372927154657035
20	387	0.141115820656106	0.373087441150905
20	388	0.140932537087622	0.373244900756727
20	389	0.14074985935479	0.373398894472048
20	390	0.140567772555699	0.373552273846461
20	391	0.140386261120752	0.373705040871978
20	392	0.140205308792281	0.373857197400809
20	393	0.140024898605431	0.374008745142996
20	394	0.139845012870456	0.374159685664147
20	395	0.139665633156514	0.374310020383309
20	396	0.139486740277111	0.374459750570979
20	397	0.139308314277274	0.374608877347257
20	398	0.139130334422595	0.37475740168017
20	399	0.138952779190224	0.37490532438416
20	400	0.138775626261939	0.375052646118758
20	401	0.138598852519375	0.375199367387449
20	402	0.138483469197767	0.375345488536729
20	403	0.138307381260785	0.375503117389254
20	404	0.138131598340302	0.375649285937349
20	405	0.137956094116166	0.375794958241763
20	406	0.137780841479792	0.375940140550643
20	407	0.137605812544137	0.376084839220681
20	408	0.137430978656359	0.376229060720553
20	409	0.137262317197785	0.376372811634281
20	410	0.137094583082959	0.376516098664482
20	411	0.136927498092825	0.376658928635519
20	412	0.136761062114113	0.37680130849652
20	413	0.136595275360709	0.376943245324276
20	414	0.136424117753616	0.377084746326001
20	415	0.136258820455491	0.377225818841935
20	416	0.136094412739244	0.377366470347801
20	417	0.135930606202779	0.377506708457081
20	418	0.135767390306778	0.377646540923129
20	419	0.135604761535064	0.377785975641081
20	420	0.135442716400023	0.377925020649578
20	421	0.135281251442303	0.37806368413228
20	422	0.135120363230524	0.378201974419155
20	423	0.134960048360991	0.378339899987554
20	424	0.134800303457412	0.378477469463034
20	425	0.134641125170612	0.3785536564637
20	426	0.134491492517749	0.378690540225528
20	427	0.134333638429065	0.378827094664929
20	428	0.134176341951017	0.37896332900354
20	429	0.134019599784199	0.379099252611477
20	430	0.133863408654851	0.379234875006552
20	431	0.133707765314618	0.379369311502395
20	432	0.133552666540309	0.379501789508723
20	433	0.133398109133656	0.379633810654337
20	434	0.133244089921085	0.37976537743403
20	435	0.133090605753483	0.379896492323049
20	436	0.132937653505968	0.380027157777304
20	437	0.132785230077669	0.380157376233576
20	438	0.1326333323915	0.380287150109719
20	439	0.132481957393942	0.380416481804866
20	440	0.132331102054828	0.380545373699623
20	441	0.132180763367131	0.380673828156275
20	442	0.132030938346751	0.380801847518969
20	443	0.131881624032308	0.380929434113917
20	444	0.13173281748494	0.381056590249579
20	445	0.131584515788096	0.38118331821685
20	446	0.131436716047341	0.381309620289249
20	447	0.131289415390154	0.381435498723099
20	448	0.13114261096574	0.381560703997605
20	449	0.130996299944832	0.381684979139841
20	450	0.130850479519503	0.381808839632595
20	451	0.130705146902981	0.381932287781171
20	452	0.130560299329461	0.382055325873062
20	453	0.130415934053924	0.38217795617813
20	454	0.130272048351958	0.382300180948779
20	455	0.130128639519577	0.382422002420125
20	456	0.129985704873046	0.382543422810163
20	457	0.12984324174871	0.382664444319936
20	458	0.129701247502819	0.382785069133697
20	459	0.129559719511357	0.382905299419076
20	460	0.129418655169883	0.383025137327236
20	461	0.129278051893354	0.383144584993034
20	462	0.129137907115971	0.383263644535179
20	463	0.128998218291011	0.383382318056384
20	464	0.128858982890672	0.383500607643521
20	465	0.128720198405912	0.383618515367776
20	466	0.128581862346295	0.383736043284791
20	467	0.128443972239836	0.383853193434819
20	468	0.128306525632849	0.383969967842865
20	469	0.128169520089794	0.384086368518835
20	470	0.128032953193134	0.384202397457677
20	471	0.127896822543182	0.384318056639518
20	472	0.127761125757958	0.384433348029812
20	473	0.127625860473044	0.38454827357947
20	474	0.127491024341443	0.384662835225001
20	475	0.127356615033439	0.384777034888645
20	476	0.127222630236455	0.384890874478506
20	477	0.127089067654915	0.385004355888686
20	478	0.126955925010114	0.385117480999411
20	479	0.126823200040076	0.385230251677163
20	480	0.126690890499423	0.385342669774806
20	481	0.126558994159246	0.385454737131714
20	482	0.126427508806971	0.385566455573891
20	483	0.12629643224623	0.385677826914097
20	484	0.126165762296737	0.38578885295197
20	485	0.126035496794157	0.385899535474145
20	486	0.125905633589983	0.386009876254372
20	487	0.125776170551411	0.386119877053636
20	488	0.125647105561221	0.386229539620271
20	489	0.125518436517648	0.386338865690077
20	490	0.125390161334271	0.38644785698643
20	491	0.125262277939886	0.3865565152204
20	492	0.125134784278394	0.386664842090858
20	493	0.125007678308679	0.386772839284585
20	494	0.124880958004496	0.386880508476386
20	495	0.124754621354357	0.386987851329192
20	496	0.124628666361414	0.38709486949417
20	497	0.124503091043349	0.387201564610825
20	498	0.124377893432262	0.387307938307108
20	499	0.124253071574561	0.387413992199516
20	500	0.124128623530852	0.387519727893194
20	501	0.124004547375831	0.387625146982037
20	502	0.123880841198177	0.387730251048789
20	503	0.123757503100444	0.387835041665141
20	504	0.123634531198958	0.38793952039183
20	505	0.123511923623709	0.388043688778732
20	506	0.12338967851825	0.388147548364964
20	507	0.123267794039594	0.38825110067897
20	508	0.12314626835811	0.38835434723862
20	509	0.123025099657423	0.388457289551302
20	510	0.122904286134315	0.388559929114012
20	511	0.122783825998624	0.388662267413443
20	512	0.122663717473143	0.38876430592608
20	513	0.122543958793529	0.388866046118281
20	514	0.122424548208198	0.38896748944637
20	515	0.122305483978233	0.389068637356724
20	516	0.122186764377289	0.389169491285854
20	517	0.122068387691496	0.389270052660494
20	518	0.121950352219363	0.389370322897685
20	519	0.121832656271691	0.389470303404856
20	520	0.121715298171473	0.389569995579908
20	521	0.121598276253806	0.389669400811293
20	522	0.1214815888658	0.389768520478097
20	523	0.121365234366486	0.389867355950122
20	524	0.121249211126723	0.389965908587957
20	525	0.121133517529114	0.390064179743066
20	526	0.121018151967914	0.390162170757856
20	527	0.120903112848943	0.390259882965762
20	528	0.120788398589495	0.390357317691317
20	529	0.120674007618257	0.390454476250227
20	530	0.120559938375218	0.390551359949451
20	531	0.120446189311583	0.390647970087266
20	532	0.12033275888969	0.390744307953348
20	533	0.120219645582924	0.390840374828839
20	534	0.120106847875634	0.390936171986417
20	535	0.119994364263047	0.391031700690373
20	536	0.119882193251187	0.391126962196675
20	537	0.119770333356791	0.391221957753039
20	538	0.119658783107228	0.391316688598997
20	539	0.119547541040414	0.391411155965967
20	540	0.119436605704739	0.391505361077318
20	541	0.119325975658975	0.391599305148435
20	542	0.119215649472207	0.391692989386788
20	543	0.119105625723743	0.391786414991998
20	544	0.118995903003045	0.391879583155896
20	545	0.11888647990964	0.391972495062591
20	546	0.118777355053051	0.392065151888535
20	547	0.118668527052712	0.39215755480258
20	548	0.118559994537894	0.392249704966045
20	549	0.118451756147629	0.392341603532774
20	550	0.118343810530628	0.3924332516492
20	551	0.118236156345212	0.392524650454403
20	552	0.118128792259232	0.39261580108017
20	553	0.118021716949992	0.392706704651055
20	554	0.11791492910418	0.392797362284435
20	555	0.117808427417788	0.392887775090573
20	556	0.117702210596038	0.392977944172668
20	557	0.117596277353314	0.39306787062692
20	558	0.11749062641308	0.393157555542579
20	559	0.117385256507814	0.393247000002007
20	560	0.117280166378933	0.393336205080728
20	561	0.117175354776718	0.393425171847486
20	562	0.117070820460248	0.393513901364297
20	563	0.116966562197323	0.393602394686505
20	564	0.116862578764393	0.393690652862834
20	565	0.116758868946493	0.39377867693544
20	566	0.116655431537166	0.393866467939963
20	567	0.116552265338394	0.393954026905581
20	568	0.116449369160532	0.394041354855059
20	569	0.116346741822234	0.3941284528048
20	570	0.116244382150388	0.394215321764896
20	571	0.116142288980044	0.394301962739177
20	572	0.116040461154344	0.394388376725261
20	573	0.11593889752446	0.394474564714603
20	574	0.115837596949522	0.394560527692541
20	575	0.11573655829655	0.394646266638349
20	576	0.115635780440387	0.394731782525277
20	577	0.115535262263636	0.394817076320607
20	578	0.115435002656589	0.394902148985692
20	579	0.115303317395673	0.394987001476006
20	580	0.11520378872812	0.395071634741189
20	581	0.115104517620113	0.395156049725094
20	582	0.115005502934754	0.395240247365828
20	583	0.114906743542291	0.395324228595799
20	584	0.114808238320073	0.395407994341763
20	585	0.114709986152498	0.395491545524861
20	586	0.114611985930966	0.395574883060669
20	587	0.11451423655383	0.395658007859237
20	588	0.11441673692635	0.395740920825131
20	589	0.114319485960644	0.395823622857479
20	590	0.11422248257564	0.395906114850011
20	591	0.114125725697032	0.395988397691097
20	592	0.114029214257229	0.396070472263795
20	593	0.113932947195314	0.396152339445884
20	594	0.113836923456992	0.396234000109911
20	595	0.113741141994549	0.396315455123226
20	596	0.113645601766804	0.396396705348025
20	597	0.113550301739064	0.396477751641387
20	598	0.113455240883079	0.396558594855313
20	599	0.113360418176997	0.396639235836768
20	600	0.11326583260532	0.396719675427714
20	601	0.113171483158858	0.396799914465152
20	602	0.113077368834687	0.396879953781156
20	603	0.112983488636105	0.396959794202914
20	604	0.112889841572587	0.397039436552763
20	605	0.112796426659741	0.397118881648224
20	606	0.112703242919268	0.397198130302042
20	607	0.112610289378917	0.397277183322217
20	608	0.112517565072441	0.397356041512046
20	609	0.112425069039558	0.397434705670151
20	610	0.112332800325905	0.39751317659052
20	611	0.112240757983	0.397591455062538
20	612	0.112148941068197	0.397669541871024
20	613	0.112057348644645	0.397747437796263
20	614	0.111965979781248	0.397830181792838
20	615	0.111874833552622	0.397907667983315
20	616	0.111783909039059	0.397984965424171
20	617	0.111693205326477	0.398062074883027
20	618	0.111602721506389	0.398138997123126
20	619	0.111512456675857	0.398215732903366
20	620	0.111422409937456	0.398292282978333
20	621	0.111332580399229	0.398368648098328
20	622	0.111242967174653	0.398444829009403
20	623	0.111153569382595	0.398520826453386
20	624	0.111064386147275	0.398596641167914
20	625	0.110975416598229	0.398672273886465
20	626	0.110886659870264	0.398747725338384
20	627	0.110798115103427	0.398822996248914
20	628	0.11070978144296	0.398898087339226
20	629	0.110621658039267	0.398972999326444
20	630	0.110533744047872	0.399047732923683
20	631	0.110446038629384	0.399122288840065
20	632	0.110358540949458	0.399196667780757
20	633	0.110271250178759	0.399270870446995
20	634	0.110184165492921	0.399344897536113
20	635	0.110097286072514	0.399418749741569
20	636	0.110010611103008	0.399492427752974
20	637	0.109924139774732	0.399565932256117
20	638	0.109837871282839	0.399639263932994
20	639	0.109751804827274	0.399712423461834
20	640	0.109665939612731	0.399785411517124
20	641	0.109580274848623	0.39985822876964
20	642	0.109494809749043	0.399930875886464
20	643	0.109409543532731	0.400003353531019
20	644	0.109324475423036	0.400075662363089
20	645	0.109239604647883	0.400147803038847
20	646	0.109154930439737	0.400219776210879
20	647	0.10907045203557	0.400291582528207
20	648	0.108986168676823	0.400363222636319
20	649	0.108902079609376	0.400434697177188
20	650	0.108818184083511	0.4005060067893
20	651	0.10873448135388	0.400577152107676
20	652	0.108650970679468	0.400648133763895
20	653	0.108567651323563	0.400718952386123
20	654	0.108484522553723	0.400789608599129
20	655	0.108401583641738	0.400860103024316
20	656	0.108318833863602	0.400930436279738
20	657	0.108236272499479	0.401000608980125
20	658	0.108153898833668	0.401070621736907
20	659	0.108071712154573	0.401140475158236
20	660	0.107989711754673	0.401210169849008
20	661	0.107907896930483	0.401279706410885
20	662	0.107826266982529	0.401349085442318
20	663	0.107744821215313	0.401418307538567
20	664	0.107663558937283	0.401487373291725
20	665	0.107582479460802	0.401556283290739
20	666	0.107501582102113	0.401625038121429
20	667	0.107420866181313	0.401693638366514
20	668	0.107340331022323	0.401762084605627
20	669	0.107259975952851	0.401830377415341
20	670	0.107179800304367	0.401898517369186
20	671	0.107099803412075	0.401966505037674
20	672	0.107019984614875	0.402034340988313
20	673	0.106940343255341	0.402102025785633
20	674	0.106860878679688	0.402169559991202
20	675	0.106781590237744	0.40223694416365
20	676	0.106702477282919	0.402304178858684
20	677	0.106623539172178	0.402371264629112
20	678	0.106544775266011	0.402438202024857
20	679	0.106466184928406	0.402504991592984
20	680	0.10638776752682	0.402571633877711
20	681	0.106309522432148	0.402638129420433
20	682	0.106231449018701	0.402704478759741
20	683	0.106153546664172	0.402770682431436
20	684	0.106075814749613	0.402836740968552
20	685	0.105998252659406	0.402902654901375
20	686	0.105920859781235	0.402968424757457
20	687	0.105843635506059	0.403034051061635
20	688	0.105766579228089	0.403099534336054
20	689	0.105689690344756	0.403164875100179
20	690	0.105612968256688	0.403230073870815
20	691	0.105536412367682	0.403295131162123
20	692	0.10546002208468	0.403360047485641
20	693	0.105383796817743	0.403424823350297
20	694	0.105307735980022	0.403489459262429
20	695	0.105231838987738	0.403553955725802
20	696	0.105156105260152	0.403618313241623
20	697	0.105080534219544	0.403682532308557
20	698	0.105005125291185	0.403746613422748
20	699	0.104929877903313	0.403810557077832
20	700	0.104854791487111	0.403874363764954
20	701	0.10477986547668	0.403938033972782
20	702	0.104705099309018	0.40400156818753
20	703	0.104630492423992	0.404064966892966
20	704	0.104556044264317	0.404128230570433
20	705	0.104481754275534	0.404191359698861
20	706	0.104407621905985	0.404254354754787
20	707	0.104333646606789	0.404317216212368
20	708	0.104259827831821	0.404379944543394
20	709	0.104186165037689	0.404442540217308
20	710	0.104112657683712	0.404505003701219
20	711	0.104039305231896	0.404567335459917
20	712	0.103966107146915	0.404629535955885
20	713	0.103893062896085	0.404691605649321
20	714	0.103820171949348	0.404753544998146
20	715	0.103747433779246	0.404815354458021
20	716	0.1036748478609	0.404877034482361
20	717	0.103602413671994	0.404938585522352
20	718	0.103530130692747	0.405000008026962
20	719	0.103457998405898	0.405061302442954
20	720	0.103386016296682	0.405122469214905
20	721	0.103314183852814	0.405183508785216
20	722	0.103242500564464	0.405244421594127
20	723	0.103170965924242	0.405305208079732
20	724	0.103099579427172	0.40536586867799
20	725	0.103028340570682	0.405426403822739
20	726	0.102957248854575	0.405486813945712
20	727	0.102886303781018	0.405547099476549
20	728	0.102815504854515	0.405607260842807
20	729	0.102743952327224	0.40566729846998
20	730	0.102671471849816	0.405727212781503
20	731	0.102599169193792	0.405787004198775
20	732	0.102527043901984	0.405846673141163
20	733	0.102455095516406	0.405906220026019
20	734	0.102383323578249	0.405965645268694
20	735	0.102311727627875	0.406024949282547
20	736	0.102240307204813	0.406084132478959
20	737	0.102169061847755	0.406143195267346
20	738	0.102097991094549	0.40620213805517
20	739	0.102027094482197	0.406260961247953
20	740	0.10195637154685	0.406319665249286
20	741	0.101885821823803	0.406378250460845
20	742	0.101815444847495	0.406436717282399
20	743	0.101745240151501	0.406495066111824
20	744	0.101675207268534	0.406553297345116
20	745	0.101605345730439	0.406611411376399
20	746	0.101535655068194	0.40666940859794
20	747	0.101527169968152	0.406727289400157
20	748	0.101457819647047	0.406785054171634
20	749	0.101388638789486	0.40684270329913
20	750	0.101319626922949	0.406900237167591
20	751	0.101250783574043	0.406957656160162
20	752	0.101182108268493	0.407014960658195
20	753	0.101113600531148	0.407072151041264
20	754	0.10104525988598	0.407129227687173
20	755	0.100977085856079	0.407186190971967
20	756	0.100909077963659	0.407243041269945
20	757	0.100841235730058	0.407299778953668
20	758	0.100773558675733	0.407356404393971
20	759	0.100706046320269	0.407412917959973
20	760	0.100638698182374	0.407469320019088
20	761	0.100571513779885	0.407525610937034
20	762	0.100504492629765	0.407581791077844
20	763	0.100437634248111	0.407637860803879
20	764	0.100370938150151	0.407693820475832
20	765	0.100304403850249	0.407749670452743
20	766	0.100238030861907	0.407805411092008
20	767	0.10017181869777	0.407861042749388
20	768	0.100105766869624	0.407916565779017
20	769	0.100039874888406	0.407971980533418
20	770	0.0999741422642041	0.408027351553573
20	771	0.099908568506261	0.408083516262353
20	772	0.0998431531229798	0.408139565722313
20	773	0.0997778956219274	0.408195500271246
20	774	0.0997127955098396	0.408251320245944
20	775	0.0996478522926256	0.408307025982209
20	776	0.0995830654753732	0.408362617814859
20	777	0.0995184345623541	0.408418096077734
20	778	0.0994539590570294	0.408473461103702
20	779	0.0993896384620552	0.408528713224664
20	780	0.0993254722792888	0.408583852771564
20	781	0.0992614600097944	0.408638880074391
20	782	0.0991976011538499	0.408693795462188
20	783	0.0991338952109534	0.408748599263055
20	784	0.0990703416798297	0.40880329180416
20	785	0.0990069400584377	0.408857873411739
20	786	0.0989436898439774	0.408912344411105
20	787	0.098880590532897	0.408966705126653
20	788	0.0988105491621619	0.409020955881868
20	789	0.0987874342288599	0.409075096999325
20	790	0.0986733600370608	0.4091291288007
20	791	0.0986467104179573	0.409183051606773
20	792	0.0985502471495727	0.409236865737433
20	793	0.0984764595842089	0.409290571511686
20	794	0.098463857607759	0.409344169247655
20	795	0.0983903709777287	0.409397659262592
20	796	0.0983191992865319	0.409451041872877
20	797	0.0982574996824007	0.409504317394027
20	798	0.0981959318204026	0.409557486140701
20	799	0.0981344952090022	0.409610548426699
20	800	0.0980731893572188	0.409663504564978
20	801	0.0980120137746334	0.409716354867644
20	802	0.0979509679713972	0.409769099645968
20	803	0.097890051458239	0.409821739210382
20	804	0.097829263746473	0.409874273870491
20	805	0.0977686043480075	0.409926703935071
20	806	0.0977080727753522	0.409979029712078
20	807	0.0976476685416269	0.410031251508651
20	808	0.0975873911605699	0.410022334474865
20	809	0.0975272401465461	0.410074349228738
20	810	0.0974672150145554	0.410126260918734
20	811	0.0974073152802417	0.410178069848767
20	812	0.0973475404599011	0.410229776321955
20	813	0.0972878900704908	0.410281380640625
20	814	0.0972283636296381	0.410332883106316
20	815	0.0971689606556487	0.410384284019784
20	816	0.0971096806675165	0.410435583681006
20	817	0.0970505231849316	0.410486782389182
20	818	0.0969914877282903	0.410537880442742
20	819	0.0969325738187039	0.410588878139347
20	820	0.0968737809780077	0.410639775775893
20	821	0.0968151087287708	0.410690573648518
20	822	0.0967565565943051	0.410741272052602
20	823	0.0966981240986747	0.41079187128277
20	824	0.0966398107667059	0.410842371632899
20	825	0.0965816161239958	0.410892773396119
20	826	0.0965235396969231	0.410943076864819
20	827	0.0964655810126567	0.410993282330646
20	828	0.0964077395991663	0.411043390084513
20	829	0.0963500149852312	0.411093400416597
20	830	0.0962924067004513	0.41114331361635
20	831	0.0962349142752559	0.411193129972494
20	832	0.0961775372409144	0.411242849773029
20	833	0.0961202751295457	0.411292473305235
20	834	0.0960631274741289	0.411342000855674
20	835	0.0960060938085125	0.411391432710196
20	836	0.0959491736674254	0.411440769153936
20	837	0.0958923665864864	0.411490010471325
20	838	0.0958356721022145	0.411539156946086
20	839	0.0957790897520396	0.41158820886124
20	840	0.0957226190743122	0.411637166499108
20	841	0.0956662596083138	0.411686030141314
20	842	0.0956100108942676	0.41173480006879
20	843	0.0955538724733485	0.411783476561771
20	844	0.0954978438876935	0.411832059899808
20	845	0.0954419246804124	0.411880550361763
20	846	0.095386114395598	0.411928948225813
20	847	0.0953304125783366	0.411977253769456
20	848	0.0952748187747187	0.41202546726951
20	849	0.0952193325318492	0.412073589002114
20	850	0.0951639533978582	0.412121619242735
20	851	0.0951086809219116	0.412169558266167
20	852	0.0950535146542213	0.412217406346535
20	853	0.0949984541460561	0.412265163757295
20	854	0.0949434989497525	0.412312830771238
20	855	0.0948886486187249	0.412360407660492
20	856	0.0948339027074763	0.412407894696525
20	857	0.0947792607716092	0.412455292150143
20	858	0.0947247223678362	0.412502600291497
20	859	0.0946092518977403	0.412549819390083
20	860	0.0945549192327862	0.412596949714742
20	861	0.0945006887768302	0.412643991533668
20	862	0.0944465600911315	0.4126909451144
20	863	0.0943925327381126	0.412737810723834
20	864	0.09433860628137	0.412784588628218
20	865	0.0942847802856848	0.412831279093158
20	866	0.0942310543170337	0.412877882383616
20	867	0.0941774279425991	0.412924398763914
20	868	0.0941239007307802	0.412970828497737
20	869	0.0940704722512035	0.413017171848131
20	870	0.0940171420747333	0.413063429077507
20	871	0.0939639097734827	0.413109600447642
20	872	0.0939107749208238	0.413155686219682
20	873	0.0938577370913985	0.413201686654139
20	874	0.093804795861129	0.4132476020109
20	875	0.0937519508072286	0.41329343254922
20	876	0.0936992015082118	0.41333917852773
20	877	0.0936465475439053	0.413384840204435
20	878	0.0935939884954581	0.413430417836715
20	879	0.0935415239453525	0.41347591168133
20	880	0.0934891534774139	0.413521321994417
20	881	0.0934368766768217	0.413566649031493
20	882	0.0933846931301195	0.413611893047458
20	883	0.0933326024252259	0.413657054296592
20	884	0.093280604151444	0.41370213303256
20	885	0.0932286978994726	0.413747129508413
20	886	0.0931768832614159	0.413792043976586
20	887	0.0931251598307941	0.4138368766889
20	888	0.0930735272025533	0.413881627896568
20	889	0.0930219849730761	0.413926297850187
20	890	0.0929705327401913	0.413970886799748
20	891	0.0929191701031842	0.414015394994632
20	892	0.0928678966628068	0.414059822683611
20	893	0.0928167120212876	0.41410417011485
20	894	0.0927656157823415	0.414148437535908
20	895	0.0927146075511801	0.414192625193739
20	896	0.0926634961884865	0.414236733334693
20	897	0.0926117873751332	0.414282410687493
20	898	0.0925601652981785	0.414333887760992
20	899	0.0925086297100854	0.414385273134829
20	900	0.0924571803641743	0.414436566837718
20	901	0.0924058170146211	0.414426733742029
20	902	0.0923545394164552	0.414477844188786
20	903	0.0923033473255579	0.414521890820917
20	904	0.0922522404986601	0.414605915080301
20	905	0.0922012186933414	0.414628914250755
20	906	0.0921502816680274	0.414651923560261
20	907	0.0920994291819888	0.41473597823661
20	908	0.0920486609953394	0.414768946741
20	909	0.0919979768690345	0.414814970584618
20	910	0.0919473765648693	0.414860907369291
20	911	0.0918968598454776	0.41490675724503
20	912	0.0918464264743301	0.414952520361804
20	913	0.0917960762157328	0.414998196869547
20	914	0.0917458088348258	0.41504378691816
20	915	0.0916956240975817	0.415089290657514
20	916	0.0916455217708044	0.415073673081206
20	917	0.0915955016221274	0.415119004651559
20	918	0.0915455634200128	0.415164250362133
20	919	0.0914957069337498	0.415209410362719
20	920	0.0914459319334534	0.4152544848031
20	921	0.0913962381900632	0.415299473833053
20	922	0.091346625475342	0.415344377602351
20	923	0.0912970935618749	0.415389196260767
20	924	0.0912476422230675	0.415433929958078
20	925	0.0911982712331453	0.415478578844071
20	926	0.0911489803671521	0.415523143068539
20	927	0.0910997694009491	0.415566691863036
20	928	0.0910506381112136	0.415608448002513
20	929	0.0910015862754378	0.415650135120035
20	930	0.0909526136719278	0.415691753421255
20	931	0.0909037200798024	0.415733303111101
20	932	0.0908549052789921	0.415774784393775
20	933	0.0908061690502377	0.415816197472757
20	934	0.0907575111750899	0.415857542550803
20	935	0.0907089314359072	0.415898819829951
20	936	0.0906604296158556	0.415940029511518
20	937	0.0906120054989074	0.415981171796106
20	938	0.0905636588698396	0.416022246883601
20	939	0.0905153895142338	0.416063254973173
20	940	0.0904671972184741	0.416104196263281
20	941	0.0904190817697468	0.416145070951673
20	942	0.0903710429560389	0.416185879235387
20	943	0.0903230805661372	0.416226621310753
20	944	0.0902751943896271	0.416267799731533
20	945	0.090227384216892	0.416308479738037
20	946	0.0901796498391114	0.416349095226353
20	947	0.0901319910482606	0.416389646366295
20	948	0.0900844076371093	0.416430133327055
20	949	0.0900368993992203	0.416470556277202
20	950	0.0899894661289487	0.416510915384689
20	951	0.0899421076214409	0.416551210816852
20	952	0.0898948236726331	0.416591442740415
20	953	0.0898476140792503	0.416631611321492
20	954	0.0898004786388055	0.416671716725591
20	955	0.0897534171495981	0.416711759117618
20	956	0.089706429410713	0.416751738661875
20	957	0.0896595152220193	0.416791900987045
20	958	0.0896126743841694	0.416832074106511
20	959	0.0895659066985974	0.416872185039318
20	960	0.0895192119675182	0.416912233930252
20	961	0.0894725899939258	0.416952220923568
20	962	0.089426040581593	0.416992146162997
20	963	0.089379563535069	0.417032009791746
20	964	0.0893331586596791	0.417071811952504
20	965	0.0892868257615225	0.417111552787445
20	966	0.0892405646474718	0.417151232438232
20	967	0.0891943751251713	0.417190851046023
20	968	0.0891482570030356	0.417230408751473
20	969	0.089102210090248	0.417269905694735
20	970	0.0890562341967597	0.417309342015471
20	971	0.0890103291332881	0.417348717852849
20	972	0.088964494711315	0.41738803334555
20	973	0.0889187307430856	0.41742728863177
20	974	0.0888730370416068	0.417466483849227
20	975	0.0888274134206458	0.417505619135161
20	976	0.0887818596947284	0.417544694626339
20	977	0.0887363756791374	0.41758371045906
20	978	0.0886909611899114	0.417622666769156
20	979	0.0886456160438426	0.417661563691998
20	980	0.0886003400584756	0.417700401362497
20	981	0.0885551330521053	0.417739179915111
20	982	0.0885099948437759	0.417777899483845
20	983	0.0884649252532783	0.417816560202258
20	984	0.0884199241011489	0.417855162203462
20	985	0.0883749912086678	0.41789370562013
20	986	0.0883301263978567	0.417932190584496
20	987	0.0882853294914771	0.417970617228361
20	988	0.0882406003130287	0.418008985683094
20	989	0.0881703328659583	0.418047296079638
20	990	0.0881253911578091	0.418085548548509
20	991	0.088080519658344	0.418123743219805
20	992	0.088035718177475	0.418161880223206
20	993	0.0879909865258162	0.418199959687975
20	994	0.0879463245146816	0.418237981742966
20	995	0.0879017319560827	0.418275946516626
20	996	0.0878572086627263	0.418313854136993
20	997	0.0878127544480121	0.418351704731709
20	998	0.0877683691260307	0.418389498428012
20	999	0.0877240525115607	0.418427235352748
20	1000	0.0876798044200671	0.418464915632369
